Time,LXpix,LYpix,RXpix,RYpix,LXhref,LYhref,RXhref,RYhref,LP,RP
6289448,462.34,312.075,469.46,309.225,1091,3065,1166,3035,1442,2008
6289450,456.82,312.225,463.7,309.6,1092,3053,1165,3027,1439,2010
6289452,457.3,312.825,463.62,310.2,1097,3060,1164,3034,1440,2009
6289454,457.78,313.2,464.02,310.2,1102,3065,1169,3034,1434,2017
6289456,458.5,312.3,463.94,311.25,1110,3055,1168,3045,1437,2017
6289458,457.46,312.675,464.26,311.475,1100,3058,1171,3047,1437,2018
6289460,457.22,312,464.1,310.875,1097,3051,1170,3041,1436,2016
6289462,456.66,312.6,464.1,310.725,1091,3057,1170,3039,1440,2014
6289464,457.7,313.575,464.18,311.7,1102,3068,1171,3050,1434,2020
6289466,456.82,312.75,464.18,311.775,1093,3058,1171,3051,1435,2018
6289468,457.38,312.825,464.34,311.55,1099,3059,1173,3049,1438,2020
6289470,457.46,314.325,464.18,312.375,1100,3076,1171,3058,1437,2024
6289472,458.26,313.95,464.34,312.15,1109,3072,1173,3055,1431,2023
6289474,457.78,314.325,464.34,312.9,1103,3076,1173,3063,1442,2025
6289476,457.14,313.95,464.02,313.65,1097,3072,1170,3071,1436,2023
6289478,457.38,315.3,464.26,313.125,1100,3087,1173,3065,1437,2027
6289480,458.1,314.475,463.94,313.425,1107,3078,1170,3068,1436,2024
6289482,457.14,314.55,464.02,313.95,1098,3079,1170,3074,1438,2023
6289484,458.58,314.625,463.78,314.625,1113,3080,1168,3082,1437,2024
6289486,458.02,314.55,464.02,313.95,1107,3079,1171,3075,1440,2024
6289488,456.98,314.1,463.94,313.95,1097,3074,1170,3075,1438,2025
6289490,458.58,315.9,463.7,314.025,1113,3094,1167,3075,1434,2022
6289492,457.86,314.55,463.54,313.725,1106,3080,1166,3073,1432,2022
6289494,458.18,315,463.78,314.1,1109,3084,1169,3076,1438,2020
6289496,457.14,313.8,463.7,314.55,1099,3071,1168,3082,1437,2021
6289498,457.54,315.6,463.7,313.575,1103,3091,1168,3072,1437,2024
6289500,457.94,315.075,463.62,314.1,1107,3086,1168,3077,1443,2021
6289502,457.14,314.475,463.46,313.8,1099,3079,1166,3074,1443,2028
6289504,457.78,314.625,463.7,313.35,1105,3082,1168,3070,1438,2028
6289506,457.7,314.925,463.54,313.35,1105,3085,1167,3069,1449,2027
6289508,457.86,314.325,463.46,313.725,1107,3078,1166,3074,1441,2028
6289510,457.7,314.1,463.54,312.75,1105,3076,1168,3063,1445,2032
6289512,457.54,314.7,463.86,312.15,1104,3082,1171,3057,1443,2029
6289514,458.18,314.025,463.22,312.75,1111,3075,1164,3063,1443,2029
6289516,457.3,312.975,463.46,312.75,1101,3064,1166,3063,1448,2030
6289518,457.38,314.325,463.3,312.3,1102,3078,1165,3058,1444,2031
6289520,457.7,313.425,463.22,311.85,1106,3069,1164,3054,1442,2031
6289522,457.38,312.975,463.06,312.075,1102,3064,1162,3056,1443,2029
6289524,458.1,313.05,463.22,312.3,1110,3065,1164,3059,1443,2031
6289526,457.94,313.275,462.9,311.85,1109,3067,1161,3054,1447,2034
6289528,457.94,313.65,463.3,311.925,1108,3072,1165,3055,1440,2032
6289530,457.14,312.375,463.14,312.45,1100,3057,1163,3060,1441,2030
6289532,457.86,312.675,462.98,312.15,1107,3061,1162,3057,1442,2029
6289534,457.62,312.675,463.38,312.375,1105,3060,1166,3060,1439,2033
6289536,457.38,313.5,463.06,312.3,1102,3070,1163,3058,1444,2029
6289538,458.02,313.425,463.06,312.9,1109,3069,1162,3065,1441,2031
6289540,458.02,313.425,462.98,312.6,1109,3069,1162,3061,1439,2028
6289542,457.38,313.8,463.22,312.675,1102,3073,1164,3062,1439,2029
6289544,458.26,313.95,463.54,312.675,1111,3074,1167,3062,1440,2031
6289546,458.42,314.025,463.22,312.825,1113,3075,1164,3064,1444,2032
6289548,458.18,313.35,463.06,313.275,1111,3067,1162,3068,1438,2030
6289550,458.34,314.175,462.82,313.05,1112,3076,1160,3065,1440,2028
6289552,458.42,314.025,463.3,313.35,1114,3075,1165,3069,1442,2031
6289554,458.34,314.175,463.46,313.95,1113,3076,1167,3075,1440,2031
6289556,458.66,315.15,463.14,314.1,1116,3087,1164,3077,1442,2028
6289558,458.74,314.175,463.22,313.2,1118,3077,1165,3067,1438,2029
6289560,458.02,313.725,463.14,313.425,1110,3071,1164,3069,1439,2028
6289562,458.9,315,463.14,313.425,1119,3086,1164,3069,1442,2029
6289564,458.74,313.875,463.06,313.275,1118,3073,1163,3068,1442,2029
6289566,458.26,314.775,462.82,313.125,1112,3082,1161,3066,1443,2030
6289568,459.22,313.95,462.82,313.8,1123,3073,1161,3073,1438,2027
6289570,459.06,314.1,462.5,313.2,1121,3075,1158,3067,1442,2030
6289572,458.74,314.025,462.82,314.025,1118,3074,1161,3076,1442,2027
6289574,458.58,314.175,462.82,313.425,1116,3076,1162,3069,1443,2028
6289576,458.98,315.225,462.66,313.65,1120,3087,1160,3072,1440,2030
6289578,458.5,313.425,462.74,313.05,1116,3068,1161,3065,1440,2029
6289580,459.3,313.875,462.74,313.2,1124,3073,1161,3067,1448,2027
6289582,458.74,314.025,462.18,313.2,1118,3074,1155,3066,1444,2031
6289584,458.18,314.85,462.34,313.725,1113,3083,1157,3073,1444,2025
6289586,458.9,314.025,461.86,313.35,1120,3074,1152,3068,1443,2030
6289588,458.9,314.25,462.18,313.425,1120,3077,1155,3069,1446,2028
6289590,459.22,313.95,461.94,313.2,1124,3074,1153,3066,1440,2028
6289592,458.58,314.1,462.34,313.575,1117,3075,1157,3071,1442,2029
6289594,459.38,315.45,462.1,313.5,1125,3090,1155,3070,1449,2029
6289596,459.3,314.7,461.78,314.175,1125,3082,1151,3078,1444,2029
6289598,459.46,314.25,462.1,313.725,1126,3077,1155,3073,1448,2029
6289600,459.7,314.25,462.18,314.625,1128,3078,1155,3083,1447,2025
6289602,459.22,314.1,462.1,314.025,1124,3076,1154,3076,1452,2027
6289604,459.14,314.55,461.62,314.025,1123,3081,1149,3076,1451,2029
6289606,459.3,314.925,461.78,313.875,1124,3085,1150,3074,1457,2030
6289608,459.38,314.25,461.94,314.625,1126,3078,1152,3083,1452,2028
6289610,459.3,314.925,462.18,314.175,1124,3085,1155,3078,1450,2030
6289612,459.46,314.85,461.62,314.925,1126,3085,1149,3086,1452,2027
6289614,458.74,315.075,461.54,315.075,1118,3087,1148,3088,1456,2035
6289616,458.58,314.025,461.62,314.85,1116,3075,1148,3086,1452,2026
6289618,460.34,314.475,460.9,314.85,1134,3081,1140,3086,1453,2033
6289620,459.54,315.15,461.38,315.3,1125,3088,1145,3091,1449,2031
6289622,459.62,313.95,460.82,314.925,1127,3076,1139,3087,1448,2031
6289624,459.78,315.6,460.98,314.7,1127,3094,1141,3085,1446,2031
6289626,459.46,314.1,460.66,314.925,1125,3077,1137,3087,1443,2028
6289628,459.94,314.925,461.54,314.4,1129,3086,1147,3081,1449,2028
6289630,460.02,314.4,460.34,314.025,1130,3080,1134,3077,1450,2033
6289632,459.22,313.35,460.42,314.85,1122,3069,1134,3086,1447,2028
6289634,460.26,313.65,460.34,314.7,1132,3073,1133,3084,1445,2030
6289636,460.5,315,460.26,314.325,1134,3088,1131,3081,1447,2033
6289638,459.62,314.775,459.94,314.7,1125,3085,1128,3084,1444,2029
6289640,460.66,315.75,459.94,314.85,1134,3096,1127,3086,1448,2030
6289642,458.74,314.55,460.26,315.45,1114,3082,1131,3093,1449,2035
6289644,460.42,313.875,460.26,315.075,1132,3075,1130,3089,1447,2033
6289646,459.62,315.525,459.7,315,1123,3093,1124,3088,1446,2032
6289648,459.14,315.3,459.78,315.45,1117,3091,1125,3093,1447,2032
6289650,459.46,314.925,459.7,315.075,1121,3087,1124,3088,1450,2029
6289652,460.42,315.975,459.38,314.775,1130,3099,1120,3085,1449,2031
6289654,460.9,314.7,459.46,314.7,1135,3085,1121,3084,1451,2034
6289656,460.34,314.85,459.7,314.55,1129,3086,1122,3083,1448,2033
6289658,460.34,315.3,459.54,315,1129,3091,1121,3087,1448,2033
6289660,459.06,314.4,459.62,315,1115,3080,1121,3088,1451,2033
6289662,460.02,314.475,459.46,314.625,1125,3081,1120,3083,1448,2034
6289664,459.46,315.825,459.3,314.775,1118,3096,1117,3085,1446,2033
6289666,459.62,315,459.22,314.175,1120,3087,1116,3078,1452,2031
6289668,460.02,314.55,459.46,314.625,1124,3082,1118,3083,1447,2033
6289670,460.34,316.125,459.3,314.775,1127,3100,1116,3084,1450,2035
6289672,459.94,313.875,458.98,314.85,1122,3074,1112,3085,1445,2035
6289674,460.18,313.8,459.54,314.475,1125,3074,1118,3081,1449,2033
6289676,460.26,314.325,459.22,315.225,1125,3080,1114,3089,1449,2031
6289678,459.7,316.2,459.06,314.85,1119,3100,1112,3085,1452,2035
6289680,460.18,314.775,459.3,315.6,1123,3085,1113,3093,1450,2034
6289682,460.5,314.85,459.14,314.775,1127,3086,1112,3084,1454,2033
6289684,460.5,314.925,458.58,314.55,1126,3086,1106,3081,1448,2032
6289686,460.74,314.4,458.98,315.15,1128,3080,1109,3087,1447,2033
6289688,460.1,315.225,458.58,315.675,1121,3089,1105,3093,1451,2032
6289690,460.5,316.125,458.58,315.225,1125,3099,1105,3089,1451,2029
6289692,460.42,315.225,458.66,315.075,1124,3089,1105,3086,1451,2032
6289694,460.9,316.05,458.82,316.125,1128,3098,1106,3098,1450,2028
6289696,460.98,316.35,458.66,315.525,1128,3102,1104,3092,1452,2028
6289698,460.02,316.5,458.82,315.45,1118,3103,1106,3091,1452,2030
6289700,460.42,316.275,458.74,315.975,1121,3100,1104,3097,1449,2029
6289702,461.3,315.975,458.74,315.825,1131,3098,1104,3095,1446,2027
6289704,460.58,316.95,458.5,316.275,1122,3108,1101,3100,1450,2030
6289706,460.26,316.575,458.42,316.725,1120,3104,1100,3105,1456,2032
6289708,460.58,316.95,458.5,317.1,1122,3108,1100,3109,1455,2027
6289710,461.06,316.35,458.74,316.65,1127,3102,1102,3104,1455,2031
6289712,461.06,317.025,458.9,316.725,1126,3109,1103,3105,1453,2031
6289714,461.06,317.775,458.26,317.4,1126,3117,1096,3112,1455,2030
6289716,461.06,316.8,458.66,317.175,1126,3107,1100,3111,1450,2030
6289718,461.06,316.35,458.34,316.725,1126,3102,1097,3106,1447,2026
6289720,461.78,317.475,458.82,316.725,1132,3115,1101,3106,1445,2025
6289722,461.62,317.85,458.42,316.575,1130,3120,1097,3104,1449,2024
6289724,461.14,316.875,458.5,317.1,1124,3108,1097,3110,1446,2025
6289726,461.86,316.65,458.5,316.95,1132,3106,1097,3109,1451,2024
6289728,460.9,316.65,458.26,317.025,1122,3107,1093,3110,1450,2022
6289730,462.5,315.675,458.18,317.25,1139,3097,1093,3112,1447,2023
6289732,462.02,316.425,458.1,317.1,1133,3104,1091,3111,1443,2023
6289734,461.54,316.725,458.42,316.875,1128,3108,1095,3108,1450,2024
6289736,462.5,317.475,458.18,317.7,1138,3116,1092,3117,1449,2022
6289738,462.18,316.5,458.02,316.65,1134,3106,1090,3106,1442,2023
6289740,462.5,314.325,458.18,316.725,1138,3082,1091,3107,1447,2025
6289742,463.14,316.425,458.5,315.75,1143,3106,1095,3096,1442,2022
6289744,464.5,315.6,458.74,315.825,1158,3097,1097,3098,1441,2025
6289746,464.5,315.15,458.74,315.075,1158,3092,1097,3089,1443,2017
6289748,466.02,316.125,459.06,314.775,1173,3103,1101,3086,1442,2017
6289750,465.06,314.475,458.66,314.1,1164,3085,1096,3078,1436,2015
6289752,464.82,315.225,458.66,314.775,1161,3093,1096,3086,1440,2012
6289754,464.5,315.825,458.18,313.95,1157,3099,1091,3076,1437,2011
6289756,465.78,315.525,457.62,315.9,1171,3097,1084,3098,1437,2012
6289758,466.1,315.45,457.7,315.9,1174,3095,1085,3098,1431,2005
6289760,466.42,316.425,456.98,316.275,1177,3107,1077,3102,1432,2001
6289762,465.78,316.575,457.22,317.1,1170,3108,1080,3111,1435,2004
6289764,466.74,316.05,457.46,317.4,1181,3102,1082,3114,1433,2001
6289766,466.02,317.475,457.14,317.775,1173,3117,1079,3118,1437,2001
6289768,466.34,316.125,457.06,317.7,1177,3103,1079,3117,1433,2003
6289770,465.86,317.175,456.82,317.925,1172,3114,1076,3120,1427,2001
6289772,466.18,317.475,456.98,318.3,1175,3118,1077,3123,1429,2000
6289774,466.74,317.7,456.9,318.375,1181,3120,1077,3124,1430,1997
6289776,466.66,316.65,456.98,318.3,1181,3108,1078,3123,1426,1998
6289778,465.86,317.475,456.98,318.375,1172,3117,1078,3124,1428,1996
6289780,466.34,317.175,456.98,318.225,1177,3114,1078,3122,1420,1996
6289782,467.06,317.4,456.58,317.925,1185,3117,1074,3119,1422,1994
6289784,466.74,317.175,456.98,318.075,1182,3114,1079,3120,1422,1987
6289786,467.54,316.5,457.46,318.225,1190,3107,1084,3122,1416,1983
6289788,467.62,316.35,456.98,318.3,1192,3104,1079,3123,1415,1985
6289790,468.02,317.55,457.7,318.6,1195,3118,1086,3126,1414,1982
6289792,468.26,316.725,457.14,318.675,1199,3109,1081,3127,1412,1980
6289794,468.58,317.1,456.9,318.225,1202,3113,1078,3121,1415,1974
6289796,467.86,317.4,456.9,318.525,1195,3117,1079,3125,1413,1973
6289798,468.9,316.875,457.22,317.775,1206,3111,1082,3117,1409,1965
6289800,468.18,317.4,457.14,317.925,1199,3116,1082,3118,1411,1962
6289802,468.42,316.2,456.82,318.75,1202,3103,1078,3127,1407,1956
6289804,470.02,316.8,456.74,319.425,1219,3110,1078,3134,1400,1952
6289806,468.66,316.575,456.66,319.275,1204,3106,1077,3132,1405,1956
6289808,469.06,318.3,456.66,320.25,1209,3126,1078,3143,1403,1955
6289810,469.3,318.525,456.66,320.475,1211,3128,1077,3145,1405,1955
6289812,469.14,318.525,456.98,320.325,1210,3128,1081,3143,1404,1952
6289814,468.5,317.925,457.22,320.325,1204,3121,1084,3144,1402,1946
6289816,468.98,318.525,456.9,320.55,1209,3128,1081,3146,1398,1943
6289818,469.22,318.6,456.5,320.775,1212,3129,1076,3148,1391,1941
6289820,468.58,318.75,457.06,320.85,1205,3130,1083,3149,1394,1938
6289822,468.66,319.275,456.58,321.3,1206,3136,1078,3154,1389,1932
6289824,468.58,319.275,456.9,321.975,1206,3136,1082,3162,1386,1928
6289826,468.74,318.975,456.74,322.125,1208,3132,1080,3163,1385,1924
6289828,469.14,320.325,456.42,322.05,1212,3148,1077,3162,1381,1917
6289830,468.82,319.35,456.34,322.05,1209,3137,1076,3162,1379,1918
6289832,468.02,321.225,456.26,322.575,1201,3157,1076,3168,1379,1915
6289834,468.18,321,456.66,323.1,1202,3155,1081,3173,1376,1912
6289836,468.58,319.2,456.42,322.725,1208,3135,1079,3169,1370,1907
6289838,468.58,320.55,456.02,323.475,1208,3150,1074,3177,1372,1900
6289840,469.46,321.525,456.18,324.225,1218,3160,1077,3186,1370,1899
6289842,469.62,319.875,456.98,322.65,1220,3142,1086,3169,1361,1887
6289844,469.78,321.45,456.66,323.475,1222,3160,1083,3177,1360,1881
6289846,468.9,321.225,456.74,323.4,1213,3157,1084,3177,1361,1878
6289848,469.54,321.75,456.42,324.075,1220,3163,1081,3184,1356,1869
6289850,469.78,321.225,456.5,324.225,1223,3157,1082,3186,1350,1868
6289852,469.46,322.125,456.1,323.7,1220,3167,1078,3180,1347,1862
6289854,470.1,322.05,456.26,324.825,1226,3167,1080,3192,1347,1863
6289856,470.18,322.8,455.94,324.75,1228,3175,1077,3191,1346,1860
6289858,470.34,321.15,455.22,324.6,1231,3157,1069,3189,1343,1852
6289860,470.1,320.85,455.14,325.65,1229,3153,1069,3201,1339,1853
6289862,470.02,322.2,454.9,325.425,1228,3168,1067,3198,1344,1851
6289864,470.1,322.05,454.98,324.6,1230,3166,1069,3189,1334,1845
6289866,470.1,321.45,454.5,325.95,1229,3160,1063,3204,1334,1845
6289868,469.94,322.5,454.42,326.4,1228,3171,1063,3209,1335,1838
6289870,470.18,321.15,454.9,326.55,1231,3156,1068,3210,1321,1837
6289872,470.34,320.625,454.34,328.65,1234,3150,1062,3233,1317,1829
6289874,470.26,323.175,454.18,327.9,1231,3178,1060,3224,1321,1829
6289876,469.78,321.9,454.18,328.5,1227,3164,1060,3231,1320,1823
6289878,469.38,321.45,454.18,328.95,1224,3159,1060,3236,1315,1819
6289880,470.26,321.75,454.42,329.325,1233,3162,1063,3240,1312,1815
6289882,469.78,322.35,453.78,329.775,1228,3169,1056,3245,1309,1815
6289884,470.5,320.175,453.14,329.85,1236,3145,1049,3246,1303,1808
6289886,471.22,322.35,452.82,330.075,1243,3169,1046,3248,1307,1809
6289888,470.9,322.125,452.82,329.55,1240,3166,1046,3242,1304,1800
6289890,470.34,321.825,453.14,329.4,1234,3163,1050,3241,1297,1799
6289892,471.14,320.7,453.14,330.45,1243,3151,1050,3252,1290,1794
6289894,470.42,321.45,453.22,330.45,1235,3159,1051,3252,1293,1791
6289896,470.58,323.775,453.14,330.675,1237,3184,1050,3255,1290,1791
6289898,470.26,322.65,452.9,330.9,1234,3172,1047,3257,1284,1787
6289900,470.34,321.675,452.82,331.05,1235,3161,1047,3259,1283,1783
6289902,469.7,324.3,452.26,331.275,1227,3190,1041,3261,1285,1783
6289904,470.02,324.825,452.74,331.275,1231,3196,1046,3261,1283,1780
6289906,469.86,322.425,452.18,331.8,1230,3170,1041,3267,1282,1776
6289908,470.26,325.275,452.18,331.8,1234,3201,1040,3268,1279,1774
6289910,470.02,324.75,452.5,332.55,1231,3196,1043,3276,1275,1768
6289912,469.94,324.6,452.26,332.475,1230,3194,1041,3275,1270,1766
6289914,471.22,325.8,452.58,332.175,1243,3208,1044,3272,1263,1766
6289916,469.86,326.7,452.58,333.6,1229,3218,1043,3287,1259,1759
6289918,471.14,325.425,452.74,333.675,1242,3204,1045,3288,1255,1756
6289920,471.3,325.275,452.18,333.75,1244,3203,1040,3290,1259,1755
6289922,469.94,326.7,452.18,333.075,1230,3218,1040,3282,1255,1746
6289924,470.34,325.125,452.74,333.225,1234,3201,1045,3284,1250,1743
6289926,470.5,327.3,452.26,332.625,1235,3225,1041,3277,1251,1742
6289928,470.58,326.625,452.66,333.075,1236,3218,1045,3283,1248,1737
6289930,470.9,325.8,453.06,333,1239,3209,1049,3282,1245,1733
6289932,470.5,324.75,452.98,332.7,1236,3197,1048,3279,1239,1732
6289934,470.02,326.025,452.74,332.325,1231,3211,1046,3275,1240,1729
6289936,472.1,325.575,452.34,332.55,1253,3207,1042,3277,1239,1725
6289938,471.3,324.825,452.66,332.55,1244,3199,1046,3277,1234,1724
6289940,470.82,325.2,452.18,332.475,1240,3203,1041,3276,1237,1720
6289942,471.3,325.275,452.18,332.175,1245,3203,1041,3273,1233,1722
6289944,471.14,324.225,452.1,333.075,1244,3192,1040,3282,1230,1715
6289946,472.02,326.775,451.78,332.85,1253,3220,1037,3280,1230,1714
6289948,472.02,326.1,452.02,332.775,1253,3212,1040,3279,1231,1714
6289950,471.38,325.5,452.26,332.775,1247,3206,1043,3279,1230,1709
6289952,471.94,327,451.86,333.15,1253,3222,1039,3282,1226,1707
6289954,472.42,325.725,452.18,333.15,1259,3208,1042,3283,1226,1706
6289956,470.9,324.75,452.5,332.4,1244,3196,1046,3274,1220,1698
6289958,472.58,324.9,452.58,332.025,1261,3198,1048,3270,1223,1696
6289960,472.82,325.5,452.42,332.475,1264,3205,1046,3274,1218,1689
6289962,472.26,325.2,452.9,333.075,1259,3201,1051,3281,1209,1688
6289964,472.1,325.125,453.22,332.925,1258,3200,1055,3280,1213,1682
6289966,473.54,325.65,453.14,333.3,1272,3206,1054,3283,1216,1679
6289968,472.98,325.275,453.54,333.675,1268,3201,1060,3288,1208,1678
6289970,472.98,325.425,453.46,333.375,1267,3203,1059,3284,1211,1673
6289972,473.7,324.825,453.22,332.625,1277,3196,1057,3275,1205,1671
6289974,473.7,325.2,453.3,333.3,1276,3200,1058,3282,1206,1667
6289976,474.02,325.5,453.22,332.25,1281,3203,1059,3271,1205,1667
6289978,474.1,324.9,452.98,332.7,1282,3197,1056,3276,1204,1662
6289980,474.18,325.275,452.98,333.3,1283,3201,1057,3282,1198,1664
6289982,474.26,325.425,452.82,332.775,1284,3203,1055,3276,1199,1661
6289984,474.02,324.225,452.58,333.375,1283,3189,1053,3282,1198,1658
6289986,474.34,324.975,452.5,333.15,1286,3197,1053,3280,1201,1655
6289988,474.42,324.075,452.98,333.3,1288,3187,1059,3282,1198,1655
6289990,474.66,323.4,453.22,333.3,1290,3180,1060,3281,1194,1650
6289992,474.18,325.65,452.98,333.675,1285,3205,1059,3286,1197,1651
6289994,474.34,325.8,452.82,334.35,1287,3206,1057,3293,1192,1645
6289996,474.9,325.2,452.74,333.9,1294,3200,1057,3288,1191,1647
6289998,474.58,324.9,453.62,334.8,1291,3196,1066,3299,1192,1640
6290000,474.18,325.65,453.14,335.775,1287,3205,1061,3309,1185,1636
6290002,474.58,325.725,453.14,336.75,1291,3206,1061,3320,1188,1632
6290004,474.18,326.025,453.46,337.125,1288,3210,1065,3324,1192,1633
6290006,474.74,327.525,453.62,337.35,1293,3226,1066,3328,1181,1632
6290008,474.42,327.75,454.18,337.2,1290,3228,1073,3326,1186,1628
6290010,474.5,327.75,453.38,338.55,1291,3229,1064,3341,1185,1622
6290012,474.1,327.975,453.22,338.925,1287,3232,1064,3345,1178,1625
6290014,473.46,328.8,453.54,338.175,1281,3240,1067,3337,1181,1623
6290016,474.02,328.125,453.3,339.525,1287,3234,1064,3353,1177,1616
6290018,474.5,328.8,453.22,339.825,1292,3242,1063,3356,1176,1615
6290020,475.06,328.05,452.98,339.675,1299,3234,1062,3355,1173,1616
6290022,474.82,329.4,453.22,340.125,1295,3249,1063,3360,1174,1611
6290024,473.22,328.8,452.98,340.2,1279,3243,1061,3361,1170,1612
6290026,473.94,330.15,452.98,341.025,1286,3258,1061,3370,1167,1604
6290028,473.7,329.4,452.74,340.65,1284,3250,1058,3368,1171,1604
6290030,473.62,329.475,452.74,340.95,1283,3250,1058,3371,1167,1602
6290032,473.7,332.025,453.38,341.1,1283,3280,1065,3373,1162,1598
6290034,473.54,328.95,453.06,341.4,1281,3246,1061,3377,1165,1601
6290036,473.7,328.65,453.46,341.4,1284,3243,1065,3378,1163,1597
6290038,472.9,331.575,453.14,341.325,1274,3276,1062,3377,1162,1596
6290040,473.94,329.625,452.98,341.175,1285,3254,1059,3375,1162,1594
6290042,473.22,330.6,453.06,341.475,1277,3265,1060,3379,1160,1592
6290044,472.98,331.35,452.82,341.475,1274,3273,1058,3379,1154,1592
6290046,473.3,329.625,452.5,341.775,1277,3255,1053,3382,1157,1588
6290048,473.3,331.425,453.14,341.625,1276,3275,1060,3381,1151,1587
6290050,472.42,329.25,452.42,341.625,1267,3251,1052,3381,1154,1585
6290052,473.3,329.925,452.66,341.4,1275,3259,1053,3379,1151,1580
6290054,472.34,329.775,452.02,341.25,1266,3257,1047,3376,1152,1580
6290056,472.58,329.625,451.94,341.175,1267,3255,1045,3375,1150,1580
6290058,472.66,329.1,451.78,341.175,1268,3249,1043,3375,1150,1579
6290060,472.26,329.775,451.94,341.4,1262,3256,1044,3378,1149,1580
6290062,471.94,330.45,451.54,340.95,1258,3263,1039,3373,1147,1577
6290064,472.26,328.125,450.66,341.475,1261,3237,1028,3378,1145,1574
6290066,471.38,327.9,450.58,341.475,1251,3234,1027,3378,1145,1572
6290068,471.7,328.725,450.18,341.7,1253,3244,1021,3380,1141,1568
6290070,472.18,328.575,450.02,341.7,1258,3243,1019,3380,1140,1566
6290072,471.94,329.325,450.02,342.45,1254,3250,1018,3387,1135,1561
6290074,472.18,328.725,450.02,342.45,1256,3243,1017,3387,1138,1563
6290076,472.18,328.2,450.1,341.925,1255,3237,1016,3382,1135,1564
6290078,471.38,329.4,449.54,341.925,1246,3250,1011,3381,1134,1563
6290080,471.78,329.4,449.86,342.675,1248,3250,1013,3389,1134,1559
6290082,472.26,328.5,449.46,342.375,1254,3240,1008,3386,1132,1558
6290084,471.94,328.875,449.06,342.975,1248,3243,1001,3391,1134,1555
6290086,471.7,329.175,449.54,343.275,1246,3246,1007,3394,1127,1552
6290088,471.86,330.975,450.02,343.875,1245,3266,1009,3401,1129,1552
6290090,472.34,329.775,449.22,343.875,1250,3253,1001,3400,1125,1552
6290092,471.78,329.85,450.42,344.625,1242,3253,1011,3409,1125,1547
6290094,472.34,329.85,450.1,344.325,1248,3253,1008,3406,1126,1548
6290096,471.46,330.6,450.34,344.475,1236,3261,1009,3407,1124,1543
6290098,471.38,331.65,450.66,344.925,1235,3272,1012,3412,1127,1542
6290100,472.02,332.1,450.18,344.85,1240,3277,1005,3411,1122,1540
6290102,471.62,332.775,450.42,345.6,1236,3285,1007,3419,1126,1540
6290104,471.86,333.525,450.42,345.15,1236,3293,1006,3414,1125,1539
6290106,471.22,333.825,450.34,345.825,1230,3296,1005,3422,1123,1538
6290108,471.54,332.85,451.14,345.675,1231,3285,1011,3420,1121,1533
6290110,472.34,332.7,450.9,346.65,1240,3284,1008,3431,1122,1530
6290112,472.5,333.975,450.74,346.95,1239,3299,1004,3434,1114,1531
6290114,472.74,333.9,451.14,346.275,1242,3298,1009,3428,1119,1528
6290116,472.42,333.525,450.98,346.425,1237,3293,1006,3429,1114,1523
6290118,472.26,333,451.22,346.425,1236,3288,1008,3429,1113,1525
6290120,473.22,332.55,451.38,346.35,1244,3283,1008,3428,1109,1520
6290122,473.06,332.55,450.98,346.35,1243,3283,1004,3428,1111,1519
6290124,472.82,334.05,451.46,346.575,1238,3300,1008,3431,1106,1515
6290126,473.3,333.75,451.14,346.425,1243,3297,1004,3430,1110,1516
6290128,474.26,333.225,451.62,345.9,1252,3292,1009,3424,1105,1514
6290130,472.98,332.85,452.02,345.9,1239,3287,1013,3424,1104,1511
6290132,474.1,331.5,452.02,345.45,1250,3273,1012,3420,1102,1511
6290134,472.98,333,452.18,345.825,1237,3289,1013,3424,1098,1511
6290136,474.02,329.85,452.18,345,1249,3255,1012,3415,1103,1509
6290138,474.42,330.825,452.66,345.9,1253,3265,1017,3425,1100,1506
6290140,475.62,330.825,452.98,345.225,1264,3266,1020,3417,1095,1503
6290142,475.62,329.775,453.06,345.3,1265,3254,1021,3418,1092,1503
6290144,473.94,331.5,453.14,345.525,1246,3273,1021,3420,1096,1499
6290146,475.54,330.975,453.3,345.225,1263,3267,1023,3417,1095,1502
6290148,475.86,330.525,453.46,344.925,1267,3262,1025,3413,1092,1495
6290150,474.98,329.85,453.78,344.4,1257,3255,1028,3408,1086,1498
6290152,475.62,329.7,453.7,345.075,1264,3253,1027,3415,1091,1489
6290154,475.54,329.25,454.02,344.925,1263,3247,1030,3414,1088,1492
6290156,474.82,330.3,453.7,344.475,1255,3259,1028,3408,1083,1485
6290158,475.62,329.625,453.86,344.4,1265,3251,1029,3407,1091,1488
6290160,475.22,330.375,453.3,344.325,1260,3259,1023,3405,1083,1485
6290162,475.62,330,453.86,344.625,1265,3255,1029,3409,1082,1484
6290164,475.54,328.875,453.54,344.1,1264,3242,1027,3403,1085,1481
6290166,476.1,329.925,453.54,344.4,1271,3253,1027,3405,1084,1483
6290168,475.38,329.925,454.26,345.6,1263,3253,1034,3419,1081,1478
6290170,476.02,329.925,454.02,345.525,1270,3253,1032,3418,1083,1477
6290172,475.54,330.525,453.94,346.125,1265,3259,1031,3424,1080,1478
6290174,475.86,330.45,453.86,346.125,1269,3259,1030,3424,1076,1475
6290176,475.62,330.975,453.94,346.35,1267,3264,1032,3426,1078,1476
6290178,476.5,331.8,453.7,347.55,1275,3273,1029,3439,1077,1471
6290180,475.7,331.425,453.78,346.35,1268,3268,1031,3426,1071,1472
6290182,476.26,332.175,453.38,346.875,1274,3277,1027,3432,1077,1470
6290184,475.7,332.475,453.54,348,1269,3280,1028,3444,1070,1469
6290186,476.18,332.175,453.94,348.75,1274,3277,1032,3453,1072,1467
6290188,476.1,333.825,453.86,348.225,1273,3296,1032,3447,1070,1462
6290190,475.22,335.1,453.7,349.5,1263,3309,1030,3461,1064,1461
6290192,474.82,333.825,453.78,349.95,1260,3295,1031,3466,1068,1462
6290194,476.18,334.65,454.02,349.425,1275,3304,1034,3460,1065,1461
6290196,476.02,335.025,453.86,350.025,1273,3309,1033,3467,1063,1459
6290198,475.3,333.6,453.94,350.025,1265,3293,1034,3468,1070,1459
6290200,475.46,336.45,453.3,350.025,1267,3325,1027,3467,1060,1457
6290202,475.38,335.325,453.86,349.95,1266,3313,1033,3467,1063,1457
6290204,474.9,336.375,453.86,350.1,1262,3325,1035,3469,1065,1457
6290206,475.62,336.45,453.86,349.35,1270,3325,1035,3461,1057,1453
6290208,475.54,335.4,453.54,349.35,1270,3315,1031,3461,1061,1450
6290210,475.22,336.975,453.46,349.8,1265,3332,1030,3466,1059,1451
6290212,475.78,336,453.78,350.025,1272,3322,1034,3469,1057,1444
6290214,475.62,334.875,453.94,348.9,1271,3309,1036,3457,1059,1447
6290216,476.1,334.275,453.62,349.275,1276,3303,1033,3461,1058,1445
6290218,476.26,334.575,453.14,348.6,1278,3307,1029,3454,1051,1442
6290220,475.86,335.25,453.22,348.75,1274,3314,1030,3455,1054,1442
6290222,475.3,333.9,453.3,348.975,1268,3299,1030,3458,1054,1440
6290224,474.5,333.45,453.54,348.75,1260,3294,1033,3456,1054,1437
6290226,475.86,333.825,452.98,348.15,1274,3299,1028,3449,1048,1437
6290228,475.7,332.7,452.98,347.475,1273,3286,1028,3441,1051,1438
6290230,475.14,334.725,453.06,347.775,1267,3308,1028,3445,1049,1436
6290232,475.06,332.775,452.9,347.1,1266,3287,1027,3437,1046,1435
6290234,475.14,332.475,452.9,346.8,1268,3283,1027,3434,1048,1435
6290236,475.38,330.6,452.98,346.5,1271,3262,1029,3430,1053,1438
6290238,475.46,331.05,452.82,346.725,1272,3267,1027,3433,1047,1433
6290240,474.82,332.175,452.74,346.35,1266,3279,1027,3428,1045,1431
6290242,474.74,331.8,453.14,345.45,1264,3275,1031,3418,1043,1432
6290244,475.22,332.55,452.82,345.6,1269,3283,1029,3419,1035,1427
6290246,475.06,331.125,452.18,344.475,1269,3267,1022,3406,1046,1421
6290248,474.9,329.85,452.66,343.95,1268,3252,1027,3399,1044,1424
6290250,474.74,330.75,452.66,343.2,1266,3261,1028,3391,1044,1421
6290252,473.78,331.725,452.1,342.9,1256,3271,1022,3387,1037,1415
6290254,474.66,329.4,452.18,343.2,1266,3246,1023,3390,1037,1417
6290256,475.06,330.675,452.02,343.8,1269,3259,1022,3396,1041,1416
6290258,475.22,331.875,451.78,342.525,1271,3273,1020,3382,1042,1411
6290260,475.22,330.9,451.94,343.275,1271,3261,1021,3390,1035,1410
6290262,475.7,331.65,451.86,343.725,1277,3270,1021,3394,1032,1409
6290264,475.14,332.025,452.34,343.95,1272,3273,1026,3396,1038,1408
6290266,475.14,330.3,452.18,343.275,1272,3254,1025,3389,1034,1407
6290268,475.06,331.725,452.26,344.7,1271,3269,1025,3405,1032,1405
6290270,475.62,332.4,452.66,343.725,1277,3276,1031,3394,1032,1403
6290272,474.5,332.4,453.14,345,1266,3276,1035,3408,1032,1401
6290274,475.06,332.625,452.98,345.3,1272,3279,1034,3411,1031,1401
6290276,475.78,333.525,452.58,345.15,1280,3289,1030,3409,1029,1400
6290278,475.22,332.55,453.86,345.825,1274,3278,1043,3417,1033,1401
6290280,475.14,333.225,453.54,346.05,1273,3285,1041,3419,1029,1398
6290282,475.7,333.75,453.7,346.125,1279,3291,1043,3421,1029,1395
6290284,476.02,333.9,453.78,346.275,1284,3293,1044,3422,1026,1396
6290286,475.94,334.05,453.06,346.275,1283,3295,1037,3422,1024,1396
6290288,475.94,334.275,454.18,346.575,1283,3298,1049,3426,1027,1393
6290290,474.74,335.55,453.86,346.65,1270,3312,1046,3427,1023,1395
6290292,475.78,334.125,454.1,346.425,1282,3297,1049,3425,1026,1394
6290294,476.1,335.175,453.94,347.1,1285,3309,1047,3433,1028,1394
6290296,476.1,335.55,454.26,346.35,1286,3314,1051,3427,1024,1392
6290298,475.7,334.5,454.66,346.35,1282,3303,1056,3426,1027,1398
6290300,475.78,334.575,453.86,346.275,1284,3305,1048,3427,1026,1390
6290302,476.26,334.725,454.66,345.975,1289,3306,1057,3424,1028,1394
6290304,475.86,335.175,454.74,345.675,1285,3313,1058,3422,1028,1396
6290306,475.7,335.1,454.58,345.9,1284,3312,1057,3424,1028,1394
6290308,475.7,335.25,454.82,345.3,1285,3315,1061,3419,1024,1392
6290310,476.5,334.5,454.74,344.925,1294,3307,1060,3415,1026,1392
6290312,475.86,334.65,455.38,345.225,1287,3310,1067,3420,1027,1393
6290314,476.42,335.925,455.54,345.45,1293,3324,1069,3422,1022,1388
6290316,476.26,333.675,455.54,344.85,1293,3301,1070,3418,1026,1386
6290318,477.46,334.2,455.86,345.825,1305,3307,1073,3429,1020,1384
6290320,477.78,333.375,456.34,346.125,1310,3300,1079,3433,1020,1380
6290322,478.34,334.2,456.26,345.825,1315,3309,1078,3430,1019,1382
6290324,479.06,333.6,456.42,346.05,1324,3305,1081,3435,1017,1377
6290326,478.82,334.125,455.46,346.125,1321,3310,1070,3435,1014,1374
6290328,479.62,334.5,455.94,345.6,1331,3316,1077,3431,1016,1376
6290330,480.9,333.9,455.62,345.15,1345,3310,1074,3426,1015,1372
6290332,481.06,334.8,455.54,344.025,1347,3321,1073,3415,1014,1373
6290334,482.26,333.6,455.46,344.25,1360,3308,1073,3417,1010,1375
6290336,484.5,332.4,455.14,344.175,1385,3297,1071,3418,1002,1370
6290338,486.58,332.025,454.82,343.5,1406,3294,1067,3410,1002,1372
6290340,488.74,331.425,453.86,341.475,1431,3289,1059,3388,1000,1371
6290342,489.62,328.2,452.74,339.975,1441,3254,1047,3371,994,1365
6290344,493.78,327.75,451.86,338.775,1486,3251,1039,3358,996,1362
6290346,495.54,325.8,451.7,337.65,1505,3230,1037,3346,996,1359
6290348,495.94,326.4,450.74,337.725,1510,3238,1028,3346,978,1350
6290350,497.94,333,451.7,337.05,1529,3311,1039,3340,950,1342
6290352,500.9,351.75,453.94,343.05,1556,3521,1061,3407,884,1306
6290354,500.18,376.875,454.34,358.725,1542,3802,1060,3582,812,1231
6290356,501.46,399.525,451.46,376.425,1551,4059,1024,3780,738,1150
6290358,501.06,425.85,448.34,401.25,1540,4358,982,4059,654,1051
6290360,505.06,454.725,441.54,424.8,1577,4692,903,4324,554,947
6290362,505.3,481.35,442.18,454.2,1573,4999,899,4661,472,828
6290364,507.7,500.85,434.74,478.725,1595,5228,811,4941,386,714
6290366,521.22,528.375,432.9,509.025,1736,5557,780,5293,300,582
6290368,523.78,556.725,426.9,538.8,1759,5894,704,5641,214,453
6290370,NaN,NaN,420.58,561.45,NaN,NaN,626,5907,0,341
6290372,NaN,NaN,418.74,587.925,NaN,NaN,596,6222,0,245
6290374,NaN,NaN,418.74,587.925,NaN,NaN,596,6222,0,245
6290376,NaN,NaN,NaN,NaN,NaN,NaN,NaN,NaN,0,0
6290378,NaN,NaN,NaN,NaN,NaN,NaN,NaN,NaN,0,0
6290380,NaN,NaN,NaN,NaN,NaN,NaN,NaN,NaN,0,0
6290382,NaN,NaN,NaN,NaN,NaN,NaN,NaN,NaN,0,0
6290384,NaN,NaN,NaN,NaN,NaN,NaN,NaN,NaN,0,0
6290386,NaN,NaN,NaN,NaN,NaN,NaN,NaN,NaN,0,0
6290388,NaN,NaN,NaN,NaN,NaN,NaN,NaN,NaN,0,0
6290390,NaN,NaN,NaN,NaN,NaN,NaN,NaN,NaN,0,0
6290392,NaN,NaN,NaN,NaN,NaN,NaN,NaN,NaN,0,0
6290394,NaN,NaN,NaN,NaN,NaN,NaN,NaN,NaN,0,0
6290396,NaN,NaN,NaN,NaN,NaN,NaN,NaN,NaN,0,0
6290398,NaN,NaN,NaN,NaN,NaN,NaN,NaN,NaN,0,0
6290400,NaN,NaN,NaN,NaN,NaN,NaN,NaN,NaN,0,0
6290402,NaN,NaN,NaN,NaN,NaN,NaN,NaN,NaN,0,0
6290404,NaN,NaN,NaN,NaN,NaN,NaN,NaN,NaN,0,0
6290406,NaN,NaN,NaN,NaN,NaN,NaN,NaN,NaN,0,0
6290408,NaN,NaN,NaN,NaN,NaN,NaN,NaN,NaN,0,0
6290410,NaN,NaN,NaN,NaN,NaN,NaN,NaN,NaN,0,0
6290412,NaN,NaN,NaN,NaN,NaN,NaN,NaN,NaN,0,0
6290414,NaN,NaN,NaN,NaN,NaN,NaN,NaN,NaN,0,0
6290416,NaN,NaN,NaN,NaN,NaN,NaN,NaN,NaN,0,0
6290418,NaN,NaN,NaN,NaN,NaN,NaN,NaN,NaN,0,0
6290420,NaN,NaN,NaN,NaN,NaN,NaN,NaN,NaN,0,0
6290422,NaN,NaN,NaN,NaN,NaN,NaN,NaN,NaN,0,0
6290424,NaN,NaN,NaN,NaN,NaN,NaN,NaN,NaN,0,0
6290426,NaN,NaN,NaN,NaN,NaN,NaN,NaN,NaN,0,0
6290428,NaN,NaN,NaN,NaN,NaN,NaN,NaN,NaN,0,0
6290430,NaN,NaN,NaN,NaN,NaN,NaN,NaN,NaN,0,0
6290432,NaN,NaN,NaN,NaN,NaN,NaN,NaN,NaN,0,0
6290434,NaN,NaN,NaN,NaN,NaN,NaN,NaN,NaN,0,0
6290436,NaN,NaN,NaN,NaN,NaN,NaN,NaN,NaN,0,0
6290438,NaN,NaN,NaN,NaN,NaN,NaN,NaN,NaN,0,0
6290440,NaN,NaN,NaN,NaN,NaN,NaN,NaN,NaN,0,0
6290442,NaN,NaN,NaN,NaN,NaN,NaN,NaN,NaN,0,0
6290444,NaN,NaN,NaN,NaN,NaN,NaN,NaN,NaN,0,0
6290446,NaN,NaN,NaN,NaN,NaN,NaN,NaN,NaN,0,0
6290448,NaN,NaN,NaN,NaN,NaN,NaN,NaN,NaN,0,0
6290450,NaN,NaN,NaN,NaN,NaN,NaN,NaN,NaN,0,0
6290452,NaN,NaN,NaN,NaN,NaN,NaN,NaN,NaN,0,0
6290454,NaN,NaN,NaN,NaN,NaN,NaN,NaN,NaN,0,0
6290456,NaN,NaN,NaN,NaN,NaN,NaN,NaN,NaN,0,0
6290458,NaN,NaN,NaN,NaN,NaN,NaN,NaN,NaN,0,0
6290460,NaN,NaN,NaN,NaN,NaN,NaN,NaN,NaN,0,0
6290462,NaN,NaN,NaN,NaN,NaN,NaN,NaN,NaN,0,0
6290464,NaN,NaN,NaN,NaN,NaN,NaN,NaN,NaN,0,0
6290466,475.62,516,NaN,NaN,1252,5372,NaN,NaN,281,0
6290468,475.7,516.075,NaN,NaN,1252,5372,NaN,NaN,281,0
6290470,474.42,496.5,446.42,547.95,1245,5142,922,5736,338,364
6290472,473.3,476.85,446.42,548.025,1238,4913,922,5736,396,364
6290474,472.74,463.05,446.02,531.9,1236,4753,923,5544,440,433
6290476,472.26,449.25,445.46,515.55,1235,4594,923,5353,484,503
6290478,469.46,431.85,447.54,498.15,1210,4393,951,5149,536,572
6290480,465.94,419.1,451.06,482.025,1176,4247,995,4963,569,634
6290482,467.54,406.5,455.62,468.15,1196,4103,1048,4804,611,693
6290484,470.74,392.55,458.18,452.475,1234,3947,1080,4625,660,758
6290486,468.82,378.825,459.94,437.55,1217,3791,1103,4453,704,823
6290488,468.42,365.85,460.34,423.675,1217,3645,1112,4295,744,891
6290490,469.62,354.3,460.1,408.15,1232,3516,1114,4118,783,953
6290492,470.58,346.65,463.78,395.85,1244,3431,1157,3980,799,1006
6290494,471.94,336.525,465.54,383.1,1260,3319,1178,3837,829,1056
6290496,471.78,329.25,466.9,369.225,1261,3238,1197,3681,859,1112
6290498,472.02,319.2,467.22,358.725,1265,3127,1203,3564,893,1157
6290500,472.5,316.35,466.98,347.1,1270,3095,1204,3434,905,1204
6290502,472.1,305.55,468.58,337.275,1268,2976,1221,3325,939,1233
6290504,471.78,303.75,467.94,329.25,1265,2956,1217,3236,948,1267
6290506,470.9,302.4,466.9,323.175,1254,2941,1206,3168,952,1297
6290508,470.1,298.5,465.86,317.175,1247,2898,1197,3102,972,1321
6290510,469.46,298.725,464.82,314.25,1238,2900,1184,3069,971,1337
6290512,470.74,297.9,464.1,312.525,1251,2891,1177,3050,983,1345
6290514,469.62,299.475,463.3,313.35,1237,2908,1166,3059,984,1343
6290516,469.62,300.3,462.9,313.05,1237,2917,1162,3055,984,1344
6290518,469.78,301.35,462.74,313.875,1236,2929,1157,3064,986,1342
6290520,469.3,300.6,461.78,314.325,1231,2921,1147,3068,985,1346
6290522,469.54,302.55,462.1,314.625,1230,2942,1148,3072,980,1350
6290524,469.46,301.65,461.22,314.925,1229,2932,1138,3075,983,1352
6290526,468.66,301.725,461.7,315.675,1217,2933,1140,3084,987,1351
6290528,469.14,304.275,460.5,315.975,1222,2961,1127,3086,980,1351
6290530,469.54,305.025,460.98,316.725,1223,2969,1129,3095,977,1352
6290532,468.58,304.95,460.82,316.35,1213,2968,1128,3091,979,1353
6290534,468.18,308.475,460.82,317.775,1205,3007,1124,3107,982,1351
6290536,467.54,307.5,460.26,317.625,1198,2997,1119,3106,982,1353
6290538,468.5,308.925,459.78,319.275,1205,3012,1110,3124,984,1353
6290540,467.86,308.475,459.7,319.875,1199,3007,1108,3131,986,1355
6290542,468.02,309.225,459.38,320.025,1196,3016,1102,3133,989,1356
6290544,467.78,309.825,458.74,321.6,1194,3023,1095,3150,989,1354
6290546,468.18,310.65,458.82,321.525,1195,3032,1093,3149,987,1355
6290548,467.7,310.125,459.14,321.675,1189,3026,1096,3151,991,1356
6290550,467.06,311.4,458.98,321.675,1180,3041,1091,3151,992,1354
6290552,467.62,310.8,458.9,321.9,1185,3034,1090,3153,988,1357
6290554,467.54,310.575,459.22,321.9,1182,3032,1090,3154,993,1355
6290556,466.74,311.925,458.66,322.725,1173,3047,1085,3163,991,1355
6290558,467.78,311.7,458.74,322.875,1181,3045,1082,3165,990,1355
6290560,466.98,311.325,458.02,322.8,1173,3041,1074,3165,994,1356
6290562,467.78,312.075,457.78,323.175,1178,3050,1069,3169,990,1357
6290564,467.14,312.675,457.46,323.925,1171,3056,1066,3177,996,1360
6290566,466.9,311.925,458.1,322.875,1165,3048,1069,3166,995,1358
6290568,466.74,313.875,457.38,323.775,1163,3069,1061,3176,997,1360
6290570,466.9,314.925,457.14,325.2,1161,3082,1055,3192,997,1364
6290572,466.9,312.975,457.3,325.725,1163,3061,1057,3198,999,1367
6290574,467.3,315.45,456.66,326.775,1163,3088,1048,3210,999,1365
6290576,467.54,315.075,456.1,327.15,1166,3085,1041,3214,999,1367
6290578,466.9,315.075,455.94,327.225,1157,3085,1038,3216,998,1364
6290580,466.18,316.35,455.86,328.2,1148,3098,1037,3226,1000,1366
6290582,466.66,317.85,456.02,327.9,1151,3116,1035,3223,1005,1369
6290584,466.02,314.85,456.02,327.675,1145,3082,1035,3221,1003,1369
6290586,465.62,316.125,455.78,328.125,1138,3097,1031,3226,1005,1368
6290588,466.34,317.925,455.62,329.7,1145,3117,1028,3244,1010,1369
6290590,467.54,317.4,455.86,328.8,1155,3113,1028,3234,1008,1371
6290592,466.66,317.4,455.86,329.625,1146,3112,1028,3243,1012,1369
6290594,466.34,317.55,455.78,330.15,1141,3114,1025,3249,1006,1371
6290596,466.66,316.65,455.94,329.925,1144,3105,1027,3248,1005,1369
6290598,466.1,318.375,455.7,330.3,1135,3123,1022,3252,1011,1372
6290600,466.74,319.05,455.7,330.3,1142,3131,1022,3252,1018,1372
6290602,467.46,318.225,455.14,330.675,1147,3123,1014,3256,1007,1373
6290604,466.98,318.825,455.06,330.9,1142,3129,1013,3259,1015,1375
6290606,467.46,318.3,455.46,330.975,1146,3124,1015,3260,1012,1372
6290608,467.38,320.55,454.42,330.975,1144,3149,1004,3260,1025,1382
6290610,466.42,321.375,455.14,330.6,1132,3159,1010,3256,1032,1381
6290612,466.9,319.8,455.38,331.425,1137,3142,1012,3266,1023,1379
6290614,468.34,319.875,455.22,332.025,1151,3143,1009,3272,1023,1378
6290616,466.74,320.1,455.38,331.725,1134,3145,1011,3270,1024,1381
6290618,467.3,319.8,455.38,332.25,1138,3142,1009,3276,1022,1382
6290620,467.54,320.775,455.14,331.875,1141,3153,1006,3272,1019,1377
6290622,467.38,320.925,455.22,332.25,1138,3155,1006,3276,1023,1376
6290624,468.1,320.625,455.22,332.1,1145,3152,1006,3275,1021,1378
6290626,468.26,320.925,455.54,332.7,1146,3156,1008,3282,1022,1379
6290628,468.5,320.025,455.46,331.5,1148,3146,1007,3268,1027,1380
6290630,469.3,321.45,455.78,332.55,1155,3162,1009,3281,1025,1378
6290632,468.66,319.95,455.78,333.15,1149,3146,1009,3287,1029,1382
6290634,468.18,321.375,455.86,332.625,1142,3162,1009,3282,1032,1382
6290636,468.98,321.3,455.78,333,1151,3161,1008,3286,1032,1381
6290638,468.18,322.275,455.86,333,1141,3172,1008,3286,1032,1383
6290640,468.74,321.375,456.58,332.4,1147,3162,1015,3280,1027,1383
6290642,469.86,322.875,456.34,333.75,1158,3179,1012,3295,1030,1383
6290644,469.54,322.125,456.74,332.55,1155,3170,1016,3281,1038,1384
6290646,469.7,322.65,456.58,333.225,1155,3177,1014,3290,1034,1380
6290648,470.82,322.05,456.26,333.375,1167,3170,1011,3291,1034,1384
6290650,469.86,322.95,456.74,333.9,1156,3181,1014,3297,1033,1384
6290652,470.18,322.2,456.5,334.05,1160,3172,1012,3298,1038,1385
6290654,470.26,321.975,457.46,334.2,1161,3170,1021,3301,1037,1383
6290656,470.58,321.75,456.98,333.075,1164,3167,1017,3289,1036,1384
6290658,470.9,323.475,457.06,334.275,1166,3187,1017,3302,1034,1384
6290660,471.14,324.525,456.82,334.275,1168,3199,1014,3302,1034,1386
6290662,470.82,323.25,456.82,334.725,1165,3185,1014,3307,1032,1384
6290664,469.7,323.775,457.22,334.125,1153,3191,1018,3301,1042,1387
6290666,470.9,323.55,457.14,334.875,1166,3189,1017,3309,1036,1387
6290668,470.42,322.8,456.9,334.8,1161,3181,1014,3309,1041,1386
6290670,471.06,323.925,456.5,334.95,1167,3193,1010,3311,1034,1386
6290672,470.58,324.9,456.74,335.175,1162,3204,1012,3313,1043,1389
6290674,470.34,324.675,456.82,335.325,1159,3202,1013,3315,1040,1388
6290676,469.86,324.225,456.58,335.1,1153,3197,1010,3313,1038,1387
6290678,471.06,325.575,457.46,335.25,1166,3213,1019,3315,1038,1392
6290680,470.5,325.65,456.66,335.55,1159,3213,1010,3318,1041,1392
6290682,470.82,325.575,456.34,335.4,1163,3213,1007,3316,1042,1392
6290684,470.74,324.975,456.02,335.475,1162,3206,1004,3317,1038,1392
6290686,470.82,325.95,456.18,335.85,1163,3218,1005,3322,1040,1393
6290688,471.06,324.375,456.9,335.925,1165,3200,1013,3323,1045,1392
6290690,470.58,325.725,456.5,335.475,1160,3215,1008,3319,1046,1391
6290692,470.26,325.275,456.34,334.5,1157,3210,1007,3307,1044,1391
6290694,470.82,324,456.98,335.55,1163,3197,1013,3320,1048,1393
6290696,470.98,325.05,456.26,335.25,1164,3209,1006,3316,1041,1393
6290698,470.5,326.025,456.18,334.725,1158,3220,1004,3311,1043,1393
6290700,471.14,324.225,456.02,334.95,1166,3200,1002,3314,1047,1395
6290702,470.18,324.6,455.94,335.025,1155,3204,1001,3315,1047,1394
6290704,470.58,324.75,456.02,334.2,1159,3206,1002,3305,1044,1394
6290706,471.22,324.525,456.26,334.575,1166,3204,1004,3310,1045,1397
6290708,470.9,325.275,456.26,334.125,1161,3212,1004,3305,1050,1397
6290710,470.98,325.05,456.02,334.125,1163,3210,1002,3305,1050,1396
6290712,470.9,323.55,456.1,334.125,1162,3194,1002,3305,1051,1400
6290714,470.74,324.3,456.42,333.525,1159,3202,1006,3299,1051,1399
6290716,470.34,324.3,455.78,334.125,1156,3201,999,3305,1050,1396
6290718,470.42,324.15,455.86,333.375,1155,3200,999,3297,1048,1400
6290720,470.98,323.625,456.26,333.15,1162,3194,1003,3294,1050,1400
6290722,470.5,322.95,455.94,333.45,1156,3187,999,3298,1049,1399
6290724,470.5,323.175,455.78,333.45,1156,3189,997,3298,1054,1400
6290726,471.62,324,455.94,333.375,1167,3199,999,3297,1052,1400
6290728,471.06,322.575,456.18,332.85,1161,3183,1001,3291,1053,1402
6290730,470.34,322.2,456.26,332.7,1153,3179,1001,3290,1057,1404
6290732,470.5,322.875,456.26,332.625,1155,3186,1001,3289,1053,1404
6290734,470.82,323.25,456.5,332.775,1158,3190,1003,3290,1053,1403
6290736,471.22,323.475,456.26,332.55,1161,3193,1001,3288,1053,1404
6290738,470.98,323.775,456.26,332.925,1158,3196,1000,3292,1060,1405
6290740,471.22,324.15,456.42,332.25,1161,3200,1001,3285,1054,1406
6290742,471.3,323.175,456.34,333.075,1162,3190,1000,3294,1053,1404
6290744,470.5,324,456.26,332.85,1153,3198,999,3291,1055,1403
6290746,471.62,324.225,456.58,332.775,1164,3201,1003,3291,1058,1405
6290748,471.06,324.3,455.94,332.7,1158,3202,996,3290,1056,1404
6290750,471.38,323.775,456.42,333.375,1161,3196,1000,3298,1057,1402
6290752,470.5,324.6,456.58,333.225,1152,3205,1002,3295,1057,1408
6290754,470.1,324,456.42,333.075,1147,3198,1000,3294,1060,1404
6290756,470.42,323.55,456.34,333.675,1151,3194,999,3300,1061,1407
6290758,469.78,324.075,456.58,332.85,1144,3200,1001,3292,1064,1407
6290760,471.06,323.925,456.1,334.05,1158,3199,997,3305,1057,1405
6290762,470.58,324.675,456.58,334.05,1152,3207,1001,3306,1058,1411
6290764,470.9,324.225,456.9,333.075,1156,3202,1005,3295,1061,1410
6290766,471.46,324.525,456.74,333.6,1162,3206,1003,3301,1062,1413
6290768,470.42,325.95,456.42,333.6,1150,3221,1000,3301,1062,1413
6290770,470.34,324.675,456.98,333.675,1150,3207,1006,3302,1065,1414
6290772,471.06,324.075,457.06,333.675,1158,3201,1007,3302,1061,1415
6290774,470.18,326.625,456.42,333.975,1148,3229,1000,3306,1064,1415
6290776,470.74,326.025,457.54,333.525,1154,3223,1011,3301,1066,1415
6290778,470.98,325.875,456.82,333.6,1157,3222,1004,3302,1062,1417
6290780,470.98,325.2,457.06,334.35,1157,3214,1007,3310,1063,1420
6290782,470.42,325.575,456.58,333.45,1151,3219,1003,3300,1063,1419
6290784,470.42,325.275,457.54,333.825,1151,3215,1012,3306,1068,1420
6290786,471.06,326.1,456.5,334.2,1159,3225,1002,3309,1063,1420
6290788,470.18,325.275,456.9,333.3,1150,3216,1007,3299,1066,1423
6290790,470.5,325.2,457.7,333.525,1154,3215,1016,3303,1065,1422
6290792,470.58,323.7,457.06,333,1155,3199,1009,3297,1066,1420
6290794,470.42,325.2,457.62,332.625,1153,3215,1016,3293,1065,1421
6290796,470.66,324.6,457.94,332.775,1156,3209,1019,3295,1075,1424
6290798,471.46,324.975,457.7,332.025,1165,3214,1018,3287,1059,1425
6290800,471.46,324.375,457.46,331.425,1166,3207,1015,3281,1069,1429
6290802,470.82,324.9,457.46,331.575,1160,3213,1017,3282,1073,1428
6290804,470.9,324.225,457.94,332.1,1161,3206,1021,3288,1069,1428
6290806,470.34,325.725,457.78,331.275,1155,3223,1021,3279,1071,1429
6290808,470.82,323.1,457.7,331.275,1161,3193,1020,3279,1070,1433
6290810,471.38,324.3,458.26,330.675,1168,3207,1027,3273,1073,1430
6290812,471.54,323.925,457.7,331.05,1169,3203,1022,3277,1076,1432
6290814,470.82,323.7,457.78,331.575,1163,3201,1023,3283,1078,1432
6290816,472.18,324.075,457.94,330.825,1177,3205,1025,3275,1075,1433
6290818,472.1,324.15,457.62,331.35,1177,3206,1023,3280,1077,1435
6290820,471.06,324.9,457.78,331.65,1166,3214,1023,3284,1072,1433
6290822,472.02,324.45,458.02,331.5,1178,3209,1027,3283,1073,1433
6290824,471.78,324.375,458.02,331.425,1175,3209,1028,3282,1076,1433
6290826,471.94,323.475,457.78,331.65,1178,3199,1026,3284,1076,1433
6290828,472.58,324.15,458.1,330.6,1184,3206,1030,3273,1073,1435
6290830,471.86,325.05,458.02,331.425,1178,3216,1030,3282,1076,1434
6290832,471.94,324.975,457.86,331.125,1179,3215,1029,3279,1079,1436
6290834,472.02,325.65,457.7,331.5,1181,3223,1028,3283,1074,1437
6290836,471.22,324.975,458.18,331.5,1173,3216,1033,3283,1078,1439
6290838,471.86,324.6,457.7,331.575,1180,3212,1029,3284,1074,1439
6290840,470.9,323.7,458.5,332.1,1170,3201,1037,3290,1076,1442
6290842,470.66,324.675,458.26,332.25,1169,3213,1036,3292,1075,1444
6290844,472.42,324.375,458.58,332.55,1188,3210,1039,3295,1077,1443
6290846,470.74,326.025,458.42,332.55,1171,3228,1039,3296,1076,1442
6290848,471.78,324.9,458.66,331.95,1182,3216,1041,3289,1079,1444
6290850,471.22,325.725,458.9,332.7,1178,3226,1045,3299,1081,1445
6290852,471.46,324.825,458.5,333.075,1180,3215,1040,3303,1078,1447
6290854,471.54,326.25,458.42,332.775,1182,3232,1041,3300,1078,1447
6290856,471.22,326.175,458.58,332.925,1178,3231,1042,3301,1079,1446
6290858,470.82,327.3,458.74,332.85,1174,3244,1045,3302,1076,1447
6290860,470.58,325.35,458.5,332.775,1173,3222,1042,3301,1082,1450
6290862,470.66,326.4,458.58,333.075,1175,3235,1045,3304,1083,1447
6290864,470.74,326.175,458.66,333.3,1175,3232,1045,3307,1081,1450
6290866,470.42,326.25,458.9,333.375,1173,3233,1049,3308,1083,1450
6290868,471.06,325.95,458.9,333.3,1180,3230,1049,3308,1081,1452
6290870,470.74,327.45,458.58,333.225,1177,3247,1047,3308,1080,1450
6290872,470.42,326.1,458.74,333.45,1174,3233,1048,3310,1080,1453
6290874,470.98,325.875,458.98,333,1180,3231,1051,3306,1077,1451
6290876,470.66,327.375,458.18,333.45,1176,3248,1043,3310,1081,1452
6290878,471.06,327,458.26,333.6,1181,3245,1044,3313,1082,1453
6290880,470.82,326.925,458.18,333.225,1178,3244,1043,3309,1085,1452
6290882,470.82,327.3,458.1,333.075,1178,3248,1043,3308,1081,1453
6290884,470.02,327.675,458.26,333.15,1170,3252,1044,3309,1082,1455
6290886,470.34,327,458.18,332.325,1174,3245,1043,3300,1082,1454
6290888,470.58,326.7,457.78,332.925,1176,3242,1039,3307,1081,1452
6290890,470.58,327.525,457.7,333.225,1176,3251,1038,3310,1082,1451
6290892,469.78,326.55,457.7,332.4,1168,3240,1038,3302,1085,1453
6290894,470.18,326.4,457.7,332.7,1171,3239,1038,3304,1083,1454
6290896,469.86,326.1,456.98,332.85,1168,3236,1030,3306,1081,1453
6290898,469.54,325.05,457.14,332.025,1165,3224,1032,3298,1085,1453
6290900,469.14,325.65,457.06,332.55,1160,3231,1031,3303,1085,1457
6290902,469.22,325.125,456.66,332.4,1161,3225,1025,3301,1087,1454
6290904,469.86,326.175,456.42,332.025,1167,3237,1023,3297,1084,1453
6290906,469.06,325.2,456.42,332.1,1158,3226,1022,3298,1084,1453
6290908,469.22,326.625,455.94,332.4,1160,3241,1017,3301,1087,1452
6290910,469.54,325.725,455.78,332.1,1162,3231,1015,3297,1087,1455
6290912,468.98,324.15,455.54,332.55,1157,3214,1012,3302,1090,1452
6290914,469.62,325.425,455.3,332.175,1162,3228,1009,3298,1088,1452
6290916,468.82,324.825,455.38,331.5,1154,3221,1010,3290,1084,1452
6290918,469.3,325.425,455.54,332.025,1158,3227,1010,3296,1085,1451
6290920,469.14,324,454.98,332.1,1156,3211,1004,3296,1084,1450
6290922,468.58,325.05,454.98,332.4,1149,3222,1003,3299,1085,1453
6290924,469.3,325.8,454.74,331.725,1156,3231,1001,3292,1084,1451
6290926,469.7,327,454.66,332.55,1159,3243,999,3300,1087,1455
6290928,468.58,325.125,455.54,332.85,1148,3223,1007,3304,1087,1455
6290930,468.42,326.55,454.82,332.7,1144,3238,999,3302,1084,1453
6290932,468.5,326.325,454.9,332.7,1146,3236,999,3302,1087,1449
6290934,469.06,326.325,454.82,332.25,1150,3235,998,3296,1085,1453
6290936,468.18,326.775,454.74,333.15,1141,3240,997,3306,1087,1455
6290938,468.66,325.05,454.66,332.7,1145,3221,995,3301,1085,1453
6290940,469.14,327.15,454.5,333.15,1150,3244,993,3305,1088,1453
6290942,468.02,326.325,454.42,333.825,1137,3234,991,3312,1082,1449
6290944,468.5,327.6,454.34,333.825,1141,3248,990,3312,1087,1451
6290946,470.18,326.025,454.82,333.975,1158,3230,993,3313,1081,1452
6290948,468.9,328.05,454.74,333.675,1144,3253,993,3310,1082,1449
6290950,469.3,327.075,454.18,334.425,1147,3242,986,3318,1087,1449
6290952,469.94,326.325,454.5,334.125,1154,3234,989,3315,1085,1449
6290954,468.5,327.825,454.58,334.425,1137,3249,988,3318,1084,1450
6290956,469.22,327.6,454.1,334.5,1144,3247,983,3319,1082,1450
6290958,469.54,327.375,454.74,334.35,1147,3245,988,3317,1090,1449
6290960,468.34,328.65,454.5,333.9,1134,3258,986,3312,1083,1449
6290962,469.54,329.1,454.26,334.2,1145,3263,983,3315,1087,1451
6290964,469.46,328.425,454.66,334.05,1144,3256,987,3314,1084,1448
6290966,468.66,327.075,454.66,334.5,1135,3240,985,3318,1085,1449
6290968,469.78,327.225,454.42,334.125,1147,3242,983,3314,1083,1449
6290970,470.1,327,455.14,333.675,1150,3240,989,3309,1085,1449
6290972,468.66,327,454.9,333.525,1134,3239,987,3307,1085,1448
6290974,469.94,327.6,454.74,333.825,1146,3246,984,3310,1081,1448
6290976,469.14,326.325,454.82,333.6,1139,3231,985,3307,1087,1447
6290978,470.34,325.95,454.74,334.05,1150,3227,983,3312,1087,1445
6290980,470.1,327.225,454.66,333.75,1147,3241,983,3308,1082,1446
6290982,469.14,326.85,455.46,333.675,1137,3236,990,3307,1084,1445
6290984,470.18,325.8,454.98,333.6,1148,3225,985,3307,1088,1449
6290986,469.06,327.75,454.9,333.6,1134,3246,983,3306,1085,1448
6290988,469.06,325.8,454.74,333.9,1135,3225,981,3310,1083,1449
6290990,469.54,326.55,455.22,333.6,1139,3233,986,3306,1083,1444
6290992,470.74,325.35,455.14,333.675,1151,3220,985,3307,1085,1447
6290994,469.14,325.725,455.46,333.75,1134,3223,987,3307,1085,1446
6290996,470.1,326.325,454.9,333.975,1144,3229,982,3309,1087,1445
6290998,470.9,326.1,455.14,333.675,1152,3226,984,3305,1084,1447
6291000,469.14,326.25,455.46,333.6,1133,3228,986,3305,1083,1445
6291002,470.5,326.4,455.46,333.675,1147,3230,986,3305,1083,1446
6291004,470.42,325.95,454.98,334.275,1146,3224,981,3311,1085,1445
6291006,470.9,326.85,455.78,333.75,1151,3234,989,3306,1086,1445
6291008,470.58,325.425,455.86,334.05,1148,3218,989,3309,1091,1444
6291010,470.74,325.8,455.62,334.275,1149,3222,987,3311,1090,1443
6291012,470.1,326.85,455.86,334.5,1142,3233,989,3314,1087,1445
6291014,471.7,328.275,455.62,334.425,1159,3249,987,3312,1086,1443
6291016,470.42,327.75,455.54,334.5,1145,3243,986,3313,1084,1442
6291018,471.3,327.825,456.34,334.425,1154,3243,994,3312,1088,1442
6291020,471.54,326.4,456.1,334.35,1157,3228,991,3311,1086,1441
6291022,470.74,326.775,455.86,334.725,1148,3231,988,3315,1087,1441
6291024,471.06,326.775,456.18,334.8,1151,3232,991,3315,1082,1443
6291026,471.22,328.2,456.1,335.1,1152,3247,990,3319,1082,1437
6291028,471.38,327.45,456.82,334.8,1154,3239,998,3316,1085,1440
6291030,472.26,327.3,456.82,335.175,1163,3238,998,3320,1082,1436
6291032,471.62,327.975,456.58,335.25,1156,3245,995,3321,1083,1436
6291034,472.58,328.65,456.74,335.475,1166,3252,997,3323,1082,1435
6291036,471.94,327,456.5,335.55,1159,3234,994,3323,1085,1437
6291038,471.22,328.575,456.26,335.625,1151,3251,991,3325,1086,1436
6291040,471.46,328.275,456.42,335.625,1154,3248,993,3324,1083,1438
6291042,472.02,328.05,456.58,334.95,1159,3246,995,3317,1086,1435
6291044,472.02,328.875,456.66,335.625,1160,3255,995,3325,1084,1434
6291046,471.86,329.1,456.34,334.95,1157,3257,992,3317,1082,1439
6291048,472.1,327.225,456.5,335.1,1161,3237,994,3319,1084,1440
6291050,471.7,327.525,456.9,335.175,1156,3240,997,3319,1083,1435
6291052,471.7,326.625,456.74,335.025,1156,3229,996,3318,1087,1435
6291054,471.7,327.375,457.22,334.8,1156,3238,1001,3315,1082,1436
6291056,471.78,327.45,456.66,334.05,1156,3238,995,3307,1082,1437
6291058,471.38,326.7,456.82,334.65,1152,3230,996,3313,1086,1436
6291060,471.86,326.775,456.42,334.2,1157,3231,992,3308,1089,1437
6291062,471.62,328.5,456.66,334.425,1153,3250,994,3311,1081,1434
6291064,471.14,325.35,456.58,334.35,1149,3214,993,3309,1087,1438
6291066,472.74,326.25,456.82,334.5,1166,3225,996,3311,1081,1436
6291068,471.94,327.375,456.9,335.175,1157,3237,996,3318,1084,1433
6291070,472.18,326.55,456.74,334.05,1159,3227,995,3306,1081,1434
6291072,471.46,326.1,456.34,334.65,1152,3222,990,3311,1084,1433
6291074,471.46,326.625,456.9,334.425,1152,3227,996,3309,1079,1433
6291076,471.94,327.075,456.42,334.2,1157,3233,990,3306,1083,1434
6291078,471.94,325.575,455.94,334.725,1156,3215,985,3311,1085,1434
6291080,471.78,327.3,455.06,334.05,1155,3234,976,3304,1084,1435
6291082,471.78,327.825,455.54,334.875,1154,3239,980,3312,1082,1430
6291084,470.98,327.6,456.42,334.875,1145,3237,989,3313,1084,1436
6291086,471.86,327.525,455.62,334.575,1154,3236,980,3309,1086,1435
6291088,472.02,327.525,454.82,335.25,1156,3236,972,3316,1082,1435
6291090,470.5,326.925,455.22,335.025,1139,3228,975,3313,1086,1429
6291092,471.38,327.225,454.9,335.1,1148,3232,972,3314,1082,1431
6291094,471.38,328.95,454.74,335.7,1147,3251,969,3321,1084,1433
6291096,470.18,327.075,454.66,335.7,1134,3230,968,3320,1087,1428
6291098,471.38,329.775,454.66,335.7,1146,3259,967,3320,1082,1429
6291100,471.62,329.625,454.34,335.625,1148,3257,964,3318,1081,1431
6291102,469.78,327.75,454.58,335.775,1129,3237,965,3320,1085,1430
6291104,471.62,327.225,454.18,335.4,1148,3231,961,3316,1084,1430
6291106,470.34,328.575,454.26,336,1134,3245,961,3322,1088,1431
6291108,470.18,329.475,453.94,335.55,1132,3255,958,3317,1090,1431
6291110,470.98,328.5,453.54,335.325,1139,3245,954,3314,1092,1427
6291112,470.5,329.25,454.26,335.1,1134,3253,961,3312,1084,1429
6291114,470.5,327.75,453.7,334.8,1133,3235,954,3309,1087,1430
6291116,470.82,328.275,453.62,335.325,1137,3242,954,3314,1084,1429
6291118,470.5,328.725,453.54,335.775,1133,3247,951,3319,1082,1431
6291120,469.62,326.25,453.62,335.25,1124,3219,952,3313,1087,1432
6291122,470.42,326.85,453.38,335.55,1131,3226,948,3316,1083,1428
6291124,470.26,327.675,453.3,335.1,1129,3234,948,3311,1082,1429
6291126,470.18,328.05,453.62,335.1,1127,3238,950,3311,1081,1429
6291128,469.14,327.525,452.9,335.025,1116,3232,942,3310,1081,1432
6291130,470.1,327.45,452.66,335.175,1125,3232,939,3312,1081,1432
6291132,470.1,328.05,453.54,335.175,1125,3238,948,3312,1084,1428
6291134,470.18,327.6,453.38,334.5,1125,3233,946,3305,1079,1431
6291136,470.34,326.925,453.38,335.025,1128,3226,946,3310,1085,1432
6291138,469.94,327.45,453.3,335.4,1123,3231,944,3314,1084,1428
6291140,469.22,328.2,453.46,334.875,1114,3239,946,3308,1082,1430
6291142,469.38,327.225,453.14,334.65,1116,3228,943,3305,1085,1434
6291144,470.82,325.425,453.62,335.025,1131,3209,947,3310,1084,1430
6291146,469.38,327.75,453.14,334.575,1116,3234,942,3304,1087,1432
6291148,470.1,327.75,453.46,334.575,1123,3234,945,3305,1080,1433
6291150,470.66,326.775,453.62,334.425,1129,3224,947,3303,1083,1432
6291152,470.66,327.9,453.54,334.875,1129,3236,946,3308,1084,1432
6291154,470.26,326.55,453.46,334.2,1125,3221,945,3300,1084,1433
6291156,471.46,326.85,453.78,333.9,1138,3224,949,3297,1083,1431
6291158,470.58,328.8,453.78,334.05,1127,3245,948,3299,1084,1431
6291160,471.38,325.65,453.78,333.975,1137,3211,948,3298,1084,1433
6291162,471.06,326.55,453.78,333.975,1133,3221,949,3297,1083,1433
6291164,471.78,326.625,453.86,334.05,1140,3222,950,3298,1082,1431
6291166,471.06,327.675,453.54,333.975,1133,3233,946,3298,1082,1432
6291168,472.18,326.475,453.7,333.975,1145,3220,948,3297,1085,1435
6291170,471.54,327.45,454.18,334.35,1139,3230,953,3302,1084,1431
6291172,471.78,327.15,454.26,334.05,1142,3227,954,3299,1086,1432
6291174,471.38,327.9,453.94,334.05,1137,3235,952,3298,1081,1431
6291176,472.66,328.95,454.58,334.65,1151,3247,958,3305,1085,1430
6291178,471.78,328.725,454.18,334.65,1142,3245,954,3305,1083,1431
6291180,471.46,329.1,455.06,335.025,1139,3248,964,3309,1087,1435
6291182,472.74,327.075,454.34,335.175,1154,3227,957,3311,1088,1434
6291184,472.74,327.525,454.34,335.175,1153,3232,957,3311,1085,1434
6291186,471.22,328.275,454.34,335.625,1138,3240,958,3316,1090,1436
6291188,472.58,328.275,454.74,334.575,1152,3240,963,3304,1086,1434
6291190,471.7,330.3,455.14,335.7,1144,3263,967,3318,1088,1433
6291192,471.86,328.2,455.22,336.075,1146,3240,968,3321,1086,1437
6291194,472.18,328.8,454.66,335.775,1150,3246,963,3318,1091,1434
6291196,472.34,330.9,455.38,336.075,1151,3270,970,3321,1087,1436
6291198,471.22,330.075,455.22,336,1141,3260,971,3321,1090,1438
6291200,472.58,327.525,455.06,335.1,1156,3233,969,3312,1085,1434
6291202,471.06,329.55,455.46,335.55,1141,3255,974,3317,1089,1438
6291204,472.18,327.3,455.54,335.475,1153,3231,975,3316,1090,1439
6291206,471.86,329.1,455.7,335.25,1151,3251,979,3314,1089,1439
6291208,472.1,328.8,455.86,335.475,1154,3248,980,3316,1096,1441
6291210,471.3,328.05,455.14,335.475,1147,3239,974,3316,1098,1439
6291212,472.26,330.075,454.9,335.25,1156,3262,972,3314,1089,1437
6291214,472.18,330.225,455.62,335.25,1157,3264,981,3314,1089,1440
6291216,471.94,328.125,455.78,334.875,1155,3240,983,3310,1091,1439
6291218,472.26,328.05,455.54,334.8,1160,3240,982,3309,1087,1439
6291220,472.18,327.825,455.38,334.8,1159,3237,980,3309,1083,1441
6291222,471.46,325.875,455.7,334.575,1154,3216,985,3307,1088,1442
6291224,472.18,327.225,455.94,334.125,1161,3231,988,3302,1086,1441
6291226,472.26,325.8,456.1,334.425,1164,3215,991,3306,1085,1441
6291228,471.86,327.375,455.86,333.825,1160,3232,989,3299,1089,1444
6291230,471.22,326.55,455.7,333.525,1154,3223,989,3296,1086,1444
6291232,472.1,326.475,456.1,334.125,1164,3222,992,3302,1088,1441
6291234,471.54,325.95,455.38,334.2,1159,3217,986,3303,1084,1443
6291236,471.62,327.675,455.46,333.825,1160,3235,988,3298,1092,1444
6291238,471.14,327,455.7,334.425,1156,3227,991,3305,1089,1442
6291240,471.62,327.3,455.3,334.125,1161,3231,987,3302,1091,1443
6291242,471.38,327.825,455.86,334.35,1161,3236,995,3304,1088,1439
6291244,471.46,326.55,455.62,334.2,1162,3223,992,3302,1091,1441
6291246,471.14,327.9,455.14,334.275,1160,3237,989,3302,1086,1443
6291248,471.86,327.525,455.78,334.425,1167,3233,995,3305,1084,1441
6291250,472.1,327.3,455.62,334.5,1172,3231,995,3305,1085,1441
6291252,471.14,327.9,455.46,334.2,1161,3237,994,3301,1088,1441
6291254,471.38,327.825,455.38,334.95,1165,3236,994,3310,1086,1440
6291256,471.62,327.45,455.38,334.35,1168,3232,994,3303,1090,1441
6291258,471.62,328.5,455.54,334.425,1169,3243,997,3303,1089,1440
6291260,471.78,329.25,455.54,334.65,1170,3252,997,3306,1086,1440
6291262,472.82,327.975,455.86,334.65,1183,3237,1002,3306,1089,1442
6291264,472.02,329.175,455.54,334.8,1175,3250,999,3308,1090,1442
6291266,472.34,330.45,455.62,334.725,1179,3265,1001,3307,1086,1440
6291268,472.02,328.95,455.54,334.5,1176,3248,1000,3304,1087,1443
6291270,471.7,329.775,455.62,334.95,1174,3257,1003,3310,1090,1445
6291272,472.18,329.925,455.38,335.025,1179,3259,1000,3310,1091,1442
6291274,471.3,330.075,455.94,334.8,1171,3260,1007,3308,1085,1442
6291276,471.7,328.575,455.54,334.875,1175,3244,1003,3309,1094,1441
6291278,472.74,330.15,455.94,335.025,1188,3262,1009,3310,1095,1441
6291280,471.54,330.45,455.62,334.8,1175,3264,1005,3308,1089,1444
6291282,471.3,327.6,455.38,335.175,1174,3233,1004,3312,1087,1440
6291284,471.7,329.25,455.3,334.725,1179,3251,1004,3307,1092,1444
6291286,471.86,329.55,455.54,334.95,1182,3255,1007,3310,1090,1443
6291288,471.38,328.725,455.3,334.05,1177,3245,1005,3300,1089,1444
6291290,472.5,330.15,455.46,334.425,1189,3261,1008,3304,1091,1444
6291292,471.06,329.325,455.46,333.975,1174,3252,1008,3299,1090,1445
6291294,471.7,329.1,455.54,334.425,1183,3250,1010,3304,1094,1442
6291296,471.38,328.95,455.3,334.35,1179,3248,1007,3302,1088,1446
6291298,471.22,328.725,455.62,334.275,1179,3245,1012,3302,1090,1446
6291300,471.7,329.1,455.38,334.2,1183,3250,1010,3301,1092,1445
6291302,471.38,329.1,455.06,333.75,1181,3249,1007,3296,1098,1446
6291304,471.06,327.825,455.06,334.65,1178,3235,1007,3305,1098,1445
6291306,471.54,328.5,455.14,335.325,1184,3242,1008,3313,1094,1444
6291308,471.22,328.5,454.5,334.35,1180,3242,1002,3302,1100,1446
6291310,471.62,330.225,454.9,334.35,1185,3261,1007,3302,1098,1446
6291312,471.38,328.65,454.66,334.425,1183,3244,1005,3302,1097,1444
6291314,471.06,329.025,454.42,334.35,1180,3248,1003,3302,1097,1443
6291316,470.82,328.5,454.9,334.425,1178,3242,1008,3302,1093,1446
6291318,471.46,329.025,454.58,334.425,1185,3248,1005,3302,1098,1444
6291320,471.14,327.975,454.34,334.725,1182,3236,1002,3306,1091,1447
6291322,470.5,329.775,454.5,334.95,1175,3255,1004,3308,1091,1445
6291324,471.22,329.4,454.74,335.025,1182,3252,1007,3309,1101,1447
6291326,470.82,330.15,454.02,334.95,1178,3260,1000,3308,1096,1443
6291328,470.9,326.7,454.5,334.2,1180,3222,1004,3300,1093,1450
6291330,471.62,330.45,454.18,334.575,1186,3263,1001,3303,1098,1447
6291332,470.58,329.325,454.74,334.425,1176,3250,1007,3302,1095,1446
6291334,471.54,329.775,454.34,335.175,1186,3255,1003,3310,1101,1447
6291336,470.98,330,454.02,334.8,1180,3258,1000,3306,1099,1448
6291338,470.82,330.225,454.42,334.875,1179,3260,1004,3307,1099,1444
6291340,471.46,330.675,454.26,334.65,1185,3265,1002,3304,1102,1446
6291342,471.62,328.875,454.18,334.875,1187,3246,1001,3307,1099,1447
6291344,471.86,329.55,454.02,334.8,1190,3253,1000,3306,1105,1445
6291346,471.86,330.075,454.18,335.025,1189,3259,1001,3308,1098,1446
6291348,471.86,331.65,454.26,334.575,1189,3276,1001,3303,1102,1448
6291350,471.22,331.05,454.5,335.325,1181,3269,1004,3312,1106,1444
6291352,470.9,328.95,453.94,335.025,1179,3246,998,3308,1095,1447
6291354,471.06,330.825,454.66,334.05,1180,3267,1006,3297,1103,1448
6291356,471.14,330.225,454.34,334.425,1181,3260,1002,3301,1099,1445
6291358,471.14,329.7,453.94,334.875,1181,3254,997,3306,1096,1444
6291360,471.22,330.3,453.7,334.95,1181,3261,995,3307,1095,1448
6291362,470.66,331.125,454.02,335.475,1174,3270,998,3313,1094,1446
6291364,470.74,329.25,454.26,335.1,1176,3248,1000,3309,1093,1448
6291366,471.14,328.65,454.02,334.725,1180,3242,997,3304,1097,1449
6291368,471.06,330.6,454.02,334.5,1179,3264,998,3302,1095,1445
6291370,471.3,329.85,453.7,334.575,1182,3255,994,3302,1100,1451
6291372,470.98,329.4,453.78,335.325,1178,3250,995,3311,1094,1445
6291374,471.7,331.125,453.94,334.725,1185,3269,996,3304,1098,1447
6291376,471.7,331.05,453.86,334.95,1185,3269,995,3307,1098,1448
6291378,471.94,332.775,454.18,335.25,1187,3288,999,3310,1101,1447
6291380,472.02,330.675,453.86,335.325,1189,3265,995,3310,1101,1447
6291382,471.54,331.35,453.78,334.8,1182,3272,993,3305,1102,1452
6291384,470.9,332.475,453.94,335.325,1176,3285,996,3311,1101,1447
6291386,471.54,329.7,453.7,335.025,1182,3254,993,3307,1098,1447
6291388,471.06,332.4,453.38,335.7,1177,3284,989,3315,1101,1448
6291390,471.06,331.5,453.78,335.925,1177,3274,993,3318,1098,1448
6291392,471.3,330.375,453.22,335.475,1179,3261,987,3312,1097,1449
6291394,471.54,332.175,453.46,335.4,1181,3281,989,3312,1098,1449
6291396,471.54,332.4,453.7,335.4,1181,3284,992,3312,1103,1448
6291398,470.9,331.5,453.3,335.4,1174,3274,987,3312,1103,1450
6291400,471.46,330.9,453.62,335.1,1180,3268,990,3308,1099,1450
6291402,471.14,332.025,453.54,335.7,1176,3280,989,3315,1099,1450
6291404,471.22,329.85,453.22,335.175,1177,3256,986,3310,1109,1451
6291406,470.98,330.525,453.78,335.025,1174,3264,991,3308,1102,1451
6291408,469.54,330.45,453.22,334.8,1159,3262,985,3306,1104,1450
6291410,471.3,330.075,453.14,334.875,1178,3259,984,3307,1109,1450
6291412,470.74,331.95,453.3,334.425,1171,3280,986,3302,1102,1453
6291414,470.66,330.9,453.22,334.875,1169,3268,985,3307,1106,1450
6291416,471.94,329.775,453.62,334.425,1184,3257,988,3302,1102,1452
6291418,470.98,329.925,453.78,334.725,1173,3257,990,3305,1101,1451
6291420,470.9,329.1,453.14,334.425,1173,3248,983,3302,1100,1454
6291422,471.62,329.025,453.14,334.65,1180,3248,983,3305,1096,1451
6291424,471.14,329.475,453.7,334.275,1175,3253,989,3301,1103,1452
6291426,471.54,330.15,453.46,334.425,1178,3261,986,3303,1104,1453
6291428,471.86,329.25,453.38,334.65,1182,3251,985,3305,1110,1453
6291430,471.54,330.45,452.98,335.175,1178,3264,981,3311,1113,1453
6291432,471.06,329.85,453.7,334.425,1173,3257,989,3303,1108,1452
6291434,471.38,331.125,452.9,334.575,1176,3272,980,3304,1109,1454
6291436,472.1,330,452.98,334.725,1184,3260,980,3306,1109,1456
6291438,471.7,329.325,453.78,334.125,1179,3252,989,3299,1115,1455
6291440,470.9,331.575,453.38,335.1,1171,3276,984,3309,1112,1456
6291442,472.1,330.675,453.54,334.8,1183,3267,985,3307,1110,1458
6291444,471.38,329.625,453.7,334.95,1176,3255,987,3308,1115,1452
6291446,471.3,331.05,453.86,334.725,1175,3270,989,3305,1111,1455
6291448,471.78,330.15,454.1,335.1,1180,3261,991,3310,1106,1458
6291450,473.06,332.325,454.1,334.65,1192,3286,992,3305,1111,1456
6291452,473.06,331.875,453.86,334.35,1193,3280,989,3301,1104,1457
6291454,472.02,330.9,453.94,334.575,1182,3269,990,3304,1109,1457
6291456,472.02,330.225,454.34,333.975,1182,3261,993,3297,1108,1459
6291458,472.02,330.825,454.82,334.35,1182,3268,999,3302,1107,1458
6291460,472.42,330.825,454.42,334.95,1185,3269,994,3308,1109,1460
6291462,472.1,329.25,454.82,333.75,1183,3251,999,3295,1108,1458
6291464,472.02,331.275,454.42,335.1,1182,3273,994,3310,1109,1458
6291466,472.5,331.65,455.06,334.275,1187,3277,1001,3301,1107,1462
6291468,473.14,331.125,455.06,334.425,1193,3272,1001,3302,1112,1463
6291470,472.34,330,454.9,334.05,1185,3260,1000,3298,1111,1461
6291472,472.66,330.825,455.14,333.975,1189,3268,1002,3298,1111,1462
6291474,472.98,330.3,455.06,334.425,1192,3263,1002,3302,1109,1462
6291476,471.78,331.05,455.3,334.2,1179,3270,1004,3300,1114,1461
6291478,472.9,329.325,455.3,334.05,1191,3252,1004,3299,1110,1463
6291480,472.66,330.525,454.9,333.75,1189,3265,1000,3295,1112,1464
6291482,472.18,329.925,455.3,334.05,1184,3258,1004,3299,1111,1463
6291484,472.58,330.225,455.46,334.35,1188,3262,1006,3302,1111,1462
6291486,472.18,330.525,455.62,334.275,1184,3265,1008,3302,1111,1461
6291488,472.26,329.775,455.38,334.2,1185,3257,1006,3300,1114,1464
6291490,472.58,330.6,455.38,334.275,1189,3266,1006,3301,1110,1462
6291492,472.02,330.45,455.06,334.35,1183,3264,1003,3302,1115,1464
6291494,472.18,331.575,455.3,333.975,1185,3277,1006,3298,1115,1464
6291496,472.18,330.3,455.7,334.275,1186,3263,1010,3302,1116,1464
6291498,472.58,331.425,455.22,334.35,1190,3275,1006,3302,1108,1467
6291500,472.1,329.325,455.7,333.975,1186,3252,1011,3298,1115,1466
6291502,471.94,330,455.54,334.65,1185,3259,1010,3305,1111,1466
6291504,472.02,331.5,456.1,334.05,1185,3276,1016,3299,1122,1468
6291506,472.02,330.9,455.22,334.125,1186,3269,1007,3300,1120,1469
6291508,472.58,329.625,455.14,334.65,1192,3255,1006,3305,1121,1470
6291510,472.58,331.425,456.1,334.125,1192,3275,1017,3300,1115,1467
6291512,473.54,330.15,455.94,334.425,1202,3261,1015,3303,1116,1468
6291514,472.34,330.525,456.1,333.75,1190,3265,1017,3296,1114,1470
6291516,472.5,330.45,455.94,334.65,1192,3264,1015,3306,1120,1472
6291518,471.54,329.85,456.02,334.725,1182,3257,1017,3307,1120,1469
6291520,472.1,329.175,456.26,334.425,1188,3251,1019,3303,1120,1472
6291522,472.26,330.825,455.94,334.8,1190,3269,1017,3308,1118,1470
6291524,472.58,331.275,456.18,335.175,1193,3274,1018,3312,1120,1474
6291526,472.26,331.65,455.38,335.025,1190,3278,1011,3310,1119,1476
6291528,473.22,329.025,455.94,334.2,1201,3249,1017,3301,1121,1475
6291530,472.82,330,456.1,335.925,1197,3260,1019,3321,1122,1479
6291532,472.58,332.325,455.62,335.25,1194,3286,1014,3313,1120,1477
6291534,473.22,330.15,455.94,336.45,1202,3263,1017,3326,1119,1479
6291536,472.58,330.675,456.02,335.4,1195,3268,1019,3315,1123,1479
6291538,473.14,330.975,456.26,335.7,1201,3272,1021,3319,1124,1481
6291540,473.06,330.3,456.18,336.15,1200,3264,1021,3323,1125,1480
6291542,472.42,330.9,456.18,336.75,1194,3271,1020,3330,1123,1482
6291544,473.38,330.675,456.26,335.55,1204,3269,1022,3317,1125,1478
6291546,472.42,330.3,455.86,335.85,1194,3264,1018,3320,1124,1485
6291548,472.34,330.825,456.34,336.225,1194,3270,1023,3324,1125,1484
6291550,472.74,331.65,455.94,335.55,1198,3279,1019,3317,1127,1482
6291552,472.9,329.025,455.86,334.95,1200,3250,1019,3311,1121,1480
6291554,472.98,330.6,455.94,336.45,1201,3268,1020,3327,1121,1486
6291556,473.06,330.375,456.34,336.075,1202,3266,1024,3323,1120,1483
6291558,473.78,328.35,456.02,335.775,1212,3244,1022,3320,1118,1485
6291560,473.14,327.9,456.5,336.225,1205,3239,1026,3325,1122,1482
6291562,473.06,328.575,455.86,334.725,1204,3245,1021,3308,1120,1483
6291564,473.22,328.725,455.7,334.875,1206,3247,1020,3310,1122,1481
6291566,472.9,327.075,456.18,335.1,1204,3229,1025,3312,1123,1488
6291568,472.74,328.125,456.34,334.95,1202,3241,1026,3310,1122,1487
6291570,473.3,329.4,456.34,335.55,1208,3255,1028,3317,1123,1489
6291572,472.58,328.875,456.34,334.725,1201,3249,1027,3307,1126,1488
6291574,473.14,329.25,456.18,335.25,1207,3253,1027,3313,1119,1488
6291576,474.34,328.875,456.66,334.35,1220,3249,1032,3304,1126,1492
6291578,472.98,327,456.26,334.5,1207,3228,1028,3305,1124,1489
6291580,473.3,329.025,456.1,335.55,1210,3251,1026,3317,1130,1490
6291582,472.9,328.5,455.7,335.325,1206,3244,1023,3314,1123,1493
6291584,473.06,326.925,455.86,335.55,1209,3227,1024,3317,1124,1498
6291586,472.26,329.55,455.78,335.85,1201,3255,1024,3320,1125,1493
6291588,473.3,329.4,456.02,335.25,1211,3254,1027,3313,1122,1499
6291590,473.3,328.5,456.58,335.55,1212,3244,1034,3316,1126,1497
6291592,473.22,327.825,456.18,335.475,1212,3236,1029,3316,1136,1498
6291594,473.54,328.275,456.74,335.625,1215,3242,1036,3317,1131,1498
6291596,472.82,330.075,456.42,336.3,1208,3261,1033,3324,1125,1501
6291598,472.66,328.875,456.26,336.3,1206,3248,1031,3324,1128,1499
6291600,473.38,329.025,456.42,336.375,1214,3249,1033,3325,1128,1503
6291602,473.7,328.8,455.94,336.45,1218,3247,1028,3326,1128,1502
6291604,474.02,328.65,456.58,336.075,1221,3246,1035,3322,1139,1506
6291606,473.06,330.15,456.74,336.3,1212,3262,1037,3325,1138,1502
6291608,473.3,328.2,456.9,336.15,1215,3241,1039,3323,1138,1501
6291610,473.38,329.4,456.42,336.3,1216,3254,1035,3325,1137,1505
6291612,474.18,328.35,456.9,336.675,1225,3242,1039,3330,1139,1504
6291614,473.46,328.725,456.42,336.75,1218,3247,1035,3330,1140,1509
6291616,473.3,329.475,456.5,336.525,1215,3255,1036,3328,1142,1507
6291618,473.54,329.4,456.42,336.45,1218,3255,1035,3327,1140,1506
6291620,473.7,329.7,456.02,336.375,1220,3258,1031,3327,1139,1507
6291622,473.7,328.95,456.42,336.45,1221,3250,1036,3327,1138,1507
6291624,473.3,328.8,456.26,336.375,1217,3248,1035,3326,1142,1509
6291626,474.42,327.75,456.5,336.3,1229,3237,1038,3326,1139,1504
6291628,473.38,328.05,456.5,337.35,1218,3240,1037,3338,1140,1509
6291630,474.34,327.75,456.5,336.825,1229,3237,1038,3332,1140,1509
6291632,473.7,327.975,456.5,336.225,1222,3240,1038,3326,1143,1508
6291634,474.1,327.225,456.26,336.45,1227,3232,1036,3328,1143,1512
6291636,473.78,326.55,456.42,335.7,1224,3224,1038,3320,1148,1512
6291638,473.54,328.575,455.94,336.6,1221,3247,1033,3330,1143,1513
6291640,474.42,328.05,456.18,336.225,1231,3242,1036,3326,1143,1512
6291642,474.42,327.45,456.9,335.4,1231,3235,1044,3317,1142,1513
6291644,474.1,326.025,457.06,335.85,1228,3219,1046,3322,1145,1518
6291646,473.62,326.475,456.5,335.325,1224,3224,1041,3316,1146,1514
6291648,474.58,327.45,457.14,335.25,1234,3235,1047,3315,1149,1516
6291650,474.18,327.075,457.06,334.875,1230,3231,1048,3312,1148,1513
6291652,473.86,326.325,456.66,335.475,1227,3222,1043,3318,1141,1516
6291654,473.78,325.95,456.66,335.85,1228,3218,1043,3322,1143,1520
6291656,473.54,326.025,456.5,335.1,1225,3219,1042,3314,1146,1518
6291658,473.7,325.275,456.98,335.4,1227,3211,1047,3317,1147,1521
6291660,474.66,326.25,456.98,336,1237,3222,1047,3324,1142,1520
6291662,473.7,327.375,456.5,335.325,1227,3234,1042,3317,1150,1520
6291664,474.26,325.35,456.5,336.45,1233,3212,1042,3329,1145,1524
6291666,473.06,326.775,456.5,335.925,1220,3227,1042,3323,1147,1522
6291668,473.54,327.375,456.5,336.45,1225,3234,1042,3329,1147,1524
6291670,473.78,328.125,456.82,337.05,1228,3242,1045,3336,1149,1524
6291672,473.46,326.4,457.06,337.275,1225,3223,1048,3338,1149,1528
6291674,473.54,327.45,456.5,336.975,1225,3235,1042,3335,1149,1530
6291676,473.94,327.075,457.14,337.65,1230,3231,1049,3343,1154,1527
6291678,473.86,328.125,456.98,337.5,1229,3242,1047,3341,1153,1530
6291680,473.7,329.025,457.22,337.875,1227,3253,1050,3345,1156,1532
6291682,473.14,328.875,456.9,337.65,1221,3251,1047,3343,1157,1530
6291684,474.42,329.4,457.46,337.8,1234,3257,1053,3345,1157,1531
6291686,472.58,327.6,456.82,338.85,1215,3237,1046,3357,1159,1533
6291688,473.62,329.025,456.74,338.625,1226,3253,1045,3354,1149,1533
6291690,474.02,330.525,456.82,338.625,1230,3270,1046,3355,1150,1534
6291692,473.78,329.325,456.58,338.7,1228,3257,1043,3355,1155,1534
6291694,472.66,329.4,456.34,339,1216,3258,1041,3359,1152,1536
6291696,473.06,330.075,456.82,338.175,1220,3266,1046,3350,1156,1536
6291698,473.14,329.25,456.5,338.625,1221,3256,1042,3355,1163,1537
6291700,472.98,329.85,456.98,338.25,1219,3263,1047,3351,1165,1538
6291702,471.62,331.275,456.58,338.25,1204,3279,1043,3351,1165,1538
6291704,473.3,329.7,456.82,338.175,1221,3262,1045,3350,1171,1539
6291706,472.5,329.25,456.42,338.325,1213,3257,1041,3352,1166,1538
6291708,472.42,329.25,456.66,338.25,1212,3256,1043,3351,1167,1538
6291710,471.94,329.325,456.5,338.4,1207,3257,1041,3353,1168,1539
6291712,472.98,328.875,456.58,338.475,1218,3253,1042,3354,1164,1539
6291714,472.02,328.5,456.58,338.1,1208,3248,1041,3349,1165,1537
6291716,472.1,327.75,456.5,338.325,1208,3240,1040,3352,1171,1540
6291718,471.94,328.65,456.5,337.65,1205,3249,1040,3344,1167,1539
6291720,471.78,329.175,456.42,338.025,1204,3255,1039,3348,1169,1542
6291722,472.42,328.275,456.74,338.025,1210,3245,1042,3348,1171,1539
6291724,472.42,327.825,456.34,337.95,1210,3240,1038,3347,1167,1543
6291726,471.22,326.4,456.26,337.8,1198,3223,1036,3344,1171,1542
6291728,471.54,327.9,456.1,337.725,1200,3240,1034,3344,1170,1543
6291730,471.22,328.275,456.34,337.5,1196,3243,1036,3341,1167,1542
6291732,471.86,327.825,456.02,337.35,1204,3238,1033,3339,1170,1544
6291734,472.34,326.775,456.1,336.975,1208,3226,1033,3334,1170,1544
6291736,472.42,327.45,456.26,337.125,1209,3234,1035,3335,1170,1545
6291738,471.46,327.3,456.58,337.125,1198,3231,1038,3335,1169,1546
6291740,471.54,327.45,455.94,337.35,1198,3233,1031,3337,1170,1548
6291742,471.62,327.675,456.1,337.275,1199,3234,1031,3335,1172,1546
6291744,471.46,326.1,456.26,337.2,1198,3216,1033,3335,1163,1546
6291746,471.7,326.925,456.18,337.5,1199,3225,1031,3337,1169,1547
6291748,471.54,326.1,456.34,336.975,1197,3216,1033,3331,1169,1549
6291750,471.78,327.15,456.26,337.425,1199,3226,1031,3335,1172,1546
6291752,471.54,327.6,456.34,336.975,1196,3231,1033,3330,1167,1549
6291754,471.3,327.15,456.18,337.8,1193,3226,1029,3338,1168,1551
6291756,471.94,327,456.58,337.425,1200,3224,1034,3334,1165,1547
6291758,472.18,327.75,456.42,337.575,1201,3231,1031,3335,1166,1546
6291760,471.46,327.825,455.94,337.425,1194,3232,1027,3333,1164,1551
6291762,471.62,327.225,456.1,338.25,1195,3224,1027,3342,1166,1552
6291764,472.18,328.725,456.66,338.025,1200,3241,1033,3339,1170,1553
6291766,472.02,328.125,456.42,338.25,1198,3234,1031,3341,1169,1551
6291768,472.02,328.425,456.66,337.725,1198,3237,1033,3335,1172,1552
6291770,472.1,327.975,456.42,338.1,1199,3232,1031,3339,1168,1554
6291772,472.66,328.725,456.42,338.625,1205,3240,1030,3344,1175,1554
6291774,471.7,327.975,457.22,338.1,1195,3231,1039,3338,1173,1556
6291776,472.82,329.475,457.22,338.1,1207,3248,1039,3338,1176,1556
6291778,472.18,328.125,456.5,338.925,1200,3232,1030,3347,1175,1556
6291780,472.5,328.95,457.06,338.325,1203,3241,1037,3340,1175,1564
6291782,472.82,328.8,456.98,338.625,1206,3240,1036,3343,1174,1559
6291784,472.66,328.95,457.62,338.7,1204,3242,1042,3344,1176,1562
6291786,472.5,328.875,457.62,338.4,1202,3240,1042,3341,1175,1563
6291788,472.18,328.95,457.7,338.625,1199,3241,1043,3343,1172,1566
6291790,473.3,328.95,457.78,339,1211,3241,1044,3347,1170,1563
6291792,472.34,329.175,457.94,338.625,1201,3243,1046,3343,1171,1565
6291794,472.5,328.5,458.34,337.875,1203,3236,1050,3335,1176,1565
6291796,472.34,328.2,457.94,338.775,1201,3232,1046,3345,1175,1565
6291798,472.74,330,458.1,338.55,1205,3252,1048,3342,1176,1567
6291800,473.3,329.25,457.62,338.325,1211,3245,1042,3340,1175,1567
6291802,472.9,328.875,457.54,338.925,1207,3240,1042,3346,1174,1568
6291804,472.5,329.475,457.46,338.025,1202,3247,1041,3337,1176,1571
6291806,472.42,328.8,457.62,338.325,1202,3240,1042,3340,1175,1567
6291808,472.42,328.5,457.62,338.775,1202,3236,1043,3345,1174,1569
6291810,472.34,328.875,457.86,338.4,1201,3241,1046,3341,1180,1567
6291812,472.9,328.275,458.02,338.25,1207,3235,1047,3340,1176,1568
6291814,472.42,328.8,457.94,338.475,1202,3240,1046,3343,1179,1567
6291816,472.74,329.1,458.18,338.175,1205,3244,1049,3339,1179,1573
6291818,473.14,329.325,457.94,338.7,1210,3246,1046,3345,1181,1572
6291820,472.66,328.275,457.86,338.4,1205,3234,1046,3342,1175,1573
6291822,472.34,328.575,457.94,338.1,1202,3239,1047,3339,1178,1574
6291824,472.74,328.35,457.94,338.175,1206,3236,1047,3339,1178,1574
6291826,473.54,328.725,458.02,338.925,1215,3241,1048,3348,1181,1574
6291828,473.06,329.1,458.42,338.325,1210,3244,1053,3342,1178,1577
6291830,474.26,329.025,458.02,338.25,1222,3245,1048,3341,1179,1575
6291832,473.06,328.575,457.86,339.15,1210,3239,1047,3351,1179,1574
6291834,472.9,328.8,458.66,338.625,1209,3242,1055,3346,1177,1577
6291836,473.62,329.1,458.02,338.7,1217,3246,1049,3347,1182,1573
6291838,473.3,329.25,458.34,339,1213,3248,1052,3350,1175,1577
6291840,473.22,328.5,458.42,339.15,1213,3240,1053,3352,1176,1577
6291842,473.22,329.55,458.34,338.775,1213,3251,1053,3349,1179,1578
6291844,473.22,328.5,459.14,339.3,1213,3240,1061,3354,1176,1580
6291846,473.22,329.025,458.82,339.075,1214,3246,1058,3352,1182,1578
6291848,472.34,328.875,458.66,338.7,1205,3244,1057,3348,1183,1578
6291850,472.66,329.1,458.66,338.7,1209,3247,1057,3349,1182,1581
6291852,473.06,328.875,458.9,338.475,1212,3244,1060,3346,1178,1580
6291854,472.98,328.5,458.74,338.55,1212,3241,1059,3347,1178,1584
6291856,472.82,330.225,458.9,338.85,1211,3260,1060,3351,1175,1581
6291858,472.9,327.9,458.5,338.775,1213,3235,1057,3350,1178,1580
6291860,473.3,329.175,458.9,338.625,1216,3248,1061,3348,1174,1580
6291862,472.82,329.175,458.98,338.625,1213,3249,1063,3349,1179,1583
6291864,472.98,329.55,458.34,338.25,1213,3253,1057,3345,1176,1585
6291866,472.58,328.275,458.74,338.55,1210,3239,1061,3349,1177,1584
6291868,472.1,328.425,458.74,337.95,1205,3241,1061,3342,1178,1585
6291870,472.02,328.2,458.5,338.475,1205,3239,1058,3348,1177,1583
6291872,472.1,328.875,458.9,338.55,1205,3247,1063,3349,1181,1583
6291874,473.06,329.85,458.74,338.55,1215,3258,1061,3350,1178,1584
6291876,472.74,329.175,458.58,338.25,1213,3250,1060,3346,1184,1588
6291878,472.5,329.1,458.66,338.475,1210,3250,1061,3349,1185,1588
6291880,472.26,329.175,458.42,338.925,1208,3251,1059,3354,1184,1586
6291882,471.62,329.475,458.82,337.875,1202,3254,1064,3343,1184,1585
6291884,471.7,329.625,458.42,338.775,1202,3256,1059,3353,1180,1588
6291886,472.9,330,458.58,337.875,1215,3261,1061,3343,1180,1590
6291888,472.18,329.325,458.26,338.175,1207,3253,1058,3347,1182,1589
6291890,472.66,329.925,458.1,338.55,1213,3260,1056,3351,1181,1589
6291892,472.82,328.425,458.18,338.55,1215,3244,1057,3351,1180,1587
6291894,471.86,330.525,457.78,338.475,1204,3267,1053,3350,1179,1591
6291896,471.46,329.1,457.7,338.25,1200,3251,1052,3347,1179,1593
6291898,471.54,328.8,457.54,337.95,1202,3248,1050,3345,1186,1594
6291900,472.34,330.75,457.7,338.25,1209,3270,1053,3348,1185,1593
6291902,471.38,330.6,457.3,338.925,1200,3269,1048,3356,1191,1593
6291904,471.86,329.025,457.7,337.275,1205,3251,1052,3337,1185,1597
6291906,471.7,330.675,458.02,338.1,1202,3270,1055,3347,1186,1592
6291908,471.3,329.25,457.54,337.875,1199,3254,1051,3344,1186,1595
6291910,471.62,329.55,457.7,337.275,1202,3257,1052,3338,1187,1596
6291912,471.38,329.1,457.7,337.05,1200,3252,1052,3335,1186,1597
6291914,472.1,328.875,457.62,337.275,1207,3250,1051,3338,1187,1596
6291916,471.7,329.025,457.62,336.75,1202,3251,1051,3332,1185,1598
6291918,470.82,329.775,457.62,336.675,1193,3259,1051,3331,1185,1599
6291920,471.38,328.8,457.06,336.75,1199,3248,1045,3332,1188,1600
6291922,471.46,328.8,457.22,336.375,1200,3248,1047,3327,1183,1601
6291924,470.5,328.8,456.9,336.225,1190,3248,1044,3325,1187,1604
6291926,471.3,327.975,456.98,336.225,1199,3239,1044,3325,1191,1604
6291928,470.58,328.725,456.98,336.075,1191,3247,1045,3323,1187,1603
6291930,470.34,328.05,457.06,336.075,1189,3240,1046,3324,1189,1604
6291932,470.82,328.5,456.98,336.45,1194,3244,1045,3327,1190,1604
6291934,470.98,329.25,457.06,335.85,1195,3253,1046,3321,1187,1602
6291936,470.18,327.6,457.14,335.55,1187,3234,1047,3318,1193,1604
6291938,470.18,328.95,457.14,336.15,1186,3249,1047,3324,1192,1602
6291940,470.5,328.5,456.82,336.3,1190,3244,1044,3326,1189,1604
6291942,469.7,327.3,457.06,336.45,1182,3230,1045,3327,1188,1602
6291944,470.82,327.9,457.3,336.375,1194,3237,1048,3326,1189,1603
6291946,470.74,328.425,457.06,335.7,1193,3243,1046,3318,1187,1603
6291948,470.34,328.5,456.98,335.925,1188,3243,1045,3321,1190,1604
6291950,469.86,328.05,457.86,335.85,1184,3238,1055,3320,1191,1604
6291952,470.5,328.275,457.14,336.825,1191,3240,1047,3330,1184,1600
6291954,470.58,329.175,456.98,336,1191,3251,1046,3322,1183,1602
6291956,470.9,328.725,456.98,336.9,1195,3245,1045,3331,1184,1603
6291958,470.9,329.025,457.7,336.15,1195,3249,1054,3323,1189,1608
6291960,471.54,329.85,457.54,336.225,1202,3258,1052,3324,1187,1606
6291962,470.98,328.425,458.18,336.15,1197,3242,1059,3323,1186,1606
6291964,471.14,328.65,458.34,336.3,1198,3244,1061,3325,1182,1608
6291966,471.54,329.475,458.18,336.3,1203,3253,1059,3325,1185,1605
6291968,470.9,329.85,458.18,336.375,1196,3258,1060,3325,1190,1605
6291970,471.22,328.725,458.9,336.825,1200,3245,1067,3331,1186,1603
6291972,470.66,329.55,458.26,338.4,1194,3255,1060,3348,1192,1606
6291974,471.7,329.7,458.34,337.5,1205,3257,1061,3338,1189,1606
6291976,470.66,329.25,458.82,337.275,1195,3251,1067,3336,1192,1609
6291978,470.98,329.025,459.3,336.75,1199,3248,1073,3330,1190,1607
6291980,471.14,329.7,458.66,336.45,1200,3256,1066,3327,1195,1610
6291982,470.58,328.575,458.58,336.375,1195,3243,1066,3326,1191,1606
6291984,471.54,330.375,459.54,336.6,1205,3264,1075,3329,1187,1606
6291986,470.82,329.7,458.66,336.15,1198,3256,1067,3324,1186,1610
6291988,470.42,329.625,458.66,336.675,1193,3256,1067,3330,1190,1609
6291990,471.7,329.925,459.14,336.375,1206,3260,1072,3327,1184,1608
6291992,470.74,329.325,458.58,336.3,1197,3252,1066,3325,1190,1612
6291994,471.14,329.4,459.14,336.225,1201,3254,1072,3325,1186,1607
6291996,471.14,328.725,459.38,335.4,1202,3246,1075,3316,1191,1610
6291998,470.98,329.25,458.34,336.075,1200,3252,1064,3324,1191,1613
6292000,471.06,329.475,458.42,335.85,1201,3255,1065,3321,1193,1610
6292002,471.14,329.85,459.06,335.4,1202,3259,1072,3317,1192,1611
6292004,471.06,329.55,458.34,335.1,1201,3256,1065,3313,1192,1610
6292006,470.5,329.475,458.1,335.325,1195,3254,1062,3316,1190,1611
6292008,470.42,329.325,458.42,336,1194,3253,1065,3323,1184,1616
6292010,470.34,329.625,458.26,336.6,1194,3257,1063,3330,1190,1608
6292012,469.94,329.85,458.1,335.925,1189,3259,1062,3323,1190,1612
6292014,469.54,328.95,458.26,335.85,1185,3249,1064,3322,1190,1614
6292016,470.82,330.3,458.58,335.7,1198,3264,1067,3320,1195,1612
6292018,470.26,329.925,458.42,335.025,1192,3260,1065,3312,1195,1615
6292020,470.02,329.625,458.5,335.7,1190,3256,1066,3320,1191,1615
6292022,470.42,328.65,458.1,335.625,1194,3246,1062,3319,1194,1615
6292024,470.34,329.55,457.86,335.55,1193,3256,1059,3318,1197,1614
6292026,469.94,329.55,457.62,335.925,1189,3256,1057,3322,1195,1613
6292028,470.02,328.725,458.02,336.45,1190,3246,1061,3328,1197,1612
6292030,469.14,329.7,458.1,336.375,1180,3257,1062,3327,1199,1612
6292032,469.54,329.175,457.86,335.7,1185,3251,1060,3320,1194,1615
6292034,470.02,329.85,458.5,335.1,1189,3259,1066,3313,1198,1613
6292036,470.18,329.775,458.18,335.4,1192,3258,1063,3316,1199,1616
6292038,469.94,329.55,458.02,335.925,1189,3255,1061,3322,1196,1615
6292040,469.46,328.05,458.18,335.85,1184,3239,1063,3321,1196,1614
6292042,470.42,328.875,458.02,335.775,1194,3248,1061,3320,1197,1617
6292044,469.54,330,458.02,335.475,1184,3260,1061,3316,1195,1615
6292046,469.78,328.5,458.18,336,1187,3244,1062,3323,1198,1614
6292048,470.02,329.1,458.34,335.1,1190,3250,1064,3312,1191,1618
6292050,469.46,329.475,457.94,335.25,1184,3254,1060,3314,1193,1617
6292052,469.7,328.35,458.02,334.125,1186,3241,1061,3301,1193,1616
6292054,469.86,329.475,457.94,334.125,1187,3254,1060,3301,1193,1615
6292056,469.62,328.95,457.62,332.85,1185,3248,1057,3287,1194,1617
6292058,469.14,327.675,457.46,332.025,1181,3233,1056,3277,1197,1618
6292060,468.9,326.925,456.66,331.275,1178,3224,1048,3269,1194,1619
6292062,469.3,327.225,456.26,330.075,1182,3228,1044,3255,1187,1616
6292064,468.58,327.3,456.58,330.225,1175,3228,1047,3257,1196,1618
6292066,469.22,326.775,456.58,329.475,1181,3223,1047,3249,1194,1619
6292068,468.66,325.95,456.82,329.475,1176,3213,1050,3248,1193,1619
6292070,469.22,326.55,457.3,329.55,1181,3220,1054,3250,1191,1622
6292072,469.06,327.15,456.5,329.775,1180,3227,1046,3251,1199,1616
6292074,468.98,326.1,455.86,329.55,1179,3215,1039,3249,1200,1620
6292076,469.46,326.175,456.9,329.475,1184,3216,1050,3248,1200,1624
6292078,470.26,326.925,456.42,330,1192,3224,1045,3254,1198,1618
6292080,470.02,327.225,456.58,329.775,1189,3228,1047,3251,1192,1621
6292082,469.78,326.7,456.42,330.375,1188,3222,1046,3258,1197,1623
6292084,470.1,326.775,456.9,330.375,1191,3223,1051,3258,1194,1622
6292086,469.86,327.75,456.42,330.15,1189,3233,1046,3255,1197,1623
6292088,469.22,327.6,456.82,330.525,1182,3231,1050,3259,1197,1625
6292090,470.26,327.075,456.74,330.675,1193,3226,1050,3261,1196,1622
6292092,469.14,327.3,456.98,330.375,1182,3227,1052,3257,1201,1626
6292094,469.62,326.85,456.9,330.375,1187,3222,1052,3257,1202,1626
6292096,469.62,327.15,457.22,329.7,1188,3226,1056,3250,1205,1627
6292098,468.74,326.25,456.98,330.225,1179,3216,1053,3255,1207,1625
6292100,468.74,326.775,457.06,330.225,1179,3221,1054,3255,1203,1627
6292102,468.82,327.15,457.38,330.225,1180,3225,1057,3256,1201,1625
6292104,468.82,327,457.14,330.075,1180,3224,1055,3254,1204,1624
6292106,469.78,327.225,456.82,329.775,1190,3226,1052,3251,1206,1628
6292108,469.46,327,457.46,329.7,1187,3224,1059,3250,1198,1625
6292110,468.74,326.775,457.14,329.7,1179,3222,1055,3250,1197,1627
6292112,469.38,327.375,457.22,329.25,1185,3228,1057,3245,1206,1627
6292114,468.58,326.175,457.22,329.25,1178,3215,1057,3244,1206,1627
6292116,468.26,326.025,457.38,328.725,1175,3213,1059,3239,1205,1627
6292118,468.42,326.625,457.14,329.25,1177,3219,1057,3244,1204,1627
6292120,468.1,326.025,457.3,329.025,1174,3212,1058,3242,1204,1628
6292122,469.22,326.325,457.46,329.475,1185,3216,1061,3247,1205,1627
6292124,469.54,326.175,456.98,329.4,1189,3215,1055,3246,1202,1628
6292126,468.74,326.7,457.06,329.25,1181,3220,1057,3244,1207,1627
6292128,468.66,325.65,457.22,328.8,1180,3208,1058,3239,1205,1630
6292130,468.74,325.65,457.46,328.875,1181,3208,1061,3240,1208,1629
6292132,468.74,325.575,457.14,328.725,1181,3207,1058,3238,1208,1629
6292134,468.74,325.8,457.38,329.1,1181,3210,1060,3242,1209,1629
6292136,468.98,326.4,457.14,328.8,1183,3216,1058,3239,1207,1633
6292138,468.82,326.4,457.22,329.025,1182,3216,1059,3242,1210,1632
6292140,469.54,325.725,457.46,328.35,1190,3209,1061,3234,1207,1629
6292142,468.42,326.475,457.3,328.575,1178,3217,1059,3236,1206,1629
6292144,468.66,326.175,457.62,328.95,1180,3214,1063,3241,1200,1630
6292146,467.86,326.25,457.22,328.8,1172,3214,1059,3239,1201,1630
6292148,468.74,327,456.98,328.875,1181,3223,1056,3239,1203,1630
6292150,468.18,325.8,456.9,328.35,1176,3209,1055,3234,1206,1633
6292152,468.98,326.475,457.38,328.65,1184,3217,1061,3237,1205,1632
6292154,468.5,327.45,457.38,329.1,1179,3227,1061,3242,1206,1631
6292156,468.66,325.95,457.06,328.5,1181,3211,1058,3236,1209,1635
6292158,468.1,326.475,457.54,328.95,1175,3217,1063,3240,1207,1630
6292160,468.74,327.45,457.14,328.575,1182,3228,1058,3236,1205,1632
6292162,468.58,326.925,457.38,328.425,1181,3222,1062,3234,1206,1634
6292164,468.18,326.625,456.66,328.8,1177,3218,1054,3238,1207,1636
6292166,468.18,326.025,456.82,328.5,1177,3212,1056,3235,1205,1634
6292168,466.98,326.475,457.22,328.725,1164,3216,1060,3238,1209,1634
6292170,468.42,327.375,456.58,328.275,1179,3227,1053,3233,1214,1634
6292172,468.02,326.925,457.14,328.65,1174,3222,1059,3237,1209,1637
6292174,468.02,326.85,457.38,328.8,1174,3221,1061,3239,1209,1635
6292176,467.86,326.475,456.74,328.5,1173,3217,1055,3235,1207,1637
6292178,467.94,326.4,456.66,328.65,1174,3216,1055,3237,1207,1638
6292180,467.7,327,457.38,328.275,1171,3223,1062,3233,1207,1636
6292182,467.38,327.075,456.42,328.35,1168,3224,1052,3234,1209,1639
6292184,467.22,325.95,456.66,328.2,1166,3211,1055,3233,1207,1639
6292186,467.94,326.7,457.06,327.9,1174,3219,1058,3229,1209,1637
6292188,466.5,327.15,456.74,328.275,1158,3224,1055,3233,1211,1639
6292190,467.38,326.625,456.74,328.2,1168,3219,1055,3233,1207,1639
6292192,467.06,326.475,456.82,327.675,1164,3217,1056,3227,1212,1640
6292194,466.58,326.55,456.42,327.75,1159,3218,1051,3227,1214,1641
6292196,467.62,327.45,456.42,327.525,1170,3228,1052,3225,1219,1644
6292198,466.26,327.225,456.66,328.125,1155,3225,1054,3232,1217,1642
6292200,467.3,327,456.82,326.625,1167,3223,1056,3215,1214,1644
6292202,467.46,326.775,456.1,326.7,1168,3221,1048,3216,1212,1647
6292204,466.5,326.775,456.18,327.375,1158,3221,1049,3224,1215,1644
6292206,466.26,325.95,456.02,327.225,1155,3211,1047,3222,1213,1645
6292208,466.58,325.875,456.58,327.225,1158,3210,1053,3222,1216,1648
6292210,467.14,327.3,456.18,326.925,1164,3226,1048,3219,1216,1647
6292212,466.18,326.4,456.5,326.625,1154,3217,1051,3216,1216,1646
6292214,466.9,326.325,456.18,326.7,1161,3216,1048,3216,1210,1645
6292216,466.82,326.25,456.1,327.975,1160,3215,1046,3230,1215,1648
6292218,467.3,327.3,456.34,326.85,1165,3227,1048,3218,1215,1649
6292220,466.58,327.075,456.26,326.7,1157,3224,1048,3216,1214,1654
6292222,466.98,326.625,456.42,327.075,1161,3219,1049,3221,1215,1649
6292224,466.42,327,455.94,326.775,1155,3224,1044,3217,1215,1652
6292226,466.5,326.25,456.58,326.475,1155,3215,1050,3214,1216,1652
6292228,466.9,326.55,456.1,326.625,1160,3219,1046,3216,1214,1653
6292230,466.9,326.25,456.02,326.55,1159,3216,1045,3215,1216,1651
6292232,466.82,327.675,456.74,326.325,1158,3231,1052,3212,1217,1657
6292234,466.42,326.85,456.26,326.4,1154,3222,1047,3214,1212,1652
6292236,466.82,326.1,456.34,326.025,1158,3214,1047,3210,1216,1654
6292238,465.62,326.55,456.26,326.55,1146,3219,1047,3215,1215,1655
6292240,467.22,325.8,456.58,326.025,1162,3211,1051,3210,1214,1652
6292242,466.66,326.4,456.1,326.175,1156,3217,1045,3211,1217,1653
6292244,466.02,325.95,456.66,326.625,1150,3212,1051,3216,1211,1656
6292246,465.62,325.95,456.42,326.4,1146,3212,1048,3214,1213,1654
6292248,466.74,326.7,456.1,325.65,1156,3221,1044,3206,1213,1657
6292250,466.9,326.025,457.06,326.025,1158,3213,1055,3210,1210,1656
6292252,466.98,326.7,456.5,326.25,1159,3221,1049,3212,1212,1653
6292254,466.58,327,456.26,326.175,1155,3224,1046,3212,1209,1655
6292256,466.02,326.7,456.42,325.95,1150,3221,1048,3209,1213,1657
6292258,466.74,327.3,456.58,326.025,1157,3228,1050,3209,1216,1658
6292260,466.1,326.475,456.74,326.025,1150,3218,1052,3210,1211,1655
6292262,466.18,326.625,456.5,326.175,1152,3220,1050,3212,1212,1656
6292264,466.74,325.575,456.82,325.95,1158,3208,1053,3209,1215,1658
6292266,466.74,325.8,456.42,326.175,1159,3211,1049,3211,1212,1655
6292268,467.3,325.875,456.98,325.725,1164,3212,1056,3207,1217,1661
6292270,466.58,326.85,456.66,325.65,1157,3222,1052,3206,1216,1659
6292272,466.74,325.5,456.98,324.6,1159,3208,1056,3194,1212,1661
6292274,467.06,326.25,456.9,325.275,1162,3216,1055,3202,1216,1658
6292276,466.02,325.575,457.14,325.125,1152,3208,1058,3200,1215,1662
6292278,466.5,325.95,456.98,324.45,1156,3212,1056,3193,1213,1660
6292280,467.38,326.625,457.3,325.5,1166,3220,1060,3204,1216,1661
6292282,466.74,325.5,456.98,325.425,1159,3207,1056,3203,1211,1661
6292284,466.9,325.125,456.74,324.9,1162,3204,1054,3197,1214,1662
6292286,466.5,325.5,457.7,324.9,1157,3208,1064,3198,1217,1660
6292288,466.1,325.5,457.38,324.525,1153,3207,1061,3194,1212,1661
6292290,466.34,325.725,456.82,325.425,1155,3210,1055,3203,1211,1662
6292292,466.74,325.875,457.22,324.45,1160,3212,1060,3192,1216,1664
6292294,466.66,325.8,457.78,324.9,1159,3210,1066,3197,1215,1660
6292296,467.22,326.1,457.54,324.6,1165,3214,1064,3195,1215,1662
6292298,466.42,324.675,457.62,324.675,1157,3198,1065,3195,1211,1660
6292300,467.62,326.25,457.7,324.75,1170,3216,1065,3196,1216,1661
6292302,465.54,325.2,457.7,324.675,1148,3204,1065,3195,1213,1661
6292304,466.34,325.95,457.62,324.3,1156,3212,1064,3190,1219,1662
6292306,466.42,325.575,458.02,324.675,1158,3208,1069,3195,1212,1660
6292308,466.82,325.425,457.78,324.3,1161,3206,1067,3191,1216,1662
6292310,466.5,326.4,457.54,324.6,1158,3217,1063,3194,1211,1662
6292312,466.82,325.125,457.78,324.525,1162,3203,1066,3194,1217,1663
6292314,466.9,325.575,458.02,324.675,1162,3208,1068,3195,1219,1662
6292316,466.9,326.1,458.42,324.15,1162,3214,1073,3189,1216,1663
6292318,467.06,326.25,457.62,324.45,1163,3215,1064,3192,1218,1664
6292320,466.66,325.275,457.78,324.75,1160,3204,1066,3195,1221,1663
6292322,465.86,325.875,457.22,324.45,1151,3210,1060,3192,1215,1664
6292324,467.3,326.4,457.62,324.45,1166,3217,1065,3192,1221,1664
6292326,466.18,325.425,457.62,324.525,1155,3205,1065,3193,1223,1662
6292328,466.18,325.275,457.86,324.375,1155,3204,1068,3191,1218,1662
6292330,466.18,326.4,457.38,324.525,1154,3217,1062,3193,1219,1663
6292332,465.7,324.45,458.1,324.75,1150,3195,1070,3196,1223,1661
6292334,466.66,325.5,457.86,324.3,1160,3206,1067,3191,1222,1662
6292336,466.5,326.1,457.86,324.45,1158,3213,1067,3192,1214,1664
6292338,465.78,326.325,458.02,324.45,1150,3215,1069,3192,1216,1660
6292340,465.86,325.125,457.78,324.075,1151,3202,1066,3188,1216,1665
6292342,465.54,324.6,457.54,324.375,1148,3196,1064,3191,1214,1662
6292344,466.18,325.8,458.1,324.225,1154,3210,1069,3190,1215,1661
6292346,465.3,325.725,458.02,323.775,1145,3208,1069,3184,1214,1661
6292348,466.18,324.975,457.14,324.6,1155,3200,1059,3193,1214,1661
6292350,465.46,324.375,457.7,324.525,1147,3193,1065,3193,1220,1662
6292352,465.78,325.875,457.46,324.825,1150,3210,1062,3196,1220,1660
6292354,465.94,324.975,457.86,324.45,1152,3200,1067,3192,1213,1661
6292356,465.78,325.425,457.46,324.075,1150,3205,1062,3187,1214,1661
6292358,465.62,325.275,458.1,323.775,1149,3203,1069,3184,1217,1663
6292360,465.3,325.5,458.18,324,1145,3206,1070,3187,1217,1661
6292362,464.82,325.05,457.62,324.375,1140,3200,1064,3191,1215,1660
6292364,465.14,325.575,457.94,324,1143,3206,1067,3186,1220,1660
6292366,466.18,325.35,457.7,324.6,1154,3204,1065,3193,1217,1660
6292368,465.54,324.825,457.94,324.075,1147,3198,1068,3187,1226,1662
6292370,465.22,324.825,458.18,324.075,1144,3198,1069,3187,1222,1661
6292372,464.5,324.225,457.78,324.375,1136,3191,1065,3190,1219,1661
6292374,465.38,324.675,458.02,324,1145,3196,1067,3186,1222,1660
6292376,465.38,325.05,457.7,324.075,1145,3200,1065,3187,1218,1662
6292378,465.22,325.95,457.22,324.225,1143,3210,1059,3188,1217,1657
6292380,464.98,324.525,457.22,324.225,1141,3194,1059,3188,1216,1659
6292382,466.1,324.75,457.7,324.45,1153,3197,1063,3190,1218,1657
6292384,466.18,324.975,457.78,324.45,1153,3200,1064,3191,1214,1660
6292386,464.9,325.05,457.38,323.85,1140,3200,1060,3184,1218,1656
6292388,464.9,324.525,458.1,324.3,1140,3194,1068,3189,1220,1660
6292390,464.34,323.775,456.98,323.55,1134,3185,1056,3180,1225,1661
6292392,465.14,323.1,457.7,323.55,1143,3178,1064,3180,1228,1657
6292394,465.7,324.375,458.02,323.625,1148,3192,1067,3181,1227,1661
6292396,465.3,323.25,458.02,323.475,1144,3180,1067,3179,1223,1658
6292398,466.02,324.3,458.1,323.1,1151,3191,1068,3175,1219,1658
6292400,464.98,323.925,457.54,323.7,1140,3186,1062,3182,1222,1657
6292402,465.54,324.6,457.54,323.325,1146,3194,1061,3178,1220,1656
6292404,465.3,324.375,457.86,322.875,1143,3191,1065,3172,1216,1658
6292406,464.98,324.375,457.86,322.875,1140,3191,1065,3172,1219,1658
6292408,465.7,321.975,457.78,322.35,1148,3165,1064,3166,1222,1658
6292410,465.54,323.325,457.94,323.325,1146,3180,1066,3177,1227,1661
6292412,464.98,323.325,457.78,322.8,1140,3179,1065,3172,1222,1662
6292414,465.06,323.325,457.94,323.25,1142,3179,1066,3176,1226,1657
6292416,464.66,323.925,457.94,323.1,1137,3185,1066,3174,1222,1655
6292418,464.98,322.35,457.78,322.95,1140,3168,1064,3172,1222,1656
6292420,465.06,322.875,457.78,322.575,1141,3173,1064,3168,1220,1658
6292422,464.98,323.025,458.02,323.25,1141,3175,1067,3175,1222,1655
6292424,464.42,322.725,457.94,322.425,1134,3171,1067,3166,1219,1657
6292426,465.46,322.725,458.02,323.175,1146,3171,1067,3174,1226,1654
6292428,464.5,323.925,457.86,323.625,1136,3185,1065,3179,1223,1655
6292430,465.86,322.875,458.26,323.175,1151,3174,1070,3174,1221,1654
6292432,465.06,323.625,458.1,323.1,1142,3181,1069,3173,1221,1653
6292434,464.74,322.875,457.94,323.7,1139,3172,1066,3179,1222,1654
6292436,464.82,322.5,457.94,323.175,1140,3169,1066,3173,1222,1654
6292438,465.06,323.25,458.34,323.25,1141,3176,1070,3174,1220,1652
6292440,464.74,324.525,458.34,323.775,1138,3191,1071,3180,1222,1656
6292442,464.66,323.4,457.46,324.075,1137,3178,1061,3183,1216,1654
6292444,464.34,323.55,457.7,323.25,1134,3180,1064,3174,1218,1652
6292446,465.46,324.075,457.94,324,1146,3186,1066,3182,1219,1650
6292448,465.22,323.175,457.54,324.525,1144,3176,1062,3188,1218,1653
6292450,465.06,324.225,458.1,323.625,1142,3188,1069,3178,1216,1651
6292452,464.9,324.3,458.26,324.525,1141,3188,1071,3188,1221,1651
6292454,465.62,324.3,458.9,324.525,1148,3188,1078,3189,1216,1649
6292456,464.74,323.7,458.66,324.225,1140,3182,1075,3186,1220,1652
6292458,464.82,323.625,458.42,323.925,1141,3181,1073,3182,1219,1652
6292460,464.42,323.775,458.74,324.3,1136,3183,1076,3186,1218,1652
6292462,464.66,323.925,458.74,324.75,1138,3185,1076,3192,1213,1649
6292464,464.9,323.475,458.42,324.525,1142,3180,1073,3189,1219,1650
6292466,465.62,323.625,459.14,324.45,1149,3182,1081,3189,1218,1652
6292468,465.14,323.475,458.98,324.3,1144,3180,1080,3187,1221,1651
6292470,465.54,323.025,458.9,323.925,1150,3175,1079,3183,1223,1649
6292472,464.02,323.925,459.14,323.475,1133,3185,1082,3178,1219,1651
6292474,464.82,324.375,458.82,324,1142,3191,1079,3185,1215,1648
6292476,464.74,322.65,459.14,323.325,1141,3172,1083,3177,1221,1650
6292478,465.38,322.875,458.98,323.475,1149,3175,1082,3179,1220,1649
6292480,464.82,323.625,459.22,324,1143,3183,1084,3185,1216,1651
6292482,465.38,322.725,458.58,323.325,1149,3173,1077,3178,1219,1649
6292484,464.42,322.575,458.9,323.625,1140,3172,1081,3181,1216,1648
6292486,464.74,322.875,458.66,323.85,1144,3175,1080,3184,1215,1651
6292488,464.74,322.35,458.98,323.7,1144,3169,1083,3182,1220,1650
6292490,465.3,322.2,458.74,323.475,1151,3168,1081,3180,1222,1652
6292492,464.82,322.05,458.34,323.625,1146,3166,1077,3181,1225,1651
6292494,464.74,322.5,458.66,323.475,1146,3172,1081,3180,1227,1651
6292496,465.06,321.6,458.66,324.225,1150,3162,1081,3189,1222,1652
6292498,464.1,321.675,458.5,322.8,1140,3163,1080,3173,1220,1651
6292500,465.14,321.9,458.66,322.95,1151,3165,1082,3175,1223,1650
6292502,464.66,321.525,458.42,322.8,1147,3161,1080,3174,1222,1649
6292504,464.5,321.9,458.66,323.1,1145,3166,1083,3177,1223,1651
6292506,464.34,321.45,458.74,322.95,1144,3161,1084,3176,1220,1650
6292508,464.74,322.275,458.5,322.875,1148,3170,1082,3175,1220,1650
6292510,464.9,321.6,458.66,323.475,1150,3163,1084,3182,1221,1649
6292512,464.74,321.3,458.42,323.325,1149,3160,1082,3180,1225,1649
6292514,464.18,322.05,458.82,323.625,1143,3168,1086,3183,1222,1653
6292516,464.18,321.825,459.06,323.775,1143,3165,1089,3186,1223,1651
6292518,463.54,322.35,458.66,323.55,1137,3172,1085,3184,1222,1649
6292520,464.34,322.5,459.46,323.475,1146,3174,1093,3183,1219,1653
6292522,464.02,321.6,458.9,324.3,1143,3164,1088,3192,1222,1652
6292524,464.18,323.1,459.14,323.85,1144,3181,1091,3188,1219,1649
6292526,463.7,321.75,459.62,324.525,1140,3166,1096,3196,1218,1649
6292528,464.34,322.425,460.18,324,1147,3174,1103,3190,1221,1652
6292530,464.34,322.875,459.54,325.2,1147,3180,1096,3204,1221,1652
6292532,465.06,322.8,460.02,325.275,1155,3179,1101,3204,1224,1650
6292534,463.7,322.725,459.38,325.125,1141,3179,1095,3203,1223,1649
6292536,464.9,323.475,459.06,325.8,1154,3187,1092,3211,1226,1647
6292538,463.54,324,459.78,325.8,1140,3192,1099,3212,1221,1651
6292540,464.02,323.85,459.94,325.8,1145,3192,1101,3212,1223,1650
6292542,464.58,323.775,459.94,326.175,1151,3192,1101,3216,1225,1652
6292544,464.1,324.675,459.94,326.025,1146,3201,1101,3215,1216,1652
6292546,463.86,324.6,459.54,326.025,1143,3201,1097,3215,1216,1652
6292548,464.26,324.075,459.86,325.875,1148,3195,1101,3213,1218,1650
6292550,464.34,324.375,460.02,325.95,1149,3199,1103,3215,1215,1653
6292552,464.5,324.75,460.5,325.8,1150,3203,1108,3213,1219,1652
6292554,464.02,325.05,459.94,326.175,1145,3207,1102,3218,1219,1649
6292556,464.02,324.975,460.18,325.725,1146,3206,1105,3214,1222,1652
6292558,464.42,324.525,460.1,325.95,1150,3202,1104,3216,1215,1652
6292560,464.58,323.775,459.86,325.95,1152,3194,1101,3216,1220,1651
6292562,463.22,324.6,459.86,325.725,1137,3202,1102,3214,1214,1651
6292564,463.62,324,460.1,325.575,1142,3196,1104,3212,1222,1650
6292566,463.78,324.45,459.54,326.025,1144,3201,1098,3217,1224,1647
6292568,463.94,323.175,459.38,325.425,1145,3187,1097,3211,1222,1650
6292570,463.46,324.825,460.02,325.875,1140,3205,1103,3216,1221,1650
6292572,463.22,323.7,459.54,325.8,1138,3193,1099,3215,1225,1651
6292574,464.02,323.7,459.38,325.65,1147,3193,1097,3213,1220,1650
6292576,463.14,323.775,458.9,325.5,1137,3194,1092,3212,1219,1653
6292578,463.78,323.625,459.3,326.25,1144,3192,1096,3219,1220,1651
6292580,463.22,324.525,458.9,325.8,1138,3202,1091,3215,1220,1651
6292582,462.34,323.025,459.14,325.05,1129,3185,1094,3206,1220,1650
6292584,462.74,323.175,459.3,325.2,1133,3187,1096,3208,1219,1651
6292586,463.46,323.55,458.42,324.9,1141,3191,1087,3204,1220,1652
6292588,462.74,323.55,458.98,325.5,1133,3190,1092,3211,1224,1655
6292590,462.98,322.725,458.74,325.575,1135,3181,1090,3211,1224,1652
6292592,462.74,322.275,458.26,325.275,1133,3176,1085,3208,1226,1653
6292594,462.5,322.65,458.42,324.75,1130,3179,1086,3201,1226,1657
6292596,462.5,322.575,458.9,324.825,1130,3178,1091,3202,1228,1656
6292598,461.7,323.25,458.18,324.975,1121,3185,1083,3203,1227,1654
6292600,462.26,322.35,458.18,325.125,1127,3176,1083,3205,1222,1652
6292602,462.98,323.325,458.26,325.35,1134,3186,1083,3207,1227,1654
6292604,462.9,322.425,459.06,325.275,1133,3176,1092,3206,1223,1655
6292606,462.82,323.1,458.02,325.2,1131,3183,1080,3204,1227,1655
6292608,461.62,322.35,458.1,325.2,1119,3174,1081,3205,1224,1655
6292610,462.26,323.325,458.9,325.275,1125,3184,1089,3204,1225,1658
6292612,462.26,322.575,458.42,325.125,1125,3176,1084,3202,1226,1655
6292614,462.58,323.1,458.02,324.75,1128,3181,1079,3198,1224,1654
6292616,462.02,321.375,458.74,325.125,1122,3162,1087,3202,1224,1656
6292618,463.14,323.55,458.26,325.575,1133,3186,1080,3206,1223,1652
6292620,462.74,323.25,458.18,325.425,1129,3182,1080,3205,1224,1655
6292622,461.78,323.775,459.46,325.125,1118,3187,1093,3201,1224,1655
6292624,461.62,323.25,458.26,325.5,1117,3182,1080,3205,1233,1658
6292626,461.06,323.85,458.9,326.25,1110,3187,1086,3213,1227,1656
6292628,462.26,322.875,459.14,326.25,1123,3177,1089,3213,1227,1657
6292630,462.74,323.4,458.74,326.7,1127,3182,1084,3218,1229,1656
6292632,461.94,323.325,458.58,326.475,1118,3181,1082,3215,1230,1659
6292634,462.34,323.25,458.74,326.325,1122,3180,1083,3214,1228,1656
6292636,461.94,323.175,458.58,326.025,1118,3179,1081,3210,1230,1659
6292638,461.86,324.15,458.5,326.475,1116,3190,1080,3215,1228,1658
6292640,461.22,324.3,459.06,326.325,1110,3192,1086,3213,1230,1661
6292642,461.94,324.3,458.98,326.475,1116,3192,1084,3215,1228,1655
6292644,462.58,323.625,459.3,326.775,1123,3185,1088,3218,1224,1661
6292646,462.82,323.4,459.7,326.625,1125,3182,1092,3217,1222,1660
6292648,462.5,323.7,458.66,326.025,1122,3185,1081,3210,1225,1659
6292650,462.34,323.175,459.46,327,1121,3179,1089,3221,1226,1660
6292652,463.54,325.35,459.14,326.775,1132,3204,1086,3218,1225,1660
6292654,462.66,324.75,459.54,327,1123,3197,1089,3221,1224,1662
6292656,461.78,324.6,459.46,326.625,1114,3195,1089,3217,1228,1663
6292658,462.98,323.7,459.3,326.925,1127,3187,1087,3220,1227,1663
6292660,462.98,323.325,459.62,326.85,1126,3182,1090,3220,1228,1664
6292662,462.82,324.675,459.62,326.55,1124,3197,1090,3217,1233,1664
6292664,462.1,324.6,459.54,326.4,1117,3197,1089,3215,1232,1663
6292666,462.98,323.85,460.02,327.15,1126,3189,1094,3224,1228,1665
6292668,462.66,324.3,460.1,327.15,1123,3194,1095,3225,1233,1664
6292670,463.3,324.375,459.78,327.075,1129,3195,1091,3224,1232,1663
6292672,462.9,323.625,460.1,326.325,1125,3187,1095,3216,1233,1666
6292674,462.74,323.7,459.86,326.25,1124,3188,1093,3215,1233,1667
6292676,463.62,324.45,460.18,326.325,1133,3196,1096,3216,1233,1667
6292678,462.74,323.25,460.1,326.25,1124,3183,1095,3216,1229,1666
6292680,462.58,323.325,459.54,325.95,1123,3184,1090,3213,1229,1667
6292682,462.82,324.075,460.02,326.4,1124,3193,1094,3218,1226,1666
6292684,463.62,323.85,460.18,325.875,1133,3191,1096,3212,1232,1668
6292686,462.82,323.025,459.94,325.8,1124,3182,1093,3212,1236,1667
6292688,462.98,324.675,460.18,325.725,1126,3201,1096,3211,1236,1670
6292690,463.14,322.95,460.26,325.95,1128,3182,1097,3215,1233,1669
6292692,462.66,322.35,460.26,325.8,1124,3176,1097,3213,1235,1669
6292694,463.06,324.225,460.42,325.2,1128,3197,1099,3207,1244,1671
6292696,463.46,321.75,460.34,325.125,1132,3170,1099,3206,1232,1669
6292698,463.3,322.95,460.02,325.125,1130,3184,1095,3207,1236,1671
6292700,464.5,321.6,460.26,324.15,1143,3169,1097,3196,1235,1675
6292702,464.02,321.9,459.86,324.975,1138,3173,1093,3205,1232,1670
6292704,464.42,321.75,460.26,324.525,1142,3171,1098,3201,1233,1671
6292706,465.06,322.8,460.02,324.45,1149,3183,1095,3200,1231,1671
6292708,464.42,321.3,459.78,324.375,1142,3167,1092,3199,1236,1669
6292710,465.62,322.5,459.54,324.525,1154,3181,1089,3201,1236,1669
6292712,466.98,321.9,459.54,324.225,1169,3175,1090,3197,1235,1671
6292714,467.38,323.025,458.9,324.525,1173,3187,1083,3201,1231,1667
6292716,467.78,322.275,458.42,324.15,1178,3179,1078,3196,1234,1670
6292718,468.98,322.05,458.5,324.9,1190,3177,1079,3205,1232,1667
6292720,471.06,321.75,457.54,324.675,1212,3174,1069,3203,1233,1669
6292722,471.14,321.375,457.06,324.75,1213,3170,1063,3203,1228,1664
6292724,473.46,321,455.22,324.825,1237,3167,1044,3203,1227,1665
6292726,475.46,320.55,454.74,324.75,1259,3162,1038,3202,1224,1662
6292728,476.18,321.3,453.62,324.3,1266,3172,1027,3196,1223,1660
6292730,479.54,320.4,452.82,323.925,1302,3162,1018,3192,1218,1657
6292732,481.54,319.275,452.1,324.975,1323,3151,1011,3204,1214,1652
6292734,483.94,319.425,450.02,328.275,1349,3153,988,3239,1215,1630
6292736,485.78,324.525,451.7,333.075,1366,3210,1004,3293,1195,1605
6292738,487.46,336.825,452.1,350.025,1381,3347,1002,3482,1146,1524
6292740,489.22,353.25,447.22,372.825,1395,3530,943,3735,1086,1422
6292742,489.38,370.65,442.66,398.325,1392,3725,885,4021,1018,1303
6292744,490.02,399,441.06,427.65,1392,4045,858,4353,903,1165
6292746,490.82,430.2,433.38,452.7,1392,4400,767,4636,800,1037
6292748,492.34,452.625,428.26,488.325,1402,4658,698,5046,724,875
6292750,492.74,482.25,422.66,527.025,1398,5001,622,5497,625,703
6292752,494.26,507.6,416.18,560.925,1408,5297,537,5896,532,545
6292754,504.9,536.1,402.98,594.45,1516,5638,378,6291,432,384
6292756,NaN,NaN,NaN,NaN,NaN,NaN,NaN,NaN,0,0
6292758,NaN,NaN,NaN,NaN,NaN,NaN,NaN,NaN,0,0
6292760,NaN,NaN,NaN,NaN,NaN,NaN,NaN,NaN,0,0
6292762,NaN,NaN,NaN,NaN,NaN,NaN,NaN,NaN,0,0
6292764,NaN,NaN,NaN,NaN,NaN,NaN,NaN,NaN,0,0
6292766,NaN,NaN,NaN,NaN,NaN,NaN,NaN,NaN,0,0
6292768,NaN,NaN,NaN,NaN,NaN,NaN,NaN,NaN,0,0
6292770,NaN,NaN,NaN,NaN,NaN,NaN,NaN,NaN,0,0
6292772,NaN,NaN,NaN,NaN,NaN,NaN,NaN,NaN,0,0
6292774,NaN,NaN,NaN,NaN,NaN,NaN,NaN,NaN,0,0
6292776,NaN,NaN,NaN,NaN,NaN,NaN,NaN,NaN,0,0
6292778,NaN,NaN,NaN,NaN,NaN,NaN,NaN,NaN,0,0
6292780,NaN,NaN,NaN,NaN,NaN,NaN,NaN,NaN,0,0
6292782,NaN,NaN,NaN,NaN,NaN,NaN,NaN,NaN,0,0
6292784,NaN,NaN,NaN,NaN,NaN,NaN,NaN,NaN,0,0
6292786,NaN,NaN,NaN,NaN,NaN,NaN,NaN,NaN,0,0
6292788,NaN,NaN,NaN,NaN,NaN,NaN,NaN,NaN,0,0
6292790,NaN,NaN,NaN,NaN,NaN,NaN,NaN,NaN,0,0
6292792,NaN,NaN,NaN,NaN,NaN,NaN,NaN,NaN,0,0
6292794,NaN,NaN,NaN,NaN,NaN,NaN,NaN,NaN,0,0
6292796,NaN,NaN,NaN,NaN,NaN,NaN,NaN,NaN,0,0
6292798,NaN,NaN,NaN,NaN,NaN,NaN,NaN,NaN,0,0
6292800,NaN,NaN,NaN,NaN,NaN,NaN,NaN,NaN,0,0
6292802,NaN,NaN,NaN,NaN,NaN,NaN,NaN,NaN,0,0
6292804,NaN,NaN,NaN,NaN,NaN,NaN,NaN,NaN,0,0
6292806,NaN,NaN,NaN,NaN,NaN,NaN,NaN,NaN,0,0
6292808,NaN,NaN,NaN,NaN,NaN,NaN,NaN,NaN,0,0
6292810,NaN,NaN,NaN,NaN,NaN,NaN,NaN,NaN,0,0
6292812,NaN,NaN,NaN,NaN,NaN,NaN,NaN,NaN,0,0
6292814,NaN,NaN,NaN,NaN,NaN,NaN,NaN,NaN,0,0
6292816,NaN,NaN,NaN,NaN,NaN,NaN,NaN,NaN,0,0
6292818,NaN,NaN,NaN,NaN,NaN,NaN,NaN,NaN,0,0
6292820,NaN,NaN,NaN,NaN,NaN,NaN,NaN,NaN,0,0
6292822,NaN,NaN,NaN,NaN,NaN,NaN,NaN,NaN,0,0
6292824,NaN,NaN,NaN,NaN,NaN,NaN,NaN,NaN,0,0
6292826,NaN,NaN,NaN,NaN,NaN,NaN,NaN,NaN,0,0
6292828,NaN,NaN,NaN,NaN,NaN,NaN,NaN,NaN,0,0
6292830,NaN,NaN,NaN,NaN,NaN,NaN,NaN,NaN,0,0
6292832,NaN,NaN,NaN,NaN,NaN,NaN,NaN,NaN,0,0
6292834,NaN,NaN,NaN,NaN,NaN,NaN,NaN,NaN,0,0
6292836,NaN,NaN,NaN,NaN,NaN,NaN,NaN,NaN,0,0
6292838,NaN,NaN,NaN,NaN,NaN,NaN,NaN,NaN,0,0
6292840,NaN,NaN,NaN,NaN,NaN,NaN,NaN,NaN,0,0
6292842,NaN,NaN,NaN,NaN,NaN,NaN,NaN,NaN,0,0
6292844,NaN,NaN,NaN,NaN,NaN,NaN,NaN,NaN,0,0
6292846,NaN,NaN,NaN,NaN,NaN,NaN,NaN,NaN,0,0
6292848,NaN,NaN,NaN,NaN,NaN,NaN,NaN,NaN,0,0
6292850,NaN,NaN,NaN,NaN,NaN,NaN,NaN,NaN,0,0
6292852,NaN,NaN,NaN,NaN,NaN,NaN,NaN,NaN,0,0
6292854,NaN,NaN,NaN,NaN,NaN,NaN,NaN,NaN,0,0
6292856,NaN,NaN,NaN,NaN,NaN,NaN,NaN,NaN,0,0
6292858,NaN,NaN,NaN,NaN,NaN,NaN,NaN,NaN,0,0
6292860,471.14,517.425,NaN,NaN,1143,5400,NaN,NaN,409,0
6292862,471.14,517.425,NaN,NaN,1143,5400,NaN,NaN,409,0
6292864,468.26,498.975,NaN,NaN,1118,5183,NaN,NaN,465,0
6292866,465.38,480.525,NaN,NaN,1092,4967,NaN,NaN,523,0
6292868,462.82,470.175,434.34,616.425,1068,4846,706,6565,562,243
6292870,460.26,459.75,434.34,616.35,1043,4725,706,6566,601,243
6292872,460.74,443.25,434.34,616.35,1054,4536,706,6566,651,243
6292874,461.3,426.675,NaN,NaN,1065,4346,NaN,NaN,702,0
6292876,458.42,417.6,446.66,567.825,1037,4242,859,5987,744,478
6292878,458.66,404.175,448.74,551.925,1044,4090,888,5799,795,553
6292880,458.82,390.825,450.82,535.875,1050,3939,916,5610,847,628
6292882,458.9,382.65,456.74,522.45,1054,3847,985,5455,884,695
6292884,459.86,367.35,458.18,506.25,1068,3677,1005,5265,939,772
6292886,460.26,361.425,457.22,490.425,1074,3610,1000,5080,970,849
6292888,460.26,346.95,456.66,476.175,1079,3449,1000,4915,1007,911
6292890,460.42,340.95,457.7,460.125,1083,3382,1016,4729,1033,985
6292892,462.02,331.65,460.02,446.4,1102,3279,1045,4572,1077,1048
6292894,462.34,326.625,464.02,434.175,1107,3224,1092,4433,1099,1108
6292896,463.62,317.475,463.62,419.85,1123,3123,1092,4270,1120,1169
6292898,463.78,313.05,464.5,405.45,1126,3074,1106,4107,1144,1231
6292900,463.94,303.75,468.9,397.95,1131,2972,1155,4023,1177,1268
6292902,464.02,300.975,468.82,383.775,1132,2942,1158,3864,1185,1338
6292904,462.98,295.95,468.66,371.55,1122,2886,1160,3727,1203,1394
6292906,463.3,292.5,470.9,363.225,1127,2849,1187,3634,1218,1437
6292908,463.38,290.85,472.58,352.725,1128,2831,1207,3517,1225,1484
6292910,462.9,291.525,472.98,342.075,1123,2838,1214,3399,1234,1529
6292912,462.58,290.55,473.94,334.2,1120,2827,1227,3311,1238,1573
6292914,462.1,292.2,474.58,326.025,1114,2845,1236,3221,1242,1603
6292916,461.14,291.225,473.78,319.425,1104,2834,1229,3148,1246,1640
6292918,462.1,292.35,473.54,313.425,1114,2846,1228,3082,1244,1656
6292920,461.86,292.875,472.98,308.325,1111,2852,1224,3026,1245,1681
6292922,462.66,294.975,473.14,305.7,1119,2875,1226,2996,1245,1691
6292924,462.1,296.4,472.26,305.625,1113,2890,1217,2995,1251,1697
6292926,461.22,296.4,471.62,305.025,1103,2890,1210,2989,1249,1704
6292928,461.3,297.15,471.62,305.55,1103,2898,1210,2994,1254,1700
6292930,461.46,299.925,471.22,305.025,1104,2929,1205,2988,1257,1702
6292932,461.38,298.275,471.62,306.675,1104,2910,1209,3006,1254,1700
6292934,461.78,299.25,471.78,306.75,1107,2921,1210,3007,1253,1702
6292936,461.06,300.15,471.14,306.525,1100,2931,1204,3004,1259,1701
6292938,460.82,300.45,471.14,307.125,1097,2934,1204,3011,1252,1701
6292940,461.54,302.175,470.98,307.8,1104,2953,1201,3018,1258,1707
6292942,460.58,303.225,470.66,308.325,1093,2965,1198,3024,1262,1710
6292944,460.5,303.525,470.34,309.675,1093,2968,1194,3039,1264,1712
6292946,460.98,302.775,470.1,309.9,1098,2959,1191,3041,1261,1710
6292948,460.66,303.525,470.02,310.95,1094,2967,1190,3052,1262,1710
6292950,461.06,302.7,469.78,311.7,1099,2958,1188,3060,1257,1708
6292952,461.22,306,469.94,312.525,1099,2995,1189,3069,1260,1706
6292954,460.9,306.825,469.46,312.45,1096,3003,1185,3068,1264,1709
6292956,461.22,305.7,469.46,313.275,1100,2991,1184,3077,1262,1709
6292958,461.54,307.2,469.38,312.975,1103,3007,1184,3074,1269,1710
6292960,460.18,306.3,469.54,313.275,1089,2997,1185,3077,1266,1708
6292962,461.62,306.3,469.3,313.725,1103,2997,1183,3081,1271,1709
6292964,461.94,307.35,469.3,313.95,1107,3009,1183,3084,1262,1711
6292966,460.5,308.025,469.06,314.325,1091,3016,1180,3087,1267,1711
6292968,460.26,308.325,468.98,314.475,1089,3018,1179,3089,1270,1709
6292970,460.5,308.85,468.66,315.45,1091,3024,1176,3099,1266,1710
6292972,460.26,307.725,468.66,315.45,1090,3011,1176,3099,1267,1710
6292974,460.58,308.1,468.58,315.675,1093,3016,1175,3102,1268,1710
6292976,461.14,309.525,468.58,316.05,1099,3031,1175,3106,1268,1708
6292978,460.1,309.15,468.34,316.05,1087,3027,1173,3106,1269,1712
6292980,460.26,310.65,468.5,316.275,1089,3044,1174,3108,1271,1709
6292982,460.58,310.8,468.5,316.725,1092,3045,1174,3113,1273,1712
6292984,460.74,311.25,468.26,317.4,1094,3050,1171,3120,1276,1714
6292986,459.62,311.7,468.26,317.7,1082,3055,1171,3123,1275,1716
6292988,460.26,311.7,468.26,317.625,1089,3055,1171,3123,1279,1716
6292990,460.58,312.825,467.7,318.075,1091,3068,1165,3128,1274,1711
6292992,460.02,312.45,468.26,317.925,1086,3063,1170,3126,1274,1718
6292994,459.46,311.7,468.1,318.375,1080,3055,1169,3131,1277,1718
6292996,459.7,313.95,467.94,318.375,1082,3080,1167,3131,1276,1716
6292998,459.46,314.85,467.62,319.725,1079,3089,1163,3146,1273,1716
6293000,459.86,313.575,467.7,319.2,1083,3075,1164,3140,1274,1715
6293002,459.3,313.05,467.54,319.125,1077,3069,1162,3139,1274,1715
6293004,459.7,312.975,467.22,319.35,1081,3068,1159,3142,1272,1718
6293006,459.78,313.725,467.06,320.1,1082,3077,1156,3150,1276,1718
6293008,459.46,314.025,467.3,321.225,1078,3080,1159,3162,1277,1718
6293010,458.66,315.9,467.06,321.525,1069,3100,1156,3165,1277,1720
6293012,458.98,314.475,467.14,321.375,1073,3085,1157,3164,1284,1725
6293014,458.26,314.925,466.5,321.3,1065,3090,1149,3163,1280,1717
6293016,459.54,314.775,466.5,321.525,1078,3089,1150,3165,1282,1718
6293018,458.74,316.95,465.7,321.6,1069,3112,1141,3166,1285,1721
6293020,458.82,318,466.18,321.375,1069,3124,1146,3163,1278,1723
6293022,458.26,315.9,466.42,322.275,1063,3101,1147,3173,1280,1721
6293024,458.1,315.6,465.86,321.9,1062,3097,1141,3169,1282,1720
6293026,457.78,318.15,465.86,322.5,1057,3126,1141,3176,1285,1723
6293028,457.3,316.725,465.86,323.85,1053,3109,1141,3191,1290,1722
6293030,458.34,317.475,466.02,323.325,1062,3118,1142,3185,1284,1721
6293032,457.7,318.675,465.78,323.475,1055,3131,1139,3187,1288,1723
6293034,457.46,317.625,465.3,324.225,1052,3119,1133,3195,1290,1722
6293036,456.9,318.675,465.06,324.15,1046,3130,1130,3193,1282,1726
6293038,456.9,317.7,465.22,324.6,1046,3120,1131,3199,1283,1722
6293040,457.14,318.375,465.06,325.125,1048,3127,1129,3204,1290,1722
6293042,457.14,319.875,464.42,325.05,1046,3144,1122,3203,1282,1724
6293044,456.98,318.9,464.5,324.75,1045,3133,1123,3200,1288,1721
6293046,457.94,319.35,464.98,325.125,1055,3139,1127,3204,1280,1723
6293048,457.22,319.875,464.42,325.575,1046,3144,1121,3209,1288,1724
6293050,457.38,319.05,464.58,325.425,1048,3135,1122,3208,1282,1722
6293052,457.86,318.675,464.82,324.9,1053,3131,1125,3202,1291,1721
6293054,457.14,319.95,464.42,324.9,1044,3145,1120,3202,1283,1720
6293056,457.3,318.9,464.34,324.375,1046,3134,1119,3197,1287,1719
6293058,458.58,318.975,464.5,325.125,1059,3135,1120,3205,1285,1721
6293060,457.62,318.6,464.18,325.35,1049,3130,1117,3207,1279,1722
6293062,458.1,319.95,464.18,325.8,1054,3145,1116,3212,1283,1721
6293064,456.98,319.65,463.86,325.725,1042,3142,1113,3211,1285,1722
6293066,457.62,320.4,463.94,325.65,1048,3150,1113,3211,1287,1722
6293068,457.06,320.25,464.02,325.8,1042,3148,1114,3212,1285,1723
6293070,457.38,320.475,463.62,326.325,1046,3151,1109,3217,1282,1721
6293072,457.54,320.25,463.3,326.4,1047,3149,1106,3218,1285,1723
6293074,457.46,319.425,463.3,326.4,1046,3140,1106,3218,1288,1722
6293076,457.14,319.725,463.22,326.7,1042,3142,1104,3222,1290,1722
6293078,457.38,322.8,463.46,325.35,1044,3177,1108,3207,1287,1722
6293080,457.54,322.275,463.78,326.55,1046,3171,1110,3220,1290,1724
6293082,458.18,321.975,463.46,326.4,1052,3168,1107,3219,1283,1722
6293084,458.02,320.625,463.38,325.95,1051,3153,1106,3214,1291,1725
6293086,457.78,319.8,463.22,326.4,1049,3144,1105,3219,1286,1725
6293088,458.42,322.2,463.3,327.375,1055,3170,1105,3229,1289,1724
6293090,458.1,319.65,463.14,326.1,1052,3142,1104,3216,1287,1726
6293092,458.1,320.7,463.22,327.225,1052,3154,1104,3228,1287,1725
6293094,458.66,321.9,463.46,327,1058,3167,1107,3226,1287,1726
6293096,458.98,321.975,462.9,327.3,1061,3168,1101,3229,1289,1724
6293098,458.1,321.45,463.3,326.475,1052,3162,1105,3220,1286,1727
6293100,458.82,321.3,462.9,327.075,1060,3160,1101,3226,1288,1724
6293102,458.34,321.9,462.98,326.7,1055,3167,1102,3221,1293,1726
6293104,459.14,320.775,463.78,326.7,1063,3155,1110,3222,1287,1729
6293106,458.18,322.2,462.98,327.45,1053,3170,1102,3230,1289,1722
6293108,458.1,322.8,463.06,326.775,1052,3177,1103,3223,1295,1727
6293110,459.7,320.475,463.94,326.175,1070,3152,1113,3216,1295,1728
6293112,458.82,322.125,464.26,326.775,1060,3169,1116,3222,1293,1732
6293114,459.22,321.75,463.86,326.625,1065,3165,1112,3221,1291,1732
6293116,458.02,321.675,463.86,325.8,1052,3164,1112,3212,1294,1734
6293118,459.38,322.875,463.14,326.25,1067,3177,1105,3216,1296,1730
6293120,459.7,322.95,463.46,326.475,1070,3178,1109,3219,1293,1730
6293122,459.62,323.55,463.3,326.925,1069,3185,1107,3223,1295,1729
6293124,459.86,322.95,463.46,326.4,1072,3179,1109,3218,1296,1727
6293126,459.62,321.45,463.46,326.85,1071,3161,1110,3222,1298,1730
6293128,459.62,321.45,463.54,326.775,1070,3161,1110,3221,1295,1729
6293130,459.06,322.35,463.46,326.85,1065,3171,1110,3222,1295,1732
6293132,459.46,322.425,463.46,326.85,1069,3172,1110,3222,1294,1730
6293134,459.06,323.775,463.7,326.475,1065,3187,1113,3218,1289,1732
6293136,459.22,322.05,463.46,327,1067,3167,1111,3224,1300,1732
6293138,459.62,324,463.38,326.925,1071,3189,1110,3223,1299,1732
6293140,458.74,323.1,463.62,327,1062,3179,1113,3224,1294,1731
6293142,459.3,323.175,463.3,327.15,1068,3179,1109,3225,1299,1730
6293144,459.54,324.3,463.7,327.45,1071,3192,1113,3228,1296,1731
6293146,460.1,325.875,463.54,327.6,1076,3209,1112,3230,1302,1729
6293148,459.38,322.95,463.62,327.75,1070,3177,1113,3232,1299,1733
6293150,459.54,324,463.46,327.675,1071,3189,1111,3231,1299,1731
6293152,459.94,326.1,463.3,327.525,1075,3212,1110,3229,1296,1730
6293154,459.3,324.675,463.62,327.975,1069,3196,1113,3234,1300,1730
6293156,459.54,322.8,463.3,327.75,1072,3176,1110,3231,1300,1733
6293158,459.94,325.725,463.38,327.525,1075,3207,1111,3229,1290,1728
6293160,459.06,323.25,463.22,327.225,1067,3180,1109,3225,1296,1733
6293162,458.9,323.7,463.38,327.225,1065,3185,1112,3225,1295,1734
6293164,459.86,322.575,462.98,326.925,1076,3172,1107,3222,1298,1733
6293166,459.7,322.875,463.38,327.3,1075,3176,1112,3226,1291,1730
6293168,459.54,322.425,462.58,327.15,1073,3171,1104,3224,1298,1731
6293170,459.86,321.525,462.9,326.7,1077,3161,1107,3219,1297,1732
6293172,459.86,322.2,462.5,327.075,1077,3168,1103,3223,1299,1729
6293174,460.1,321.675,462.66,326.925,1079,3162,1105,3221,1299,1729
6293176,460.26,320.625,462.58,326.7,1082,3151,1104,3219,1292,1735
6293178,461.06,321.525,462.18,326.4,1090,3161,1101,3215,1295,1732
6293180,459.7,321.3,462.18,326.325,1076,3158,1101,3214,1298,1733
6293182,459.94,321.9,462.5,326.325,1078,3164,1104,3214,1300,1731
6293184,460.82,322.125,462.58,326.775,1088,3167,1105,3219,1300,1733
6293186,459.94,320.325,462.1,326.85,1079,3147,1100,3220,1300,1731
6293188,459.46,322.8,462.34,327.225,1074,3174,1103,3223,1296,1735
6293190,459.86,323.025,462.5,326.85,1078,3176,1104,3219,1301,1733
6293192,458.9,319.05,462.5,326.85,1069,3132,1105,3220,1297,1737
6293194,459.3,322.275,462.42,327.3,1072,3167,1104,3224,1299,1734
6293196,459.86,322.65,463.06,326.85,1078,3172,1111,3220,1303,1736
6293198,458.9,323.55,462.18,327.075,1069,3181,1102,3221,1303,1737
6293200,458.98,323.175,461.86,327,1069,3177,1098,3220,1302,1737
6293202,459.06,325.575,461.78,327.225,1069,3203,1097,3223,1301,1736
6293204,458.9,322.8,461.06,327.45,1068,3173,1090,3225,1303,1737
6293206,458.82,323.4,462.1,327.375,1068,3179,1101,3225,1301,1737
6293208,459.22,323.325,461.78,327.6,1072,3178,1098,3227,1306,1738
6293210,458.74,323.7,461.22,327.75,1067,3183,1092,3228,1301,1739
6293212,458.66,326.775,461.78,328.2,1065,3216,1098,3233,1308,1745
6293214,458.1,325.2,462.1,327.75,1060,3199,1101,3228,1306,1743
6293216,458.82,325.05,461.86,327.375,1067,3198,1099,3224,1304,1744
6293218,458.02,325.575,461.62,327.825,1059,3202,1096,3228,1303,1743
6293220,458.66,323.625,462.1,328.125,1066,3182,1101,3232,1310,1745
6293222,458.74,324.975,460.98,327.675,1066,3196,1089,3227,1306,1745
6293224,459.38,325.125,461.86,328.05,1073,3198,1098,3231,1309,1744
6293226,458.98,323.475,461.06,328.425,1070,3179,1090,3235,1305,1745
6293228,458.5,325.575,462.26,327.375,1063,3202,1103,3224,1309,1745
6293230,458.66,324.825,461.22,327.825,1065,3195,1092,3229,1305,1744
6293232,458.5,324,461.06,328.05,1064,3185,1090,3231,1311,1743
6293234,458.58,324.675,461.3,327.375,1065,3193,1093,3224,1306,1747
6293236,459.38,325.05,461.62,327.6,1073,3197,1096,3226,1313,1744
6293238,458.66,321.9,461.94,327.375,1067,3163,1099,3224,1312,1744
6293240,458.66,324,461.54,327.825,1066,3185,1095,3229,1307,1747
6293242,458.82,327.6,461.94,327.525,1067,3226,1099,3226,1305,1744
6293244,458.9,324.6,461.54,327.825,1068,3193,1095,3229,1312,1747
6293246,458.1,322.2,461.46,326.925,1061,3166,1094,3219,1308,1748
6293248,458.18,323.025,461.7,327.375,1061,3175,1097,3224,1304,1745
6293250,458.66,323.25,462.1,327.525,1066,3177,1101,3226,1309,1746
6293252,458.98,321.9,461.06,326.55,1070,3163,1090,3214,1314,1751
6293254,458.42,322.35,461.62,326.4,1064,3167,1096,3213,1311,1747
6293256,458.26,320.775,461.86,326.325,1063,3149,1099,3213,1307,1746
6293258,458.5,321.15,461.62,325.875,1065,3153,1096,3207,1305,1751
6293260,458.74,319.425,461.78,325.425,1068,3135,1099,3202,1305,1754
6293262,458.5,320.175,461.06,325.875,1066,3143,1091,3206,1305,1750
6293264,458.26,319.8,461.62,325.575,1063,3139,1097,3204,1305,1751
6293266,458.66,320.55,461.78,325.5,1067,3147,1099,3202,1303,1749
6293268,457.38,320.55,461.46,325.8,1054,3146,1095,3206,1305,1751
6293270,458.18,318.975,461.78,326.175,1063,3129,1099,3210,1309,1748
6293272,458.58,319.65,462.02,325.5,1067,3137,1101,3202,1309,1755
6293274,458.58,320.925,461.62,326.175,1067,3151,1097,3209,1307,1750
6293276,458.98,319.35,461.46,325.8,1071,3133,1096,3205,1310,1757
6293278,458.74,319.875,461.86,326.4,1070,3139,1100,3211,1303,1754
6293280,457.78,320.4,461.86,326.1,1059,3144,1100,3209,1305,1755
6293282,458.66,319.725,461.86,326.175,1069,3137,1101,3209,1307,1758
6293284,458.66,321.225,461.62,326.625,1068,3153,1098,3214,1309,1756
6293286,457.86,321,462.02,327,1060,3150,1103,3218,1304,1755
6293288,457.86,321,462.5,327.075,1060,3150,1107,3219,1302,1755
6293290,459.06,321.975,462.1,327.15,1073,3162,1103,3220,1306,1761
6293292,458.34,323.025,462.02,327.9,1065,3173,1103,3228,1308,1758
6293294,459.14,322.65,462.58,327.45,1074,3169,1109,3223,1308,1757
6293296,459.86,323.1,462.1,327.675,1082,3175,1104,3226,1307,1758
6293298,459.3,324.3,462.82,327.825,1076,3188,1112,3228,1305,1758
6293300,458.66,321.375,462.18,327.9,1070,3155,1105,3229,1306,1760
6293302,458.66,322.275,462.26,327.375,1070,3165,1107,3223,1308,1761
6293304,458.26,323.25,462.42,327.825,1066,3176,1108,3228,1305,1759
6293306,458.58,323.625,462.18,328.2,1069,3180,1106,3232,1309,1760
6293308,458.5,322.95,462.74,328.65,1069,3173,1112,3237,1311,1760
6293310,457.94,323.475,462.58,327.825,1063,3179,1111,3228,1312,1763
6293312,459.06,322.65,461.86,327.075,1075,3170,1104,3220,1310,1765
6293314,458.34,323.475,461.7,327.75,1069,3179,1102,3228,1311,1761
6293316,458.02,323.325,462.18,327.3,1065,3177,1108,3223,1304,1766
6293318,458.5,323.625,461.78,326.775,1071,3181,1104,3218,1308,1767
6293320,458.66,323.325,461.94,327.225,1072,3178,1106,3222,1313,1762
6293322,458.5,322.35,461.86,326.325,1072,3168,1106,3212,1305,1763
6293324,458.74,321.975,461.94,326.475,1074,3163,1107,3214,1314,1765
6293326,458.9,322.65,461.86,326.7,1076,3171,1106,3217,1313,1763
6293328,458.1,321.225,462.34,326.475,1068,3155,1111,3215,1316,1763
6293330,458.42,322.275,462.74,325.875,1072,3167,1117,3209,1313,1764
6293332,458.66,320.4,462.5,324.975,1075,3147,1114,3199,1315,1766
6293334,459.06,319.725,462.34,325.725,1080,3140,1112,3208,1307,1768
6293336,459.38,320.475,462.82,324.975,1083,3148,1118,3199,1312,1767
6293338,458.82,321.15,462.1,325.05,1077,3155,1111,3200,1312,1765
6293340,458.66,319.5,462.18,324.675,1076,3137,1112,3196,1311,1767
6293342,458.98,320.1,462.42,324.3,1080,3145,1115,3192,1313,1766
6293344,458.42,319.95,462.5,324.825,1074,3142,1116,3198,1313,1770
6293346,458.26,318.075,462.42,325.5,1073,3122,1115,3205,1310,1770
6293348,458.34,318.225,461.86,324.525,1074,3124,1110,3195,1310,1763
6293350,458.74,318.675,462.58,324.375,1079,3129,1118,3194,1309,1770
6293352,458.1,320.025,462.42,324.15,1072,3144,1116,3191,1308,1770
6293354,458.74,319.35,461.94,323.625,1079,3137,1111,3185,1302,1767
6293356,458.34,318.525,462.1,324,1075,3127,1113,3189,1308,1770
6293358,458.26,318.675,462.58,323.925,1074,3129,1118,3188,1310,1770
6293360,458.1,318.975,462.34,324.525,1073,3132,1116,3195,1308,1772
6293362,458.26,318.525,462.18,324.15,1074,3127,1114,3191,1309,1770
6293364,457.78,318.15,462.34,323.7,1070,3123,1116,3185,1307,1771
6293366,458.58,320.475,462.1,324,1077,3149,1113,3189,1309,1770
6293368,458.42,317.925,462.42,324.3,1077,3121,1117,3192,1309,1776
6293370,457.7,317.025,462.26,323.775,1069,3111,1115,3187,1304,1769
6293372,458.1,317.775,462.5,323.625,1073,3119,1118,3185,1311,1768
6293374,457.78,317.925,462.5,324,1071,3120,1118,3190,1310,1771
6293376,457.62,318.375,462.5,323.775,1069,3126,1118,3187,1312,1771
6293378,458.26,318.825,462.5,324.075,1075,3131,1118,3190,1310,1776
6293380,457.7,317.25,462.18,324.375,1070,3113,1115,3193,1304,1773
6293382,458.02,317.55,462.66,324,1073,3117,1120,3190,1304,1774
6293384,458.02,317.25,462.5,324.45,1073,3114,1119,3194,1308,1775
6293386,458.26,317.4,462.18,324.225,1076,3115,1115,3192,1305,1774
6293388,457.22,318.3,462.34,324,1065,3125,1117,3190,1306,1773
6293390,458.34,319.35,462.34,324.375,1076,3138,1117,3194,1310,1773
6293392,457.78,318.225,462.42,324.525,1071,3125,1118,3196,1308,1774
6293394,457.7,318.975,462.98,324.45,1070,3133,1124,3196,1309,1772
6293396,457.78,317.25,462.42,324.525,1071,3114,1118,3196,1309,1776
6293398,457.38,318.9,462.42,324.975,1067,3133,1118,3201,1306,1774
6293400,457.86,318.975,462.58,324.6,1071,3134,1120,3198,1306,1778
6293402,457.78,318.3,462.98,324.675,1071,3126,1124,3199,1304,1774
6293404,457.86,318.525,462.98,324.975,1072,3129,1124,3202,1309,1778
6293406,458.18,318.675,463.14,324.825,1076,3132,1125,3201,1301,1774
6293408,457.14,320.4,462.5,324.975,1064,3150,1119,3202,1314,1774
6293410,458.1,321.375,462.82,325.05,1074,3162,1123,3204,1310,1776
6293412,457.78,321.675,463.14,325.125,1071,3165,1126,3205,1314,1777
6293414,456.82,323.475,462.66,324.975,1060,3185,1121,3203,1312,1777
6293416,457.46,322.65,462.66,325.5,1066,3176,1121,3209,1310,1774
6293418,457.22,320.925,462.82,324.675,1064,3157,1122,3200,1312,1777
6293420,457.06,322.2,463.14,324.825,1062,3171,1125,3202,1311,1776
6293422,457.06,322.125,462.66,325.2,1061,3170,1120,3206,1312,1776
6293424,457.06,322.2,462.5,325.425,1062,3171,1118,3209,1310,1779
6293426,456.58,322.05,462.9,325.275,1056,3170,1122,3207,1311,1775
6293428,457.46,322.5,462.58,325.05,1065,3175,1119,3205,1308,1777
6293430,456.98,322.05,462.74,324.975,1060,3170,1120,3204,1307,1776
6293432,457.14,322.575,462.34,325.05,1061,3176,1116,3205,1311,1774
6293434,455.54,321.975,462.58,325.2,1044,3169,1117,3207,1310,1781
6293436,456.74,321.225,462.34,325.65,1057,3161,1115,3211,1311,1775
6293438,456.5,324,462.5,325.2,1053,3191,1116,3207,1310,1775
6293440,455.22,322.725,462.18,324.975,1040,3177,1113,3204,1304,1778
6293442,456.26,321.3,461.78,325.575,1051,3161,1108,3211,1306,1775
6293444,456.74,322.05,462.02,325.05,1056,3170,1110,3204,1307,1779
6293446,455.54,321.825,461.94,325.05,1043,3167,1109,3205,1306,1777
6293448,455.54,321.6,461.54,325.65,1043,3164,1105,3211,1310,1776
6293450,455.62,319.35,461.86,325.425,1044,3139,1107,3208,1299,1777
6293452,455.38,319.125,461.78,325.5,1041,3136,1107,3209,1299,1777
6293454,454.74,320.7,461.7,325.575,1033,3153,1105,3209,1305,1776
6293456,455.7,321.45,461.78,325.65,1043,3162,1106,3211,1308,1776
6293458,454.82,321,461.62,326.175,1034,3156,1104,3216,1301,1774
6293460,454.9,319.875,461.7,325.2,1035,3144,1105,3205,1305,1773
6293462,454.58,320.55,461.62,325.725,1031,3151,1104,3210,1306,1772
6293464,454.98,319.35,461.86,325.425,1036,3137,1107,3207,1300,1774
6293466,454.66,320.775,461.7,325.95,1032,3152,1105,3211,1307,1774
6293468,454.82,319.875,461.46,326.025,1034,3142,1102,3212,1307,1773
6293470,454.98,320.175,461.46,326.025,1036,3145,1102,3212,1305,1772
6293472,454.74,319.575,461.14,326.025,1033,3138,1098,3212,1299,1774
6293474,454.58,320.85,461.94,324.825,1031,3151,1107,3198,1306,1775
6293476,455.14,318.375,462.02,325.575,1038,3124,1108,3206,1298,1772
6293478,455.06,320.025,461.62,325.95,1036,3141,1104,3209,1302,1772
6293480,455.06,319.2,461.86,325.875,1037,3132,1106,3208,1303,1775
6293482,455.14,319.875,461.7,326.325,1038,3139,1105,3212,1301,1773
6293484,454.82,319.275,461.94,325.2,1035,3131,1108,3200,1297,1774
6293486,454.66,320.4,462.42,325.35,1033,3144,1113,3201,1305,1775
6293488,455.22,320.475,462.26,325.35,1038,3144,1112,3201,1305,1775
6293490,455.14,319.35,462.34,325.95,1038,3131,1112,3206,1304,1772
6293492,455.22,319.5,462.26,325.425,1040,3132,1112,3201,1300,1773
6293494,456.02,317.85,462.5,325.575,1049,3114,1115,3202,1300,1775
6293496,454.98,319.2,462.9,324.75,1038,3128,1120,3193,1298,1772
6293498,455.06,319.875,463.06,324.75,1039,3135,1122,3192,1303,1776
6293500,455.3,318.9,463.54,324.975,1042,3125,1127,3195,1297,1773
6293502,455.94,319.275,463.54,325.425,1050,3128,1127,3199,1300,1770
6293504,455.54,318.825,463.7,325.35,1045,3123,1129,3198,1296,1770
6293506,455.62,318.825,463.7,324.9,1047,3122,1130,3192,1295,1773
6293508,456.42,321.375,463.7,325.2,1055,3150,1130,3195,1313,1773
6293510,455.94,322.425,463.7,325.2,1050,3161,1131,3194,1307,1771
6293512,456.66,321.825,464.82,325.725,1058,3155,1142,3201,1302,1771
6293514,456.02,320.55,464.58,326.325,1052,3140,1141,3207,1312,1769
6293516,456.9,322.8,465.54,325.95,1061,3166,1151,3203,1302,1767
6293518,456.82,321.975,465.3,326.4,1061,3156,1150,3208,1305,1768
6293520,457.14,320.4,465.14,326.1,1065,3138,1148,3204,1314,1768
6293522,458.02,321.75,464.9,325.8,1076,3153,1147,3201,1310,1767
6293524,457.78,322.425,465.78,326.475,1073,3161,1156,3208,1310,1769
6293526,456.42,321.45,465.78,326.475,1060,3149,1158,3209,1310,1770
6293528,458.82,323.775,465.46,326.325,1085,3176,1154,3206,1307,1768
6293530,457.62,322.875,465.46,326.7,1073,3166,1155,3211,1308,1768
6293532,458.66,323.175,466.02,326.775,1085,3170,1161,3212,1311,1772
6293534,458.02,322.575,465.46,326.175,1079,3163,1157,3205,1312,1771
6293536,458.58,323.4,465.78,326.475,1085,3172,1160,3208,1306,1771
6293538,458.1,322.05,465.46,326.925,1082,3157,1158,3214,1308,1770
6293540,458.82,324.225,465.38,326.55,1089,3182,1158,3209,1308,1768
6293542,457.22,324.375,465.62,326.325,1073,3183,1162,3207,1303,1770
6293544,458.58,322.05,465.78,327.225,1088,3158,1162,3217,1306,1772
6293546,457.46,322.65,465.06,326.775,1078,3164,1157,3212,1309,1769
6293548,458.18,322.8,465.54,326.775,1085,3166,1162,3212,1307,1772
6293550,458.02,321.975,465.62,326.775,1085,3158,1164,3213,1305,1770
6293552,458.9,322.725,465.14,326.625,1094,3166,1159,3211,1306,1771
6293554,457.38,322.2,465.54,327.45,1080,3160,1164,3221,1305,1766
6293556,457.46,321,465.78,327,1081,3147,1167,3216,1300,1767
6293558,457.54,323.025,465.54,327,1083,3170,1166,3216,1305,1766
6293560,457.86,322.05,465.3,326.4,1086,3159,1163,3210,1305,1768
6293562,457.7,322.95,465.14,327.375,1086,3170,1163,3221,1303,1765
6293564,457.3,323.4,465.46,328.05,1081,3174,1167,3228,1306,1768
6293566,457.22,322.65,465.14,327.6,1082,3167,1164,3224,1302,1766
6293568,457.86,323.4,464.98,327.15,1088,3175,1162,3219,1297,1765
6293570,456.82,323.1,465.7,327.825,1078,3172,1170,3227,1303,1766
6293572,457.22,322.5,464.9,328.05,1083,3166,1162,3230,1305,1765
6293574,458.1,322.8,465.22,327.45,1092,3169,1166,3223,1299,1764
6293576,456.98,322.875,465.38,327.75,1080,3170,1168,3226,1305,1764
6293578,456.9,323.1,464.9,327.975,1081,3173,1163,3230,1301,1765
6293580,457.22,323.25,465.22,328.65,1084,3175,1166,3237,1303,1765
6293582,456.98,325.05,465.3,328.125,1081,3195,1168,3232,1301,1766
6293584,456.66,324.75,465.06,327.975,1078,3192,1165,3230,1306,1766
6293586,456.02,325.5,465.06,328.35,1071,3200,1166,3235,1302,1765
6293588,456.34,322.35,465.22,328.275,1075,3166,1168,3235,1298,1766
6293590,456.02,325.35,464.58,328.5,1071,3200,1161,3237,1301,1766
6293592,455.62,324.525,465.06,328.725,1067,3190,1165,3240,1301,1765
6293594,455.94,324.9,464.66,328.425,1070,3196,1161,3238,1300,1766
6293596,455.7,324.45,464.98,328.275,1068,3190,1165,3235,1304,1767
6293598,456.02,326.175,464.34,328.8,1070,3210,1157,3242,1301,1764
6293600,455.94,325.275,464.5,328.35,1070,3201,1159,3237,1300,1765
6293602,455.86,325.8,464.82,328.35,1068,3207,1162,3238,1310,1762
6293604,456.26,325.8,464.26,328.65,1072,3207,1156,3241,1300,1765
6293606,455.62,324,464.5,328.95,1065,3188,1157,3245,1302,1762
6293608,455.7,324.975,464.18,328.95,1066,3198,1154,3246,1307,1760
6293610,456.18,326.4,463.94,328.725,1069,3215,1151,3243,1302,1760
6293612,456.1,325.725,464.34,328.65,1069,3208,1155,3243,1312,1763
6293614,455.86,327.15,464.5,328.95,1065,3225,1156,3247,1305,1761
6293616,455.62,325.8,463.94,328.35,1063,3210,1150,3240,1298,1760
6293618,455.22,326.1,464.18,328.725,1058,3213,1152,3246,1302,1759
6293620,455.46,326.025,463.46,328.425,1060,3213,1144,3242,1308,1756
6293622,454.98,325.65,463.54,329.025,1055,3209,1144,3250,1304,1757
6293624,455.06,326.85,463.94,328.8,1055,3223,1148,3247,1304,1759
6293626,455.06,327.3,463.38,328.95,1054,3228,1141,3249,1301,1755
6293628,455.3,328.725,463.78,328.425,1056,3244,1145,3244,1302,1759
6293630,455.38,328.5,463.3,328.725,1056,3242,1139,3247,1304,1753
6293632,454.66,327.3,463.06,328.05,1049,3229,1137,3239,1298,1754
6293634,455.38,324.675,463.22,328.5,1055,3200,1137,3245,1305,1753
6293636,454.66,325.425,462.98,327.975,1048,3209,1135,3239,1307,1755
6293638,455.38,328.275,463.38,328.05,1053,3240,1138,3240,1304,1754
6293640,455.06,325.2,463.3,328.275,1051,3206,1137,3243,1301,1753
6293642,455.06,326.625,462.98,327.6,1049,3222,1133,3236,1303,1753
6293644,454.1,326.55,462.9,327.45,1039,3221,1131,3234,1301,1754
6293646,454.9,324.375,463.06,327.75,1047,3197,1132,3237,1302,1751
6293648,454.98,324.075,462.9,327.675,1048,3194,1130,3236,1298,1752
6293650,455.14,325.5,462.98,327.675,1047,3209,1129,3236,1302,1751
6293652,454.58,324.675,462.9,327.525,1042,3201,1129,3235,1299,1751
6293654,454.74,324,463.3,327.75,1043,3192,1132,3237,1299,1751
6293656,453.94,323.7,462.74,327.225,1035,3190,1126,3231,1302,1751
6293658,455.62,324.675,462.74,327,1050,3200,1125,3229,1299,1750
6293660,455.22,321.525,462.82,327.3,1047,3166,1126,3231,1299,1751
6293662,454.66,321.375,462.82,327.225,1040,3163,1124,3231,1302,1752
6293664,454.9,321.825,463.14,326.775,1043,3168,1128,3226,1292,1750
6293666,454.98,322.125,462.74,327,1042,3172,1122,3228,1300,1754
6293668,454.98,321.3,462.66,326.55,1042,3162,1121,3223,1305,1753
6293670,455.3,321.525,462.98,326.85,1044,3164,1123,3226,1296,1750
6293672,454.74,321.15,462.9,327.075,1038,3159,1123,3228,1304,1753
6293674,455.38,320.7,463.06,326.625,1044,3154,1123,3223,1299,1751
6293676,455.62,321.975,463.54,327.3,1046,3169,1128,3231,1304,1752
6293678,455.22,321,463.62,326.925,1041,3157,1128,3226,1296,1752
6293680,455.7,322.425,463.06,326.85,1046,3174,1122,3225,1298,1753
6293682,455.7,322.05,463.7,327.375,1045,3169,1128,3230,1296,1749
6293684,455.94,322.875,463.7,327.6,1047,3178,1128,3233,1302,1750
6293686,455.86,323.325,463.7,327.675,1046,3183,1127,3234,1303,1752
6293688,455.94,323.1,464.42,327.6,1046,3180,1134,3233,1301,1754
6293690,456.74,322.5,464.02,327.9,1054,3174,1130,3236,1301,1752
6293692,456.42,323.925,464.42,327.6,1050,3190,1134,3233,1298,1753
6293694,456.66,325.275,464.5,327.75,1052,3204,1135,3235,1301,1754
6293696,456.42,322.05,464.58,327.675,1051,3169,1135,3233,1302,1753
6293698,456.9,325.05,464.82,327.975,1054,3202,1137,3236,1299,1756
6293700,456.9,323.775,464.98,327.6,1055,3188,1139,3233,1301,1755
6293702,456.34,323.7,465.06,327.975,1049,3186,1139,3237,1300,1755
6293704,457.06,324.9,464.82,327.75,1056,3201,1137,3235,1301,1755
6293706,457.78,325.2,464.9,328.35,1063,3204,1138,3242,1299,1755
6293708,456.82,324.825,465.06,328.35,1053,3200,1139,3242,1299,1753
6293710,456.58,325.275,465.3,328.2,1050,3205,1141,3240,1301,1756
6293712,457.38,324,464.98,328.35,1059,3190,1138,3242,1299,1753
6293714,457.3,325.35,465.3,328.2,1057,3206,1141,3240,1301,1756
6293716,457.38,327.825,465.38,328.125,1058,3233,1142,3240,1302,1755
6293718,458.1,325.725,465.14,328.425,1066,3211,1139,3243,1299,1756
6293720,457.78,326.025,465.54,328.425,1062,3214,1143,3244,1299,1758
6293722,457.46,325.5,465.22,328.575,1058,3209,1140,3245,1295,1755
6293724,457.86,326.925,465.38,327.825,1063,3225,1141,3237,1300,1756
6293726,457.14,324.075,465.7,327.9,1055,3194,1145,3239,1295,1758
6293728,457.78,326.25,465.46,327.975,1061,3218,1142,3239,1303,1757
6293730,457.06,324.825,465.54,328.35,1054,3202,1143,3244,1304,1759
6293732,457.54,324.15,465.14,327.975,1060,3194,1139,3240,1302,1755
6293734,457.54,326.55,465.46,327.675,1059,3222,1142,3237,1296,1756
6293736,457.22,324.75,465.38,328.5,1056,3201,1141,3245,1306,1755
6293738,457.14,326.175,465.38,328.425,1054,3218,1141,3245,1306,1755
6293740,456.74,326.025,465.06,327.675,1050,3216,1137,3237,1305,1757
6293742,457.62,324.3,465.14,327.675,1059,3197,1138,3238,1306,1756
6293744,456.74,322.875,465.3,327.6,1051,3181,1139,3237,1298,1755
6293746,457.06,323.7,465.54,327.225,1054,3191,1142,3233,1300,1756
6293748,457.06,323.325,464.82,327.375,1053,3186,1134,3235,1297,1756
6293750,457.46,323.775,464.82,327.525,1057,3192,1134,3236,1297,1756
6293752,456.82,324.525,464.42,327.45,1050,3200,1130,3235,1298,1756
6293754,457.22,324.225,465.06,327,1054,3197,1135,3230,1299,1754
6293756,456.82,322.875,464.5,327.3,1050,3182,1130,3234,1299,1758
6293758,456.82,322.875,464.5,327.075,1049,3183,1129,3232,1301,1757
6293760,456.9,324.375,464.82,327.375,1049,3199,1132,3235,1302,1753
6293762,456.5,323.925,464.74,327.225,1045,3193,1130,3233,1301,1756
6293764,457.14,323.85,464.34,327,1052,3193,1126,3231,1301,1757
6293766,457.38,325.65,464.74,327,1052,3213,1130,3230,1300,1756
6293768,456.74,324.3,464.26,326.7,1047,3198,1125,3227,1299,1760
6293770,457.14,325.2,464.5,327.375,1050,3208,1126,3235,1290,1760
6293772,456.74,325.425,464.1,327.375,1045,3211,1122,3234,1293,1756
6293774,456.58,324,464.1,327.675,1044,3195,1122,3238,1301,1758
6293776,456.5,326.925,464.26,327.15,1041,3227,1123,3232,1303,1759
6293778,457.38,324.75,464.58,327.75,1051,3204,1125,3239,1302,1761
6293780,457.62,324.675,464.26,327.825,1053,3203,1122,3240,1302,1762
6293782,456.5,328.35,464.1,327.6,1039,3243,1120,3238,1300,1760
6293784,456.82,327.075,464.26,327.375,1043,3229,1121,3235,1298,1757
6293786,456.5,324.15,463.78,327.75,1040,3197,1116,3239,1299,1759
6293788,456.42,325.575,464.02,327.375,1038,3212,1118,3236,1301,1761
6293790,457.06,326.925,464.1,327.375,1044,3228,1118,3235,1296,1761
6293792,456.9,325.725,463.94,327.075,1043,3215,1117,3232,1303,1759
6293794,456.66,326.55,464.18,326.925,1039,3224,1118,3231,1302,1758
6293796,456.82,325.725,463.86,327.3,1040,3215,1114,3235,1290,1759
6293798,456.42,324.675,463.78,326.775,1036,3203,1114,3229,1292,1760
6293800,456.18,325.875,463.38,327.9,1034,3216,1109,3241,1306,1762
6293802,456.5,326.4,464.26,327.225,1036,3223,1117,3234,1300,1764
6293804,456.66,325.65,463.46,327.525,1038,3214,1108,3237,1295,1762
6293806,457.78,326.025,464.26,327.525,1049,3219,1116,3237,1300,1762
6293808,456.58,325.5,463.86,327.9,1036,3212,1112,3242,1307,1764
6293810,456.98,326.175,464.1,327.375,1039,3220,1114,3236,1302,1761
6293812,456.66,327.075,464.26,326.775,1036,3230,1116,3229,1302,1762
6293814,456.18,326.925,464.02,327,1030,3229,1112,3232,1302,1761
6293816,457.06,327.225,464.26,326.925,1039,3233,1115,3232,1305,1758
6293818,456.66,327.9,464.66,327.6,1033,3240,1118,3239,1308,1764
6293820,456.82,325.275,464.74,327.15,1036,3211,1119,3234,1307,1765
6293822,456.26,325.125,464.34,327.375,1029,3209,1114,3236,1304,1763
6293824,457.54,327,464.34,327.225,1042,3230,1114,3235,1304,1763
6293826,457.22,326.25,464.5,327.375,1039,3221,1115,3236,1307,1766
6293828,456.58,327.15,464.42,327.375,1031,3231,1114,3236,1307,1763
6293830,456.5,326.775,464.42,327.075,1030,3227,1114,3233,1306,1763
6293832,457.06,325.5,464.5,327.075,1037,3213,1115,3233,1301,1764
6293834,457.38,326.1,464.82,327,1039,3220,1117,3232,1302,1765
6293836,457.14,327.9,464.42,327.9,1036,3240,1113,3242,1304,1767
6293838,457.7,327.375,464.58,327,1041,3234,1114,3232,1305,1762
6293840,456.98,326.325,464.34,327.525,1034,3222,1112,3238,1302,1767
6293842,457.38,326.325,465.06,326.7,1038,3222,1119,3229,1304,1766
6293844,457.38,324.825,464.9,327.3,1038,3206,1117,3235,1307,1767
6293846,457.22,327.15,464.74,327.075,1035,3231,1114,3233,1296,1767
6293848,457.62,325.125,464.5,327.45,1040,3209,1112,3237,1302,1764
6293850,458.5,325.275,465.46,327.225,1049,3211,1122,3235,1304,1766
6293852,457.54,325.125,465.14,327.075,1039,3209,1118,3233,1308,1766
6293854,457.46,326.175,465.38,327,1037,3220,1121,3232,1301,1767
6293856,458.02,325.8,465.78,326.175,1043,3216,1125,3223,1306,1769
6293858,457.62,325.575,465.46,327.525,1039,3214,1121,3238,1304,1768
6293860,458.1,324.975,465.62,327.3,1044,3207,1123,3236,1303,1766
6293862,458.5,325.725,465.62,326.925,1048,3215,1123,3231,1299,1766
6293864,457.86,325.05,465.7,327,1041,3208,1124,3232,1296,1769
6293866,457.94,326.85,465.7,327.075,1042,3227,1124,3233,1294,1767
6293868,458.98,326.85,466.26,326.925,1053,3228,1130,3231,1298,1772
6293870,458.02,324.45,466.26,327.6,1044,3201,1130,3239,1300,1771
6293872,458.42,325.125,466.98,326.925,1048,3209,1138,3232,1306,1776
6293874,458.18,326.7,465.78,327.375,1045,3226,1125,3236,1302,1772
6293876,458.66,325.5,466.42,327.525,1050,3213,1132,3237,1305,1774
6293878,458.82,324.375,466.66,327.225,1053,3200,1135,3234,1308,1774
6293880,459.06,327.15,466.74,326.775,1055,3231,1136,3230,1308,1776
6293882,458.74,324.825,467.14,327.225,1052,3206,1140,3235,1306,1777
6293884,459.14,326.625,466.82,327.075,1056,3225,1137,3233,1308,1778
6293886,459.22,326.775,466.58,327.525,1057,3227,1135,3238,1302,1776
6293888,458.82,327.375,466.98,327,1053,3233,1139,3232,1308,1779
6293890,458.18,326.475,466.66,327.45,1047,3223,1136,3237,1307,1777
6293892,458.82,327.225,466.18,328.125,1053,3232,1131,3244,1302,1777
6293894,458.42,325.05,466.5,327.525,1051,3208,1135,3237,1300,1776
6293896,458.26,325.875,466.42,327.825,1049,3217,1134,3241,1301,1779
6293898,457.78,326.925,466.66,327.075,1043,3228,1137,3233,1289,1779
6293900,457.54,326.475,466.9,327.15,1041,3223,1140,3234,1305,1779
6293902,458.5,327.45,467.06,327.075,1051,3235,1142,3233,1303,1778
6293904,458.34,325.425,466.74,327.375,1050,3212,1138,3236,1307,1778
6293906,458.26,327.75,466.66,327.225,1050,3237,1138,3234,1306,1780
6293908,458.66,325.65,466.58,326.625,1054,3215,1138,3228,1303,1781
6293910,457.54,324.3,467.06,327.525,1043,3199,1142,3238,1302,1779
6293912,457.78,325.725,466.5,327.225,1045,3215,1137,3235,1306,1782
6293914,458.26,325.875,466.42,326.775,1050,3217,1136,3230,1302,1782
6293916,457.7,324.45,466.42,326.4,1045,3201,1136,3225,1306,1783
6293918,458.9,325.35,466.26,326.85,1057,3212,1135,3230,1307,1783
6293920,458.26,325.8,466.18,326.325,1051,3216,1134,3225,1304,1783
6293922,458.58,325.575,466.74,326.475,1054,3214,1140,3227,1305,1782
6293924,458.02,325.05,466.5,326.55,1048,3208,1138,3227,1301,1784
6293926,458.26,325.65,466.82,326.25,1051,3215,1141,3224,1303,1785
6293928,457.7,323.325,466.26,326.1,1046,3189,1135,3222,1308,1786
6293930,457.7,325.35,466.1,325.95,1045,3211,1134,3220,1311,1787
6293932,457.94,324.075,466.5,325.725,1048,3197,1138,3218,1305,1787
6293934,458.02,324.525,466.34,326.025,1048,3202,1136,3222,1306,1785
6293936,457.54,324.15,465.86,325.875,1044,3198,1131,3220,1305,1789
6293938,457.7,324.45,466.18,325.875,1045,3201,1134,3220,1304,1786
6293940,457.22,323.925,466.42,325.575,1040,3195,1136,3216,1306,1787
6293942,458.26,324.9,466.1,325.65,1050,3206,1133,3217,1304,1788
6293944,458.42,325.2,466.26,325.95,1052,3209,1135,3221,1303,1785
6293946,457.3,326.175,466.1,326.625,1040,3220,1132,3228,1307,1789
6293948,457.62,324.825,466.18,325.95,1044,3205,1133,3220,1298,1786
6293950,457.14,327.225,465.86,326.55,1036,3231,1129,3227,1301,1787
6293952,457.62,327.075,465.86,327.45,1042,3230,1128,3237,1296,1785
6293954,457.62,327,466.02,326.85,1042,3229,1130,3230,1301,1787
6293956,457.14,327.075,465.94,326.475,1036,3230,1130,3226,1299,1789
6293958,457.38,327.975,465.7,326.475,1039,3240,1127,3226,1293,1787
6293960,456.98,326.625,465.7,325.95,1034,3224,1127,3221,1301,1792
6293962,457.38,327.15,465.7,327,1038,3231,1126,3232,1299,1786
6293964,457.86,330.375,465.46,326.925,1042,3267,1123,3230,1296,1791
6293966,457.06,325.65,465.46,327.075,1035,3214,1123,3232,1303,1792
6293968,457.06,326.55,465.94,327.15,1034,3224,1128,3233,1302,1790
6293970,457.46,326.85,465.94,326.7,1038,3227,1128,3228,1295,1788
6293972,456.82,325.95,465.7,326.475,1031,3217,1125,3226,1301,1793
6293974,456.82,326.7,465.62,326.775,1031,3225,1124,3229,1295,1791
6293976,456.26,327.9,465.38,326.85,1024,3239,1122,3230,1302,1792
6293978,457.3,325.8,465.3,326.55,1036,3215,1120,3226,1299,1793
6293980,456.74,326.925,465.62,326.7,1030,3228,1124,3228,1307,1792
6293982,456.9,326.1,465.54,326.4,1031,3219,1123,3225,1309,1793
6293984,457.54,325.5,465.86,325.875,1038,3212,1126,3219,1306,1797
6293986,456.9,325.5,465.46,325.725,1031,3212,1122,3217,1308,1796
6293988,457.54,325.5,465.78,325.05,1038,3212,1126,3210,1298,1795
6293990,456.58,324.15,466.02,325.2,1028,3197,1128,3212,1304,1794
6293992,457.46,323.925,465.38,324.825,1038,3194,1121,3207,1305,1797
6293994,457.78,324.75,465.78,324.75,1040,3203,1125,3207,1299,1798
6293996,457.06,323.625,465.14,324.675,1034,3191,1119,3206,1302,1797
6293998,457.06,324.75,465.62,324.825,1033,3204,1124,3207,1303,1795
6294000,457.38,324.15,465.54,324.6,1037,3196,1122,3204,1304,1797
6294002,456.58,324.525,465.78,324.675,1028,3200,1125,3205,1303,1798
6294004,456.66,324,465.78,324.6,1029,3194,1124,3205,1302,1795
6294006,456.74,323.55,466.02,325.125,1029,3190,1126,3210,1306,1795
6294008,456.5,323.85,465.06,324.525,1027,3193,1116,3203,1305,1799
6294010,457.54,324.3,465.54,324.75,1037,3198,1122,3205,1309,1798
6294012,457.38,322.575,465.54,324.3,1036,3178,1121,3200,1309,1802
6294014,456.58,323.625,465.86,324.375,1027,3190,1124,3200,1304,1798
6294016,457.62,323.85,466.02,324.525,1038,3192,1126,3202,1311,1800
6294018,456.42,323.85,466.34,324.75,1025,3191,1129,3205,1306,1801
6294020,456.74,323.55,465.22,324.975,1028,3188,1118,3207,1310,1799
6294022,456.66,324.75,465.94,324.525,1027,3201,1125,3202,1313,1802
6294024,457.46,325.35,465.78,325.2,1035,3208,1123,3209,1308,1799
6294026,457.46,325.05,465.62,325.275,1035,3204,1121,3210,1309,1800
6294028,456.98,324.825,465.86,324.825,1030,3202,1124,3205,1313,1801
6294030,457.46,324,466.26,325.125,1036,3193,1128,3209,1311,1798
6294032,457.94,324.375,466.98,324.75,1040,3197,1136,3204,1314,1798
6294034,458.98,324.075,467.54,323.7,1051,3194,1142,3193,1313,1799
6294036,459.54,322.875,468.66,323.1,1058,3181,1154,3186,1312,1797
6294038,459.54,323.1,468.74,322.05,1058,3183,1155,3175,1313,1798
6294040,459.94,323.175,468.9,321.075,1062,3184,1157,3164,1312,1802
6294042,459.78,318.675,468.42,320.4,1062,3134,1153,3156,1307,1802
6294044,458.9,320.775,467.46,319.8,1052,3157,1142,3149,1299,1802
6294046,458.66,318.15,467.86,318,1050,3128,1148,3129,1302,1806
6294048,459.22,318.825,467.38,317.775,1056,3136,1142,3127,1302,1805
6294050,458.74,317.55,467.46,317.4,1052,3121,1143,3123,1303,1803
6294052,459.78,316.5,467.7,316.575,1063,3111,1146,3114,1304,1804
6294054,459.06,316.65,466.1,315.975,1056,3112,1130,3107,1304,1801
6294056,459.06,316.275,466.5,316.35,1056,3107,1134,3111,1304,1803
6294058,458.74,315.45,466.02,315.825,1053,3098,1130,3105,1299,1801
6294060,459.06,316.725,466.18,316.725,1056,3113,1131,3114,1305,1805
6294062,459.94,316.05,465.38,317.25,1066,3105,1123,3120,1303,1802
6294064,459.78,317.025,465.62,316.65,1064,3116,1126,3114,1303,1805
6294066,459.06,317.4,466.18,317.325,1056,3119,1132,3121,1299,1804
6294068,459.46,316.65,466.26,317.325,1061,3112,1133,3121,1305,1803
6294070,459.78,315.825,466.1,317.775,1065,3102,1131,3126,1305,1807
6294072,459.3,316.65,466.66,316.575,1060,3111,1138,3113,1311,1811
6294074,460.34,317.1,466.42,317.25,1071,3117,1135,3120,1313,1806
6294076,460.02,315.6,466.58,316.275,1068,3100,1137,3110,1309,1812
6294078,459.62,316.5,466.58,316.875,1064,3109,1137,3116,1309,1810
6294080,459.46,316.35,466.58,316.875,1062,3107,1137,3116,1314,1811
6294082,459.38,316.575,466.98,317.025,1062,3110,1141,3118,1309,1812
6294084,458.58,317.925,466.1,316.05,1053,3125,1133,3107,1308,1815
6294086,458.9,317.625,466.34,317.1,1056,3121,1135,3118,1309,1814
6294088,459.46,317.625,466.58,317.175,1062,3122,1137,3119,1311,1814
6294090,458.66,318.15,466.58,317.775,1054,3127,1137,3126,1302,1815
6294092,459.94,317.25,466.66,317.1,1067,3118,1138,3118,1311,1812
6294094,458.74,316.275,466.58,317.775,1055,3106,1137,3125,1301,1817
6294096,458.18,316.95,466.34,318,1049,3113,1134,3127,1311,1817
6294098,458.18,317.925,466.1,317.925,1048,3124,1131,3127,1306,1815
6294100,459.22,317.25,466.58,317.85,1059,3117,1137,3126,1313,1815
6294102,458.66,319.8,466.34,317.925,1052,3144,1134,3126,1313,1814
6294104,458.74,319.8,466.02,317.775,1053,3144,1130,3125,1311,1818
6294106,459.38,317.7,466.1,318.15,1060,3122,1130,3129,1307,1817
6294108,459.22,318,465.62,318.3,1058,3125,1126,3130,1314,1819
6294110,458.66,320.25,466.18,318.3,1051,3149,1131,3131,1312,1818
6294112,458.9,318.975,466.26,317.475,1054,3136,1132,3121,1309,1820
6294114,459.06,317.85,465.94,318.75,1056,3123,1128,3136,1308,1820
6294116,459.06,317.625,466.02,317.55,1056,3121,1129,3122,1312,1819
6294118,459.06,318.225,465.78,317.925,1056,3128,1126,3126,1306,1820
6294120,458.66,318.9,465.86,317.625,1051,3135,1127,3123,1315,1822
6294122,458.9,319.65,465.46,317.85,1052,3144,1123,3125,1314,1818
6294124,458.42,319.2,466.34,316.95,1048,3138,1132,3116,1314,1824
6294126,458.5,318.3,465.62,316.8,1048,3128,1124,3114,1313,1824
6294128,458.58,318,465.62,316.65,1049,3125,1124,3112,1309,1821
6294130,458.5,316.95,465.7,316.575,1048,3113,1124,3112,1312,1825
6294132,458.34,317.625,465.3,316.65,1047,3121,1120,3112,1317,1823
6294134,458.98,317.025,466.02,316.2,1053,3114,1127,3108,1312,1824
6294136,458.34,316.5,466.02,316.05,1046,3108,1127,3106,1311,1825
6294138,458.02,316.725,465.7,316.65,1042,3111,1123,3113,1316,1825
6294140,458.42,316.875,465.78,315.675,1046,3112,1125,3101,1310,1823
6294142,458.26,316.875,465.7,315.675,1044,3112,1122,3102,1310,1822
6294144,458.18,315.45,465.62,315.75,1044,3097,1121,3103,1307,1823
6294146,457.86,315.525,466.02,315.3,1039,3098,1125,3098,1305,1828
6294148,458.02,315,465.86,315,1041,3092,1124,3094,1308,1825
6294150,458.18,315.975,465.3,314.775,1043,3102,1118,3092,1305,1821
6294152,458.42,314.25,465.38,314.475,1046,3084,1119,3089,1310,1824
6294154,457.78,314.625,465.7,314.925,1038,3087,1122,3093,1307,1826
6294156,458.98,314.325,465.46,314.1,1051,3084,1119,3084,1306,1828
6294158,458.42,316.125,465.22,314.85,1044,3103,1116,3092,1310,1825
6294160,458.58,314.1,465.54,315.225,1047,3081,1120,3096,1306,1824
6294162,458.34,314.85,465.06,314.775,1044,3089,1115,3091,1310,1825
6294164,458.82,313.95,465.54,315.15,1049,3079,1119,3095,1308,1823
6294166,457.94,316.5,465.62,315.075,1038,3107,1120,3094,1305,1829
6294168,457.94,315.6,465.38,315,1038,3097,1117,3093,1304,1828
6294170,458.1,315.375,465.38,315.6,1040,3094,1117,3099,1308,1824
6294172,458.34,315,465.86,315.675,1043,3090,1122,3100,1309,1828
6294174,458.18,314.175,465.78,315.9,1041,3081,1120,3103,1314,1830
6294176,458.18,317.1,465.86,315.975,1040,3113,1121,3103,1313,1828
6294178,457.94,316.05,466.18,316.725,1037,3101,1124,3112,1317,1829
6294180,458.1,317.85,465.78,316.125,1039,3122,1120,3105,1306,1828
6294182,458.66,318.525,466.34,316.65,1044,3129,1125,3111,1317,1829
6294184,458.18,317.175,465.54,316.125,1039,3114,1117,3105,1301,1831
6294186,457.86,316.425,465.54,316.575,1036,3105,1117,3110,1303,1829
6294188,458.26,317.475,466.26,317.325,1040,3117,1125,3118,1312,1826
6294190,458.02,317.325,466.26,316.875,1037,3116,1124,3113,1311,1831
6294192,458.26,318.3,465.94,316.65,1040,3126,1121,3111,1311,1829
6294194,457.86,316.575,466.1,316.5,1036,3107,1122,3109,1303,1829
6294196,457.54,317.025,465.94,316.35,1032,3112,1121,3107,1311,1831
6294198,458.26,316.35,466.26,316.725,1039,3106,1124,3112,1315,1830
6294200,458.02,317.625,466.18,316.425,1037,3119,1123,3109,1311,1828
6294202,458.42,316.2,466.1,316.05,1041,3103,1123,3105,1310,1832
6294204,458.5,315.825,466.26,315.825,1042,3099,1124,3102,1315,1834
6294206,459.14,317.025,466.02,315.75,1049,3113,1121,3102,1312,1833
6294208,458.74,314.925,465.86,314.7,1045,3090,1120,3090,1313,1834
6294210,459.06,316.35,466.02,314.925,1048,3106,1122,3093,1320,1835
6294212,458.18,316.35,465.78,314.4,1039,3106,1120,3087,1317,1835
6294214,458.82,314.475,466.02,314.7,1046,3086,1122,3091,1313,1835
6294216,459.14,315,466.1,314.4,1049,3091,1122,3088,1315,1835
6294218,458.18,314.1,465.86,313.05,1040,3082,1121,3073,1310,1830
6294220,459.7,313.35,465.7,313.05,1056,3073,1119,3072,1313,1838
6294222,459.14,312.9,465.94,313.125,1051,3068,1121,3073,1316,1836
6294224,458.18,313.575,465.86,313.05,1040,3075,1121,3072,1310,1835
6294226,459.14,313.275,465.62,313.05,1050,3072,1119,3072,1316,1835
6294228,459.86,312.825,465.78,312.9,1058,3068,1120,3070,1315,1836
6294230,458.98,313.35,465.54,312.825,1049,3074,1118,3069,1312,1836
6294232,458.74,313.275,466.02,312,1046,3072,1123,3061,1316,1838
6294234,459.62,312.3,465.62,312.9,1055,3062,1118,3071,1316,1836
6294236,458.74,313.2,465.62,311.925,1046,3071,1119,3060,1314,1837
6294238,459.54,313.275,465.78,311.775,1054,3072,1121,3058,1319,1838
6294240,459.06,313.125,465.78,312.15,1050,3071,1120,3062,1319,1836
6294242,459.86,312.9,465.94,312,1058,3069,1122,3061,1318,1836
6294244,459.7,312.45,465.94,313.2,1057,3064,1122,3074,1318,1835
6294246,458.9,313.05,466.02,312.45,1048,3070,1123,3066,1312,1835
6294248,459.54,312.75,465.86,313.5,1055,3067,1122,3077,1320,1838
6294250,458.82,313.2,465.94,313.125,1048,3072,1122,3073,1317,1834
6294252,459.7,314.325,466.58,312.975,1056,3084,1129,3071,1315,1834
6294254,459.54,312.375,466.5,313.8,1056,3062,1128,3081,1307,1834
6294256,459.86,313.2,466.26,314.4,1059,3072,1126,3087,1312,1836
6294258,458.9,314.325,466.98,314.025,1048,3084,1134,3083,1310,1835
6294260,459.14,314.325,466.66,314.775,1050,3084,1130,3091,1319,1835
6294262,460.1,312.9,466.5,315.15,1062,3069,1128,3096,1312,1832
6294264,459.14,313.875,467.06,314.7,1051,3079,1134,3091,1315,1835
6294266,459.06,315.675,466.9,315.45,1050,3099,1133,3099,1311,1834
6294268,459.38,314.85,467.06,316.2,1053,3090,1135,3108,1324,1837
6294270,458.98,316.125,467.14,315.75,1049,3105,1135,3103,1321,1837
6294272,458.98,317.025,467.14,315.525,1049,3114,1136,3100,1322,1833
6294274,459.94,316.8,467.38,316.2,1059,3113,1138,3108,1324,1837
6294276,459.94,315.3,467.46,316.2,1060,3096,1139,3108,1322,1835
6294278,460.34,316.05,467.46,315.975,1064,3105,1139,3107,1325,1837
6294280,459.3,316.875,467.62,316.35,1052,3114,1141,3111,1317,1838
6294282,459.62,317.625,467.54,315.6,1056,3122,1140,3103,1322,1838
6294284,459.14,317.1,467.38,315.9,1052,3116,1138,3106,1319,1835
6294286,460.42,316.65,467.14,315.75,1065,3112,1136,3105,1321,1835
6294288,459.7,316.425,467.38,315,1058,3109,1139,3096,1311,1835
6294290,459.14,315.45,467.46,315.075,1053,3099,1140,3097,1316,1835
6294292,459.46,316.275,467.14,315.375,1055,3108,1137,3100,1314,1837
6294294,459.06,315.45,467.62,315.375,1051,3098,1141,3100,1319,1838
6294296,458.42,314.25,466.74,315.375,1045,3085,1132,3100,1321,1836
6294298,458.66,314.7,466.98,314.475,1047,3090,1135,3091,1317,1839
6294300,459.62,315.3,467.22,314.625,1057,3097,1137,3092,1322,1838
6294302,459.06,314.025,466.82,314.7,1052,3083,1133,3093,1319,1836
6294304,458.5,314.025,466.98,314.7,1046,3082,1135,3093,1321,1839
6294306,458.58,314.775,467.14,313.725,1046,3090,1136,3082,1320,1840
6294308,458.34,314.7,466.26,314.325,1044,3090,1127,3088,1322,1838
6294310,458.18,313.575,466.74,314.025,1042,3077,1133,3084,1317,1836
6294312,458.18,314.7,466.5,314.7,1042,3089,1129,3092,1318,1835
6294314,458.26,313.725,466.34,313.575,1042,3078,1128,3078,1318,1838
6294316,457.7,312.975,466.18,313.8,1037,3069,1126,3081,1322,1838
6294318,458.34,313.5,465.94,313.8,1044,3074,1123,3081,1320,1836
6294320,457.94,312.75,465.78,313.275,1040,3066,1122,3074,1317,1841
6294322,457.38,311.85,465.94,312.975,1034,3055,1124,3071,1322,1840
6294324,457.86,312.9,465.78,313.575,1038,3067,1122,3077,1318,1838
6294326,458.02,312.15,466.02,313.5,1041,3058,1124,3075,1318,1837
6294328,458.1,312.675,465.94,313.5,1041,3064,1124,3075,1317,1839
6294330,458.26,312.3,466.1,314.025,1042,3059,1125,3080,1317,1837
6294332,457.94,313.5,466.9,313.8,1039,3072,1133,3078,1319,1835
6294334,458.82,313.125,466.58,314.1,1048,3067,1129,3080,1318,1835
6294336,458.58,313.2,466.5,314.625,1045,3068,1128,3086,1321,1835
6294338,458.42,314.775,466.74,314.775,1043,3084,1131,3087,1319,1834
6294340,457.94,314.625,466.74,315.375,1038,3082,1130,3093,1322,1835
6294342,458.02,314.325,466.66,314.625,1039,3079,1130,3084,1316,1834
6294344,459.06,315.075,466.82,315.45,1050,3087,1131,3094,1317,1834
6294346,458.66,313.8,466.98,316.05,1046,3072,1133,3099,1313,1832
6294348,458.02,315,466.74,315.45,1039,3085,1130,3092,1316,1834
6294350,458.02,315.75,467.22,316.05,1039,3093,1136,3099,1319,1833
6294352,458.26,315.525,466.82,316.5,1042,3090,1132,3104,1313,1832
6294354,458.18,315.525,467.14,316.125,1041,3089,1135,3099,1310,1833
6294356,458.42,315,467.22,316.2,1044,3084,1136,3100,1313,1831
6294358,458.42,315.075,467.14,316.725,1044,3084,1136,3105,1307,1830
6294360,458.18,315.45,467.22,316.35,1041,3088,1136,3101,1309,1831
6294362,458.66,316.875,467.14,316.95,1046,3104,1136,3107,1311,1832
6294364,458.34,316.35,467.54,317.55,1043,3098,1139,3114,1314,1834
6294366,458.18,316.875,467.54,316.5,1042,3103,1140,3102,1309,1832
6294368,458.66,317.325,467.14,317.475,1047,3109,1136,3113,1315,1832
6294370,458.02,315.675,467.46,317.025,1040,3090,1140,3108,1316,1836
6294372,458.98,316.65,467.22,317.325,1050,3101,1138,3111,1317,1833
6294374,459.06,316.8,467.38,316.65,1052,3103,1140,3104,1320,1837
6294376,458.74,316.8,467.3,316.8,1049,3102,1139,3105,1321,1832
6294378,458.58,318.15,467.3,317.25,1047,3117,1139,3111,1322,1829
6294380,458.42,317.475,467.3,317.325,1046,3110,1139,3111,1319,1831
6294382,459.06,316.35,467.22,317.325,1053,3098,1139,3112,1316,1833
6294384,458.34,315.975,467.22,317.1,1046,3093,1139,3109,1314,1828
6294386,458.58,316.275,467.22,317.325,1048,3097,1139,3112,1314,1831
6294388,459.3,315.375,467.22,316.425,1056,3087,1139,3101,1310,1827
6294390,458.66,316.35,467.14,316.725,1050,3098,1138,3105,1307,1826
6294392,458.42,316.35,467.46,317.625,1047,3098,1142,3115,1307,1825
6294394,458.74,317.4,467.38,316.8,1051,3110,1142,3105,1310,1825
6294396,459.3,315.825,467.78,317.925,1057,3092,1146,3119,1318,1826
6294398,458.9,317.025,467.38,317.325,1053,3106,1142,3111,1316,1826
6294400,458.66,315.975,467.46,317.55,1051,3094,1143,3114,1312,1832
6294402,458.34,317.925,467.3,318.225,1047,3115,1141,3122,1317,1828
6294404,457.94,316.275,467.38,318,1043,3097,1142,3119,1316,1827
6294406,457.62,316.05,466.9,317.4,1040,3094,1138,3113,1314,1828
6294408,458.66,314.325,467.7,318.225,1052,3076,1146,3122,1312,1828
6294410,458.82,316.5,467.3,317.7,1053,3100,1142,3116,1314,1824
6294412,458.1,316.95,467.14,317.25,1045,3105,1141,3111,1310,1828
6294414,457.94,315.525,467.78,318.3,1044,3089,1147,3123,1307,1828
6294416,458.74,316.05,467.14,318.15,1053,3095,1140,3121,1310,1826
6294418,458.66,316.725,467.06,317.475,1052,3102,1140,3113,1311,1825
6294420,458.42,315.9,466.9,317.925,1049,3093,1139,3118,1310,1829
6294422,458.26,316.35,466.82,317.7,1048,3099,1138,3116,1305,1821
6294424,458.98,316.65,467.3,318.225,1056,3102,1142,3122,1311,1826
6294426,458.34,315.75,466.98,318.075,1049,3091,1140,3120,1308,1826
6294428,458.18,316.35,467.22,318.075,1047,3099,1142,3121,1310,1818
6294430,457.78,315.975,467.3,317.55,1044,3094,1144,3115,1308,1821
6294432,458.42,315.9,467.86,318.15,1050,3093,1149,3121,1311,1819
6294434,458.1,316.125,467.06,317.85,1047,3096,1141,3118,1306,1821
6294436,458.74,315,467.14,317.925,1055,3084,1142,3119,1310,1822
6294438,457.78,316.05,467.14,317.925,1044,3095,1142,3119,1305,1822
6294440,458.74,315.15,467.14,318,1055,3085,1143,3120,1312,1821
6294442,457.46,315.6,467.38,317.625,1041,3090,1145,3116,1304,1817
6294444,458.5,316.5,467.46,318.075,1052,3100,1146,3121,1306,1817
6294446,457.38,318.675,467.62,319.125,1040,3125,1147,3133,1310,1814
6294448,457.78,316.5,467.46,318.375,1044,3100,1145,3125,1304,1820
6294450,458.26,316.5,466.9,318.45,1050,3101,1140,3125,1303,1820
6294452,457.62,316.8,467.46,318.3,1043,3104,1146,3124,1303,1818
6294454,457.78,318.225,467.46,319.65,1044,3120,1146,3139,1296,1815
6294456,457.46,318.225,467.38,318.675,1041,3120,1145,3128,1294,1815
6294458,457.7,317.775,467.22,319.275,1044,3115,1144,3135,1301,1816
6294460,457.46,316.425,467.46,319.65,1042,3100,1146,3139,1296,1815
6294462,457.54,318.15,467.62,319.875,1042,3119,1148,3141,1296,1815
6294464,457.54,317.7,467.3,319.65,1043,3114,1145,3139,1299,1818
6294466,457.38,318.3,467.3,320.25,1041,3121,1144,3146,1301,1814
6294468,457.38,317.475,467.22,319.8,1041,3112,1144,3141,1303,1818
6294470,457.46,318.45,467.06,320.7,1042,3123,1142,3151,1306,1819
6294472,457.54,318.225,467.06,320.55,1043,3120,1143,3149,1303,1818
6294474,457.54,317.775,467.54,320.325,1043,3116,1148,3147,1304,1812
6294476,457.54,318.825,466.74,320.1,1043,3127,1139,3144,1307,1817
6294478,457.14,319.2,467.38,319.575,1039,3131,1147,3140,1302,1814
6294480,457.14,318,466.74,319.275,1039,3118,1140,3136,1301,1816
6294482,457.38,318.525,467.3,319.425,1042,3124,1145,3137,1306,1817
6294484,457.46,317.325,466.9,320.175,1043,3111,1142,3145,1293,1817
6294486,457.46,317.4,467.3,320.325,1043,3112,1145,3147,1298,1814
6294488,457.86,318.15,466.98,319.5,1046,3120,1142,3138,1295,1812
6294490,457.06,318.75,467.3,319.875,1038,3126,1145,3143,1293,1810
6294492,457.54,318.075,466.74,319.2,1043,3119,1140,3135,1296,1810
6294494,457.06,318.225,466.26,319.875,1038,3121,1134,3142,1298,1813
6294496,457.7,317.025,467.22,319.05,1045,3108,1144,3133,1301,1815
6294498,457.7,317.175,466.5,319.725,1045,3109,1137,3140,1302,1811
6294500,457.7,317.4,466.34,319.2,1045,3111,1136,3135,1298,1814
6294502,456.82,318,466.58,319.2,1035,3118,1138,3135,1301,1813
6294504,457.3,317.4,466.42,318.45,1041,3112,1137,3127,1301,1814
6294506,457.62,317.25,466.82,318,1043,3110,1140,3122,1300,1812
6294508,457.86,316.05,466.82,317.475,1047,3097,1141,3116,1298,1813
6294510,457.14,316.65,466.26,318.825,1039,3103,1134,3130,1299,1811
6294512,457.78,316.425,466.34,318.375,1045,3101,1135,3125,1297,1812
6294514,457.14,316.65,466.26,317.175,1038,3103,1135,3112,1299,1816
6294516,457.94,315.15,466.26,318.225,1048,3087,1134,3124,1301,1813
6294518,457.22,315.9,466.1,317.475,1039,3094,1133,3115,1298,1813
6294520,456.66,315.825,466.1,317.625,1033,3094,1132,3117,1295,1816
6294522,457.62,315.225,466.02,318.375,1043,3088,1131,3125,1301,1810
6294524,457.46,316.125,466.26,318.225,1042,3097,1133,3123,1293,1814
6294526,457.54,316.875,466.42,318.525,1041,3105,1134,3127,1298,1813
6294528,457.3,314.55,466.18,318.825,1039,3080,1132,3130,1300,1811
6294530,457.38,315.3,466.02,318.825,1040,3088,1130,3129,1296,1809
6294532,456.82,315.9,465.94,319.05,1034,3094,1129,3132,1299,1812
6294534,457.38,316.275,466.58,317.85,1039,3099,1136,3119,1297,1813
6294536,458.1,315.45,466.02,319.875,1048,3090,1129,3141,1295,1810
6294538,457.54,316.35,466.42,318.975,1041,3100,1134,3131,1295,1806
6294540,457.46,316.35,465.94,319.125,1040,3099,1129,3133,1299,1809
6294542,457.3,316.35,466.26,319.875,1038,3100,1131,3142,1301,1809
6294544,457.62,316.125,466.42,319.875,1041,3097,1133,3142,1295,1808
6294546,457.54,316.8,466.98,319.875,1041,3105,1139,3142,1298,1807
6294548,456.9,315.375,466.58,320.025,1035,3089,1134,3143,1295,1806
6294550,457.7,316.65,467.06,319.725,1042,3103,1140,3140,1298,1805
6294552,458.02,318.375,467.06,319.8,1045,3123,1140,3142,1293,1806
6294554,456.9,317.85,466.98,320.25,1034,3116,1138,3147,1294,1804
6294556,457.78,315.9,466.82,319.875,1044,3096,1137,3142,1291,1806
6294558,458.1,316.875,467.46,320.625,1047,3107,1144,3151,1291,1804
6294560,458.02,316.8,467.14,319.725,1045,3106,1141,3141,1292,1805
6294562,458.02,316.425,467.38,320.025,1046,3102,1143,3145,1291,1807
6294564,458.18,318.375,467.94,320.55,1047,3123,1149,3151,1294,1803
6294566,457.62,318.375,467.94,320.85,1041,3124,1149,3154,1299,1802
6294568,457.46,318.75,467.22,320.775,1039,3128,1142,3153,1297,1807
6294570,457.14,319.275,468.18,321.075,1036,3134,1152,3158,1296,1803
6294572,457.86,319.2,467.54,320.55,1043,3133,1145,3151,1305,1805
6294574,458.02,318.6,467.46,320.4,1046,3127,1144,3151,1301,1807
6294576,457.7,318.375,467.22,320.4,1042,3125,1142,3151,1294,1803
6294578,458.34,317.85,467.46,320.325,1050,3120,1145,3150,1298,1805
6294580,458.26,317.7,466.82,320.7,1049,3118,1138,3154,1294,1804
6294582,457.86,318.225,467.78,320.475,1045,3124,1148,3152,1296,1805
6294584,457.3,317.4,467.38,319.875,1039,3115,1145,3146,1290,1805
6294586,457.86,317.85,467.22,319.95,1045,3120,1143,3147,1292,1798
6294588,457.3,317.25,466.9,319.575,1039,3114,1140,3142,1293,1804
6294590,457.06,316.8,466.5,319.425,1037,3109,1136,3141,1292,1802
6294592,457.94,317.625,467.06,319.275,1046,3118,1142,3139,1292,1802
6294594,457.78,315.15,466.82,318.75,1045,3091,1139,3133,1288,1799
6294596,457.78,315.975,466.74,318.9,1045,3100,1138,3135,1294,1803
6294598,457.14,316.725,466.66,319.2,1038,3108,1137,3138,1294,1798
6294600,457.38,315.45,466.5,318.825,1041,3094,1136,3134,1293,1803
6294602,456.9,315.9,466.66,318.825,1036,3098,1138,3134,1295,1802
6294604,457.78,315.9,466.34,318,1045,3099,1135,3125,1297,1804
6294606,457.46,315,466.5,318.225,1042,3089,1136,3127,1294,1796
6294608,458.02,315.375,466.42,318.9,1047,3093,1135,3135,1295,1802
6294610,457.14,314.625,466.34,318.9,1039,3085,1134,3135,1295,1802
6294612,457.22,315.6,466.26,318.9,1039,3095,1133,3135,1296,1802
6294614,457.22,316.35,466.18,319.125,1038,3104,1132,3138,1292,1801
6294616,457.3,315.675,466.02,319.2,1040,3096,1130,3138,1295,1802
6294618,456.98,316.275,466.1,319.875,1036,3102,1131,3145,1296,1803
6294620,456.9,315.375,465.78,319.725,1035,3092,1128,3144,1295,1805
6294622,456.74,316.275,466.42,319.8,1033,3102,1134,3145,1293,1802
6294624,456.5,316.05,465.94,320.25,1031,3099,1129,3149,1296,1803
6294626,457.14,317.25,466.34,320.1,1037,3113,1134,3147,1291,1802
6294628,456.98,316.875,466.34,320.925,1036,3108,1133,3157,1295,1801
6294630,456.58,316.575,466.1,320.85,1031,3105,1130,3155,1297,1801
6294632,456.58,316.5,466.1,320.7,1031,3104,1130,3154,1300,1801
6294634,456.82,316.5,466.34,320.175,1033,3104,1133,3148,1293,1801
6294636,456.66,317.325,466.02,320.175,1031,3113,1129,3148,1295,1802
6294638,456.66,315.9,466.34,320.475,1032,3097,1133,3151,1292,1800
6294640,456.74,316.65,466.26,319.65,1032,3106,1132,3142,1298,1803
6294642,456.98,317.175,466.34,319.35,1035,3111,1133,3138,1292,1802
6294644,457.22,314.925,466.18,319.425,1038,3087,1131,3139,1294,1804
6294646,456.74,314.325,466.26,319.725,1034,3080,1132,3142,1295,1803
6294648,456.74,316.425,466.34,318.15,1033,3102,1133,3125,1293,1797
6294650,457.06,312.6,466.5,318.9,1038,3060,1135,3133,1292,1799
6294652,457.14,314.475,466.18,317.25,1037,3081,1132,3115,1290,1799
6294654,457.22,313.725,466.5,316.65,1039,3072,1135,3108,1291,1803
6294656,456.82,313.35,466.34,316.275,1035,3068,1134,3104,1291,1799
6294658,456.58,315.3,466.42,316.35,1032,3089,1136,3104,1288,1801
6294660,456.42,314.25,466.66,315.9,1031,3077,1138,3099,1292,1803
6294662,456.9,312.45,466.42,316.575,1036,3057,1135,3106,1289,1800
6294664,457.3,313.275,467.06,317.175,1040,3066,1142,3113,1293,1803
6294666,457.46,314.625,466.9,317.025,1042,3081,1141,3112,1294,1806
6294668,457.22,313.425,467.3,316.65,1040,3068,1145,3108,1291,1805
6294670,457.46,314.025,467.54,316.95,1042,3074,1148,3110,1296,1808
6294672,457.06,315.45,467.14,316.8,1038,3090,1143,3108,1299,1807
6294674,456.82,316.125,467.22,318.6,1035,3098,1144,3128,1296,1800
6294676,457.14,314.85,467.38,318.075,1039,3084,1146,3122,1299,1801
6294678,457.3,316.575,467.46,319.125,1040,3102,1146,3133,1301,1800
6294680,456.74,315.6,467.3,319.05,1035,3091,1145,3133,1297,1803
6294682,456.66,315.9,467.7,320.025,1034,3094,1149,3144,1293,1801
6294684,457.54,316.725,467.22,320.025,1044,3103,1144,3143,1293,1803
6294686,456.98,318.675,467.78,320.475,1037,3124,1150,3148,1290,1800
6294688,457.14,318.075,467.22,320.775,1039,3118,1144,3152,1289,1800
6294690,457.14,317.025,467.7,321.075,1039,3107,1149,3155,1287,1798
6294692,457.22,317.85,467.62,320.775,1040,3116,1148,3152,1290,1800
6294694,457.38,318.825,467.38,321.15,1042,3127,1146,3156,1287,1797
6294696,456.58,317.25,467.38,321.225,1033,3109,1146,3157,1293,1796
6294698,457.14,318.45,467.54,320.475,1040,3123,1149,3149,1290,1801
6294700,457.06,318.15,467.7,320.925,1039,3119,1150,3154,1291,1802
6294702,456.82,318.075,467.86,321,1037,3119,1152,3155,1294,1797
6294704,456.58,317.55,467.3,320.55,1035,3113,1147,3150,1293,1802
6294706,457.38,317.55,467.54,320.625,1043,3113,1149,3150,1294,1801
6294708,456.74,315.825,467.54,320.625,1037,3094,1150,3151,1296,1802
6294710,457.14,316.725,467.46,319.8,1042,3105,1149,3142,1296,1804
6294712,456.98,316.35,467.06,318.975,1040,3100,1145,3133,1296,1805
6294714,456.9,315.9,466.98,318.825,1040,3096,1145,3131,1297,1801
6294716,456.5,314.925,467.54,317.775,1035,3085,1151,3120,1293,1806
6294718,456.5,315.6,466.9,317.25,1036,3092,1145,3114,1297,1803
6294720,456.66,314.4,467.14,317.7,1038,3079,1147,3119,1299,1804
6294722,456.58,313.95,467.3,316.05,1037,3074,1150,3100,1295,1810
6294724,457.62,314.1,467.62,315.225,1048,3076,1153,3092,1297,1805
6294726,457.54,312,466.9,315.525,1048,3053,1146,3095,1290,1809
6294728,457.62,312.75,467.06,315.3,1049,3060,1147,3092,1294,1805
6294730,457.06,312,467.14,314.7,1044,3052,1149,3085,1295,1808
6294732,456.9,313.875,467.3,314.85,1041,3073,1150,3087,1300,1809
6294734,456.9,314.625,467.06,315.3,1041,3080,1148,3091,1297,1807
6294736,457.14,312.6,467.3,314.85,1045,3058,1151,3087,1299,1811
6294738,457.14,314.7,467.38,315.075,1044,3081,1152,3089,1298,1808
6294740,457.06,313.95,467.06,315.45,1044,3073,1149,3093,1297,1807
6294742,456.74,313.275,467.14,315.3,1041,3065,1150,3091,1297,1808
6294744,456.82,314.025,466.98,315.075,1041,3073,1148,3088,1295,1807
6294746,456.66,312.525,466.98,316.425,1040,3056,1148,3102,1291,1808
6294748,456.98,312.15,466.66,315.6,1044,3052,1145,3093,1292,1806
6294750,455.78,314.7,466.82,316.2,1031,3079,1147,3100,1294,1805
6294752,456.26,313.35,467.06,317.025,1037,3064,1149,3109,1289,1805
6294754,456.74,314.85,466.58,315.825,1041,3081,1145,3095,1291,1808
6294756,456.66,314.55,466.82,315.975,1041,3077,1147,3097,1290,1806
6294758,456.1,314.55,466.18,317.1,1034,3076,1140,3108,1286,1805
6294760,456.9,314.625,466.82,317.7,1043,3078,1146,3115,1290,1807
6294762,456.26,315.525,466.82,317.925,1036,3087,1147,3117,1290,1804
6294764,456.58,315,466.66,317.85,1040,3081,1144,3117,1297,1807
6294766,456.42,316.05,466.5,318.3,1037,3093,1143,3121,1295,1804
6294768,456.42,317.1,466.5,318.225,1037,3105,1143,3121,1301,1806
6294770,456.02,316.875,466.34,318.15,1033,3102,1141,3120,1300,1804
6294772,456.26,315.6,466.1,318.75,1036,3088,1139,3126,1296,1807
6294774,456.02,317.25,466.82,317.925,1033,3106,1147,3117,1296,1808
6294776,456.02,315.3,465.94,318.15,1033,3084,1137,3120,1295,1807
6294778,456.18,316.35,466.42,318,1035,3097,1142,3118,1295,1807
6294780,456.1,315.75,466.18,317.4,1034,3090,1140,3111,1298,1807
6294782,456.34,315.525,466.1,318.45,1037,3087,1139,3123,1295,1803
6294784,456.58,316.2,466.02,317.85,1039,3095,1138,3116,1291,1807
6294786,456.1,315.6,466.1,318.225,1034,3088,1138,3121,1294,1805
6294788,456.26,317.1,466.18,316.275,1035,3105,1140,3099,1287,1810
6294790,456.74,314.625,466.1,316.95,1041,3078,1139,3107,1290,1808
6294792,457.06,313.725,466.02,316.275,1044,3068,1138,3099,1291,1808
6294794,456.42,315.375,465.7,316.5,1037,3086,1135,3102,1292,1806
6294796,456.02,315.6,465.86,316.575,1032,3089,1136,3103,1297,1810
6294798,456.34,315.075,466.34,316.35,1036,3083,1141,3101,1299,1808
6294800,456.42,315.975,466.18,316.125,1036,3093,1139,3098,1299,1814
6294802,455.94,315.225,466.1,316.275,1031,3085,1138,3100,1298,1810
6294804,456.5,313.8,466.58,315.975,1038,3070,1143,3097,1297,1812
6294806,456.42,314.625,466.18,315.375,1036,3079,1138,3090,1295,1815
6294808,456.5,315.9,465.94,315.9,1036,3093,1136,3096,1297,1812
6294810,456.18,314.175,466.26,315.75,1034,3074,1140,3095,1298,1813
6294812,456.66,313.95,466.34,316.05,1039,3071,1140,3097,1298,1811
6294814,455.06,313.95,465.86,315.45,1022,3071,1135,3091,1292,1810
6294816,456.9,312.75,465.94,316.125,1042,3058,1136,3098,1296,1811
6294818,456.74,314.4,466.58,315.3,1039,3076,1142,3090,1298,1812
6294820,455.86,315.075,466.42,315.825,1029,3083,1140,3096,1296,1815
6294822,456.98,313.35,466.58,315.375,1041,3065,1142,3091,1295,1814
6294824,456.74,314.475,466.34,315.6,1039,3078,1140,3093,1301,1814
6294826,456.1,314.4,466.42,315.825,1031,3076,1140,3096,1299,1815
6294828,456.42,314.625,466.02,315.825,1035,3079,1135,3095,1300,1812
6294830,456.02,314.175,466.58,316.125,1030,3074,1141,3099,1300,1814
6294832,456.98,313.425,466.42,315.375,1041,3066,1140,3090,1298,1811
6294834,456.1,314.625,466.18,315.675,1031,3079,1137,3094,1293,1813
6294836,456.66,314.175,466.82,315.9,1037,3074,1143,3096,1298,1812
6294838,456.9,314.475,466.9,315.525,1039,3077,1144,3092,1296,1814
6294840,457.06,314.55,466.5,314.925,1040,3079,1140,3086,1297,1815
6294842,457.06,314.625,466.74,315.375,1041,3080,1142,3091,1295,1813
6294844,457.3,313.725,467.06,314.85,1043,3070,1145,3085,1297,1814
6294846,456.9,315.675,466.74,315.6,1038,3091,1142,3093,1301,1816
6294848,457.06,314.175,466.9,315.6,1041,3074,1144,3094,1294,1813
6294850,456.26,312.825,466.66,315.9,1033,3059,1141,3096,1294,1817
6294852,457.3,314.4,466.82,315.3,1043,3077,1143,3090,1292,1818
6294854,457.14,314.175,466.9,314.925,1042,3074,1144,3086,1293,1818
6294856,457.3,314.625,467.3,315.3,1043,3079,1149,3090,1296,1819
6294858,456.98,314.85,466.74,314.925,1040,3081,1143,3086,1291,1818
6294860,457.14,312,466.9,315.375,1043,3050,1144,3091,1290,1818
6294862,456.82,314.325,467.14,315.15,1039,3076,1148,3088,1293,1818
6294864,456.82,314.625,466.58,315.45,1039,3079,1142,3092,1302,1819
6294866,456.66,314.4,466.58,315.075,1038,3077,1142,3087,1299,1821
6294868,457.22,313.65,466.9,315.075,1044,3068,1146,3088,1304,1820
6294870,457.14,314.25,467.14,314.925,1043,3075,1148,3086,1304,1821
6294872,457.3,312.675,467.06,313.65,1046,3058,1148,3072,1299,1820
6294874,457.46,313.8,466.66,314.475,1047,3070,1144,3081,1305,1819
6294876,456.58,313.725,466.74,314.625,1038,3069,1145,3083,1305,1821
6294878,457.38,312.225,466.34,314.4,1048,3052,1141,3080,1302,1821
6294880,456.9,312.975,466.58,314.1,1043,3060,1144,3077,1302,1823
6294882,457.38,313.575,466.5,313.95,1047,3067,1144,3075,1293,1822
6294884,457.14,314.475,466.74,313.95,1045,3077,1146,3075,1298,1823
6294886,457.38,313.875,466.66,313.875,1048,3070,1146,3074,1295,1825
6294888,456.18,313.8,466.5,313.5,1036,3069,1145,3069,1294,1825
6294890,456.66,313.95,466.5,314.25,1041,3071,1145,3077,1296,1822
6294892,456.5,314.925,466.74,313.95,1039,3081,1147,3074,1297,1822
6294894,456.66,313.8,466.58,313.425,1042,3069,1147,3069,1300,1824
6294896,456.26,314.55,466.42,313.5,1037,3077,1145,3069,1300,1823
6294898,458.1,313.5,466.42,313.725,1057,3066,1145,3071,1303,1826
6294900,457.22,312.75,466.34,313.575,1048,3058,1144,3070,1304,1826
6294902,456.26,314.1,466.42,313.65,1038,3073,1145,3071,1307,1826
6294904,456.74,314.25,466.5,313.125,1043,3074,1146,3065,1306,1825
6294906,456.74,313.8,466.42,313.65,1044,3069,1145,3071,1308,1826
6294908,457.22,312.45,466.34,313.425,1049,3054,1145,3069,1307,1825
6294910,456.9,313.5,466.34,313.65,1046,3066,1145,3071,1305,1826
6294912,456.58,313.425,466.1,313.575,1042,3065,1142,3070,1309,1827
6294914,457.22,313.65,466.26,313.5,1049,3067,1144,3069,1304,1825
6294916,456.58,313.35,466.34,313.35,1043,3064,1146,3067,1307,1831
6294918,457.3,313.575,466.34,313.65,1050,3066,1145,3071,1306,1826
6294920,456.98,314.4,466.26,313.05,1047,3076,1145,3064,1308,1827
6294922,456.82,313.2,466.58,313.05,1045,3062,1148,3064,1309,1829
6294924,458.1,312.375,465.94,313.275,1059,3054,1141,3066,1312,1829
6294926,457.22,312.375,465.54,312.75,1050,3054,1138,3060,1305,1832
6294928,456.18,313.875,465.94,313.425,1039,3070,1142,3068,1308,1831
6294930,456.98,312.9,465.46,312.9,1047,3059,1137,3062,1307,1832
6294932,457.14,313.125,465.38,313.2,1049,3062,1136,3066,1306,1833
6294934,456.42,313.35,466.1,313.65,1042,3064,1143,3071,1307,1830
6294936,456.26,312.9,466.1,312.9,1040,3059,1143,3062,1308,1829
6294938,456.98,313.875,465.46,312.9,1047,3070,1137,3062,1307,1835
6294940,456.66,313.125,465.78,313.65,1044,3061,1140,3071,1310,1832
6294942,456.42,313.65,465.86,313.05,1042,3067,1142,3064,1310,1831
6294944,457.06,312.45,465.22,312.6,1049,3054,1135,3058,1306,1834
6294946,457.06,312.6,466.02,313.95,1049,3055,1143,3073,1303,1832
6294948,456.82,314.475,465.62,312.525,1046,3076,1139,3057,1309,1836
6294950,457.38,312.3,465.06,313.575,1053,3052,1134,3069,1302,1835
6294952,457.3,311.925,464.74,312.525,1052,3048,1130,3057,1306,1832
6294954,456.1,312.525,465.38,312.75,1040,3053,1137,3059,1305,1833
6294956,457.7,312.525,464.98,312.225,1056,3054,1133,3053,1305,1837
6294958,457.54,311.7,464.66,312.75,1055,3045,1129,3058,1299,1840
6294960,456.98,310.95,465.46,312.075,1049,3036,1138,3051,1306,1837
6294962,457.62,310.875,465.14,312.3,1056,3035,1135,3053,1300,1836
6294964,456.74,312,464.66,312.375,1047,3047,1129,3054,1311,1841
6294966,456.58,313.425,464.66,312.225,1044,3063,1129,3052,1311,1844
6294968,457.62,310.125,464.66,311.55,1056,3026,1130,3045,1311,1842
6294970,456.9,310.575,464.66,312.45,1049,3031,1129,3054,1309,1841
6294972,456.34,312.3,465.06,310.95,1042,3049,1134,3038,1316,1842
6294974,457.62,313.35,464.58,312.225,1055,3061,1128,3051,1312,1840
6294976,456.74,313.425,465.22,311.475,1046,3062,1136,3043,1311,1842
6294978,457.54,310.725,464.74,311.775,1055,3032,1130,3046,1306,1840
6294980,457.7,312.525,464.42,310.875,1056,3052,1127,3036,1313,1840
6294982,457.54,312.75,464.82,311.175,1054,3054,1131,3039,1307,1838
6294984,457.3,311.925,464.58,311.025,1052,3044,1129,3037,1309,1839
6294986,458.02,311.325,464.9,311.25,1060,3038,1132,3040,1306,1839
6294988,457.62,312,464.98,310.8,1056,3045,1133,3035,1308,1841
6294990,458.9,310.575,464.82,311.025,1069,3030,1131,3036,1304,1840
6294992,458.98,313.05,464.82,310.65,1069,3057,1131,3032,1309,1842
6294994,458.82,313.125,464.9,310.95,1066,3058,1131,3036,1303,1840
6294996,459.46,313.725,464.58,311.4,1074,3064,1128,3041,1311,1837
6294998,459.54,314.55,464.18,311.625,1074,3074,1123,3043,1309,1840
6295000,459.94,314.775,464.42,312.3,1078,3076,1126,3050,1308,1841
6295002,460.42,315.375,464.1,312.525,1083,3083,1122,3052,1311,1840
6295004,461.3,317.85,463.94,312.9,1091,3111,1120,3057,1317,1842
6295006,462.66,316.2,463.14,313.275,1105,3093,1111,3061,1305,1842
6295008,463.3,317.85,462.34,315,1112,3111,1103,3079,1311,1839
6295010,465.3,318.375,461.3,315.75,1133,3118,1091,3087,1304,1834
6295012,466.26,318.225,459.7,315.825,1143,3117,1074,3088,1299,1831
6295014,468.74,317.625,458.9,316.125,1169,3111,1066,3092,1294,1830
6295016,472.02,318.75,457.54,316.05,1203,3125,1051,3090,1289,1824
6295018,474.26,316.875,455.86,316.8,1227,3105,1033,3098,1294,1824
6295020,477.94,315.3,454.58,316.65,1266,3089,1020,3096,1289,1820
6295022,480.1,321,451.7,319.8,1287,3153,988,3130,1278,1806
6295024,482.26,327.975,449.94,320.025,1309,3231,969,3132,1251,1804
6295026,484.74,346.275,451.94,333.225,1329,3435,986,3279,1188,1740
6295028,486.58,364.125,449.3,357.075,1343,3635,950,3543,1124,1634
6295030,486.42,398.475,441.54,384.6,1332,4022,858,3849,1014,1506
6295032,491.62,423.225,438.1,411.825,1381,4305,811,4155,917,1371
6295034,488.42,456.15,433.7,450.45,1337,4681,750,4595,800,1189
6295036,494.5,492.075,427.54,489.6,1393,5100,669,5045,673,995
6295038,496.98,517.575,421.54,527.1,1413,5400,589,5481,559,814
6295040,511.86,550.95,416.02,564.975,1567,5800,513,5927,447,637
6295042,NaN,NaN,407.78,596.475,NaN,NaN,409,6300,0,477
6295044,NaN,NaN,NaN,NaN,NaN,NaN,NaN,NaN,0,0
6295046,NaN,NaN,NaN,NaN,NaN,NaN,NaN,NaN,0,0
6295048,NaN,NaN,NaN,NaN,NaN,NaN,NaN,NaN,0,0
6295050,NaN,NaN,NaN,NaN,NaN,NaN,NaN,NaN,0,0
6295052,NaN,NaN,NaN,NaN,NaN,NaN,NaN,NaN,0,0
6295054,NaN,NaN,NaN,NaN,NaN,NaN,NaN,NaN,0,0
6295056,NaN,NaN,NaN,NaN,NaN,NaN,NaN,NaN,0,0
6295058,NaN,NaN,NaN,NaN,NaN,NaN,NaN,NaN,0,0
6295060,NaN,NaN,NaN,NaN,NaN,NaN,NaN,NaN,0,0
6295062,NaN,NaN,NaN,NaN,NaN,NaN,NaN,NaN,0,0
6295064,NaN,NaN,NaN,NaN,NaN,NaN,NaN,NaN,0,0
6295066,NaN,NaN,NaN,NaN,NaN,NaN,NaN,NaN,0,0
6295068,NaN,NaN,NaN,NaN,NaN,NaN,NaN,NaN,0,0
6295070,NaN,NaN,NaN,NaN,NaN,NaN,NaN,NaN,0,0
6295072,NaN,NaN,NaN,NaN,NaN,NaN,NaN,NaN,0,0
6295074,NaN,NaN,NaN,NaN,NaN,NaN,NaN,NaN,0,0
6295076,NaN,NaN,NaN,NaN,NaN,NaN,NaN,NaN,0,0
6295078,NaN,NaN,NaN,NaN,NaN,NaN,NaN,NaN,0,0
6295080,NaN,NaN,NaN,NaN,NaN,NaN,NaN,NaN,0,0
6295082,NaN,NaN,NaN,NaN,NaN,NaN,NaN,NaN,0,0
6295084,NaN,NaN,NaN,NaN,NaN,NaN,NaN,NaN,0,0
6295086,NaN,NaN,NaN,NaN,NaN,NaN,NaN,NaN,0,0
6295088,NaN,NaN,NaN,NaN,NaN,NaN,NaN,NaN,0,0
6295090,NaN,NaN,NaN,NaN,NaN,NaN,NaN,NaN,0,0
6295092,NaN,NaN,NaN,NaN,NaN,NaN,NaN,NaN,0,0
6295094,NaN,NaN,NaN,NaN,NaN,NaN,NaN,NaN,0,0
6295096,NaN,NaN,NaN,NaN,NaN,NaN,NaN,NaN,0,0
6295098,NaN,NaN,NaN,NaN,NaN,NaN,NaN,NaN,0,0
6295100,NaN,NaN,NaN,NaN,NaN,NaN,NaN,NaN,0,0
6295102,NaN,NaN,NaN,NaN,NaN,NaN,NaN,NaN,0,0
6295104,NaN,NaN,NaN,NaN,NaN,NaN,NaN,NaN,0,0
6295106,NaN,NaN,NaN,NaN,NaN,NaN,NaN,NaN,0,0
6295108,NaN,NaN,NaN,NaN,NaN,NaN,NaN,NaN,0,0
6295110,NaN,NaN,NaN,NaN,NaN,NaN,NaN,NaN,0,0
6295112,NaN,NaN,NaN,NaN,NaN,NaN,NaN,NaN,0,0
6295114,NaN,NaN,NaN,NaN,NaN,NaN,NaN,NaN,0,0
6295116,NaN,NaN,NaN,NaN,NaN,NaN,NaN,NaN,0,0
6295118,NaN,NaN,NaN,NaN,NaN,NaN,NaN,NaN,0,0
6295120,NaN,NaN,NaN,NaN,NaN,NaN,NaN,NaN,0,0
6295122,NaN,NaN,NaN,NaN,NaN,NaN,NaN,NaN,0,0
6295124,NaN,NaN,NaN,NaN,NaN,NaN,NaN,NaN,0,0
6295126,NaN,NaN,NaN,NaN,NaN,NaN,NaN,NaN,0,0
6295128,NaN,NaN,NaN,NaN,NaN,NaN,NaN,NaN,0,0
6295130,NaN,NaN,NaN,NaN,NaN,NaN,NaN,NaN,0,0
6295132,NaN,NaN,NaN,NaN,NaN,NaN,NaN,NaN,0,0
6295134,451.38,567.9,NaN,NaN,896,5981,NaN,NaN,314,0
6295136,451.38,567.9,NaN,NaN,896,5981,NaN,NaN,314,0
6295138,451.86,550.5,445.46,591.825,907,5774,822,6264,381,440
6295140,452.34,533.025,445.46,591.825,918,5567,822,6265,449,440
6295142,451.3,514.8,446.1,572.475,913,5353,836,6033,506,524
6295144,450.18,496.5,446.66,552.9,908,5138,850,5800,564,609
6295146,447.54,479.85,448.18,536.025,885,4944,871,5600,623,693
6295148,445.14,465.525,452.26,518.55,864,4777,922,5396,672,783
6295150,445.62,449.1,453.78,500.25,874,4587,944,5182,727,869
6295152,446.58,433.575,455.14,483,890,4410,965,4983,779,956
6295154,447.7,421.2,458.98,467.175,906,4268,1012,4799,824,1032
6295156,446.18,406.65,460.58,451.2,895,4103,1034,4617,870,1107
6295158,448.98,392.4,461.62,438.675,929,3942,1050,4473,917,1170
6295160,449.62,383.85,464.5,423,940,3846,1085,4294,962,1241
6295162,450.02,369.75,463.94,408.3,948,3687,1084,4126,998,1313
6295164,449.78,363.525,465.54,394.125,948,3618,1106,3967,1027,1381
6295166,452.02,351.675,469.78,384.9,975,3485,1153,3864,1071,1431
6295168,454.66,344.475,469.7,372.225,1006,3406,1157,3721,1112,1489
6295170,455.86,336,470.66,358.5,1021,3312,1171,3567,1148,1550
6295172,457.54,326.175,472.02,348.45,1042,3203,1188,3456,1178,1593
6295174,457.22,319.2,473.22,339.6,1041,3125,1203,3356,1212,1639
6295176,459.38,312.6,473.78,327.45,1066,3054,1213,3222,1227,1686
6295178,458.42,307.275,473.3,320.325,1057,2994,1209,3143,1254,1719
6295180,458.42,303.45,473.78,315.15,1058,2952,1216,3086,1261,1738
6295182,458.26,300.3,473.62,309.525,1057,2917,1216,3023,1270,1767
6295184,457.94,298.875,472.9,302.475,1054,2901,1210,2945,1285,1791
6295186,458.18,299.775,472.74,301.35,1057,2911,1209,2933,1285,1799
6295188,457.86,299.025,472.34,298.725,1053,2902,1206,2904,1283,1812
6295190,457.7,300.15,471.78,298.575,1052,2915,1200,2902,1292,1813
6295192,457.06,299.775,471.78,298.875,1046,2910,1201,2905,1290,1820
6295194,458.98,300.375,471.22,299.775,1065,2917,1195,2915,1289,1821
6295196,457.54,303.225,470.5,300.975,1049,2948,1187,2928,1302,1829
6295198,456.9,302.475,470.5,300.6,1043,2940,1187,2923,1299,1829
6295200,457.14,302.55,470.02,301.125,1046,2940,1182,2929,1299,1832
6295202,457.62,303.6,470.02,301.275,1051,2953,1182,2931,1298,1833
6295204,457.46,304.5,469.94,300.375,1049,2962,1182,2921,1301,1834
6295206,457.62,303.9,470.18,302.7,1051,2956,1183,2947,1303,1838
6295208,456.82,304.725,470.02,302.625,1042,2964,1182,2946,1300,1838
6295210,457.78,305.85,469.62,302.7,1052,2977,1177,2947,1309,1840
6295212,457.7,306.15,469.94,303.225,1051,2981,1181,2953,1307,1840
6295214,457.3,306.375,469.46,303.375,1048,2983,1176,2954,1306,1840
6295216,457.46,306.15,469.06,303.825,1050,2981,1173,2959,1307,1840
6295218,457.54,306.825,469.3,305.1,1050,2988,1175,2973,1311,1843
6295220,457.62,307.65,469.22,305.25,1051,2998,1174,2974,1308,1841
6295222,457.22,306.9,469.38,305.85,1048,2989,1177,2981,1316,1841
6295224,457.78,307.35,469.3,306,1054,2994,1175,2983,1312,1841
6295226,457.86,307.8,468.74,306.975,1056,2999,1170,2993,1312,1842
6295228,457.78,308.475,468.66,306.9,1054,3006,1170,2993,1315,1842
6295230,457.3,308.475,468.26,307.5,1050,3007,1165,3000,1314,1844
6295232,457.46,308.55,468.26,307.95,1052,3008,1166,3005,1310,1845
6295234,458.02,307.8,468.18,308.25,1058,2999,1165,3008,1312,1844
6295236,457.94,308.7,467.62,308.625,1057,3010,1159,3012,1313,1844
6295238,457.86,308.4,467.78,308.7,1056,3007,1161,3013,1309,1845
6295240,457.54,309,467.38,308.85,1053,3012,1157,3014,1312,1843
6295242,456.98,308.925,467.46,308.25,1047,3012,1158,3007,1318,1846
6295244,457.94,310.05,467.54,309.375,1058,3025,1159,3021,1313,1845
6295246,457.94,309.75,467.22,309.9,1058,3021,1156,3026,1314,1843
6295248,457.38,309.975,467.06,310.8,1052,3023,1154,3036,1319,1844
6295250,457.3,310.125,467.06,310.5,1052,3025,1155,3033,1322,1844
6295252,458.02,310.35,467.14,311.175,1059,3028,1156,3040,1316,1846
6295254,458.66,311.4,466.66,311.325,1066,3040,1151,3042,1317,1844
6295256,457.38,312.3,466.66,312.15,1053,3049,1151,3051,1326,1848
6295258,456.98,311.4,466.58,312.225,1050,3040,1151,3052,1323,1851
6295260,457.7,312.45,466.42,312.3,1057,3052,1148,3053,1325,1849
6295262,457.86,311.625,466.58,313.275,1059,3043,1151,3065,1319,1853
6295264,457.22,314.1,466.74,313.95,1051,3070,1152,3072,1336,1857
6295266,457.62,313.05,465.86,313.2,1057,3059,1143,3064,1330,1852
6295268,457.54,313.35,465.46,313.725,1055,3063,1139,3070,1330,1857
6295270,457.46,315.3,465.7,314.325,1054,3084,1142,3076,1326,1856
6295272,458.74,314.4,465.54,314.1,1068,3075,1141,3074,1325,1856
6295274,457.3,316.8,465.38,314.175,1053,3101,1139,3075,1332,1857
6295276,457.94,316.125,465.3,314.175,1059,3094,1138,3075,1327,1861
6295278,457.7,314.7,465.62,314.7,1058,3078,1142,3081,1329,1857
6295280,457.7,314.625,464.42,314.325,1058,3078,1129,3077,1332,1861
6295282,457.62,316.2,465.14,315.075,1056,3095,1136,3086,1325,1855
6295284,458.34,316.95,464.58,314.775,1064,3104,1131,3082,1326,1861
6295286,457.14,316.2,464.18,314.625,1052,3095,1127,3081,1325,1860
6295288,458.34,315.45,464.5,314.925,1065,3088,1131,3084,1323,1858
6295290,457.78,316.65,464.5,315.225,1059,3102,1130,3088,1325,1863
6295292,457.46,318,463.94,315.6,1055,3116,1125,3092,1335,1864
6295294,458.1,317.175,464.42,315.825,1063,3108,1129,3095,1338,1861
6295296,457.22,318.3,464.26,317.025,1053,3119,1127,3108,1331,1863
6295298,457.38,319.875,463.94,316.65,1054,3138,1124,3105,1336,1869
6295300,457.22,319.875,464.26,315.825,1053,3138,1128,3095,1341,1866
6295302,457.14,318.375,464.5,316.725,1052,3121,1130,3105,1335,1866
6295304,457.3,320.925,463.94,316.725,1052,3149,1124,3105,1346,1866
6295306,456.82,320.4,463.62,316.8,1047,3144,1121,3107,1344,1865
6295308,457.78,319.725,463.78,317.1,1058,3137,1122,3110,1343,1865
6295310,456.98,320.4,463.62,316.5,1049,3143,1121,3103,1343,1866
6295312,456.74,320.7,463.78,316.8,1046,3147,1122,3106,1347,1871
6295314,456.66,320.625,463.46,316.725,1046,3146,1118,3106,1345,1869
6295316,456.98,320.25,463.62,317.175,1049,3142,1120,3110,1347,1869
6295318,457.22,320.925,463.7,316.575,1051,3150,1121,3104,1345,1870
6295320,457.46,321.075,463.46,316.575,1054,3151,1118,3104,1350,1869
6295322,456.66,322.2,463.06,316.95,1045,3164,1114,3108,1343,1869
6295324,456.9,321.375,462.98,316.575,1048,3155,1114,3104,1342,1866
6295326,456.82,321.375,462.9,316.725,1047,3155,1113,3106,1341,1866
6295328,457.14,321,462.18,316.95,1050,3151,1105,3108,1340,1865
6295330,458.02,319.05,462.98,317.475,1060,3130,1113,3115,1341,1864
6295332,456.9,320.625,462.98,316.35,1048,3147,1113,3102,1343,1867
6295334,456.42,320.775,462.34,317.1,1042,3148,1106,3110,1340,1868
6295336,456.98,320.85,462.26,316.725,1048,3150,1105,3106,1344,1870
6295338,457.62,321,462.42,316.275,1055,3152,1107,3101,1342,1870
6295340,457.54,320.55,462.34,316.875,1054,3147,1106,3107,1345,1868
6295342,457.14,321.375,462.42,317.25,1050,3155,1106,3112,1346,1870
6295344,456.74,320.85,462.18,316.95,1046,3149,1104,3108,1344,1869
6295346,456.82,321.6,461.94,316.95,1046,3157,1102,3108,1348,1870
6295348,456.26,320.775,461.94,316.95,1040,3148,1102,3108,1345,1870
6295350,457.14,321.3,461.94,316.8,1049,3155,1101,3106,1352,1871
6295352,456.58,321.375,461.86,317.175,1043,3155,1100,3110,1347,1869
6295354,456.98,322.35,461.7,317.55,1047,3166,1098,3114,1349,1871
6295356,456.42,321.225,461.78,316.875,1041,3153,1099,3107,1350,1873
6295358,456.74,321.15,461.86,317.025,1044,3152,1100,3109,1349,1871
6295360,456.74,321.45,461.3,317.7,1045,3156,1093,3116,1345,1871
6295362,456.34,322.5,461.78,317.325,1040,3167,1098,3112,1349,1872
6295364,456.9,321.9,461.38,317.4,1046,3161,1094,3113,1346,1872
6295366,456.66,322.275,461.46,317.4,1042,3165,1094,3113,1348,1872
6295368,456.34,322.425,461.54,317.25,1038,3166,1095,3111,1355,1878
6295370,456.98,322.725,461.14,317.925,1045,3170,1091,3118,1349,1871
6295372,456.66,323.025,461.86,317.55,1042,3173,1098,3115,1349,1876
6295374,456.82,322.425,461.54,317.775,1043,3167,1095,3117,1350,1874
6295376,456.82,322.125,461.3,317.325,1043,3164,1092,3112,1349,1876
6295378,456.42,323.7,461.7,317.1,1039,3181,1096,3110,1352,1875
6295380,457.46,322.875,462.18,317.475,1049,3172,1101,3114,1349,1874
6295382,457.62,323.25,461.86,318.225,1051,3177,1097,3122,1352,1873
6295384,456.18,323.025,461.46,318.15,1035,3174,1093,3121,1347,1876
6295386,456.42,322.65,461.78,318.3,1038,3170,1095,3124,1348,1873
6295388,457.14,323.025,461.3,318.45,1045,3174,1090,3125,1345,1874
6295390,457.22,323.625,462.5,317.7,1045,3181,1103,3118,1347,1875
6295392,456.9,323.1,461.62,318.075,1042,3175,1093,3121,1351,1879
6295394,457.46,323.25,462.02,317.475,1047,3178,1097,3116,1354,1876
6295396,457.22,324.375,462.34,317.85,1045,3190,1101,3120,1354,1883
6295398,457.62,323.85,462.5,317.85,1049,3185,1102,3120,1353,1880
6295400,457.38,323.85,462.1,318.3,1047,3185,1098,3125,1357,1879
6295402,456.98,325.425,461.86,318.6,1041,3203,1095,3129,1354,1882
6295404,457.86,324.75,462.1,318.375,1051,3196,1097,3127,1354,1880
6295406,457.54,323.475,462.1,317.85,1048,3182,1098,3121,1355,1881
6295408,457.38,324.975,462.02,318.375,1046,3199,1097,3127,1349,1883
6295410,457.94,324.675,462.1,318.15,1052,3196,1098,3125,1355,1881
6295412,457.54,324.9,461.86,317.85,1047,3198,1095,3122,1356,1877
6295414,457.38,323.775,462.18,318,1046,3186,1099,3124,1358,1881
6295416,456.74,324.075,462.26,317.7,1039,3189,1099,3120,1352,1882
6295418,456.98,323.85,462.34,318.225,1042,3187,1099,3127,1354,1883
6295420,457.62,324.3,462.26,317.7,1048,3193,1099,3121,1360,1882
6295422,457.22,324.75,462.26,317.775,1043,3198,1099,3122,1356,1883
6295424,457.3,323.1,462.18,318.375,1045,3180,1098,3129,1357,1883
6295426,457.54,325.125,462.18,318.15,1046,3203,1097,3126,1356,1882
6295428,457.06,324,461.86,318.15,1042,3189,1095,3127,1357,1882
6295430,457.94,322.125,462.02,318.225,1051,3170,1096,3128,1355,1884
6295432,456.18,323.25,462.66,318.075,1033,3181,1102,3127,1356,1882
6295434,456.18,323.4,462.18,317.85,1032,3183,1097,3124,1359,1882
6295436,456.9,323.625,461.86,318.45,1040,3186,1094,3131,1361,1884
6295438,456.82,323.625,462.02,318.375,1039,3186,1095,3130,1358,1882
6295440,456.26,324.225,462.42,317.85,1032,3193,1100,3125,1360,1885
6295442,456.66,323.1,462.42,318.225,1037,3180,1099,3128,1355,1882
6295444,456.42,324.075,462.58,317.625,1034,3191,1101,3122,1360,1884
6295446,456.74,324.975,462.18,318.075,1037,3201,1097,3127,1362,1883
6295448,457.46,323.475,462.1,318.075,1045,3184,1096,3127,1352,1885
6295450,457.14,324.075,462.42,318.225,1042,3191,1099,3128,1355,1888
6295452,457.06,322.5,462.34,318.075,1042,3174,1098,3126,1359,1884
6295454,457.46,322.8,462.74,318,1046,3177,1103,3126,1359,1887
6295456,457.62,323.475,462.18,317.925,1047,3185,1097,3125,1358,1885
6295458,456.1,323.325,462.42,318.375,1031,3182,1099,3129,1359,1887
6295460,457.46,323.85,462.9,318.075,1045,3189,1104,3127,1360,1889
6295462,456.82,324,462.74,318.075,1039,3190,1103,3126,1363,1887
6295464,456.42,323.325,462.42,318,1035,3182,1100,3125,1362,1890
6295466,457.38,323.025,462.9,317.7,1044,3179,1105,3122,1363,1888
6295468,457.06,323.85,462.74,318.75,1041,3188,1103,3133,1363,1890
6295470,456.5,322.875,462.98,318.225,1036,3177,1106,3127,1364,1889
6295472,457.3,323.625,462.66,317.925,1044,3185,1102,3124,1365,1890
6295474,456.5,323.85,462.5,317.475,1036,3187,1102,3119,1363,1887
6295476,457.38,323.625,462.98,317.85,1046,3185,1106,3123,1360,1888
6295478,456.98,322.65,462.74,317.775,1042,3174,1104,3122,1358,1890
6295480,456.18,321.75,462.5,317.175,1034,3164,1102,3115,1355,1891
6295482,456.82,322.8,462.82,317.7,1041,3175,1105,3120,1352,1885
6295484,456.26,322.65,462.82,318.225,1035,3173,1105,3127,1361,1891
6295486,457.38,322.875,462.82,318.15,1047,3176,1106,3125,1359,1889
6295488,456.5,322.95,462.74,317.925,1038,3176,1105,3123,1360,1890
6295490,456.5,323.4,463.06,317.85,1038,3181,1109,3122,1356,1890
6295492,457.46,322.875,462.98,318.075,1048,3175,1108,3124,1362,1892
6295494,457.86,323.85,463.46,317.625,1052,3186,1114,3119,1360,1888
6295496,458.1,323.925,463.14,318,1055,3187,1110,3123,1364,1890
6295498,457.7,321.975,462.58,317.7,1051,3165,1104,3119,1361,1891
6295500,457.62,323.325,463.22,318.225,1050,3180,1111,3126,1364,1891
6295502,457.78,322.8,462.9,318,1053,3174,1108,3123,1361,1892
6295504,457.54,323.025,462.98,318,1050,3176,1109,3123,1368,1890
6295506,457.78,323.475,462.82,318.3,1052,3181,1108,3126,1361,1888
6295508,457.22,322.725,463.22,318.375,1047,3173,1112,3127,1365,1891
6295510,457.38,322.875,463.7,318.45,1049,3174,1117,3128,1365,1891
6295512,458.26,322.275,463.22,318.375,1059,3168,1112,3127,1365,1891
6295514,457.38,323.925,463.14,318.45,1049,3185,1112,3127,1363,1892
6295516,457.38,322.425,463.3,318.375,1050,3169,1114,3126,1363,1892
6295518,456.98,323.1,463.06,318.6,1046,3176,1111,3128,1366,1891
6295520,457.46,322.65,463.78,317.325,1051,3171,1119,3115,1365,1889
6295522,457.46,321.9,463.62,317.925,1051,3163,1118,3121,1367,1889
6295524,457.46,323.85,463.38,317.925,1050,3184,1115,3121,1364,1887
6295526,456.98,322.5,464.1,318.525,1046,3170,1123,3128,1364,1889
6295528,457.54,322.425,463.62,318.225,1052,3169,1117,3125,1361,1892
6295530,457.06,323.175,462.74,318.375,1047,3177,1108,3126,1356,1888
6295532,457.06,321.825,463.3,318.3,1047,3162,1114,3125,1361,1889
6295534,457.78,322.125,463.46,317.925,1054,3165,1116,3121,1360,1889
6295536,457.14,322.8,463.06,317.1,1047,3172,1112,3112,1363,1886
6295538,457.38,322.425,463.54,317.325,1051,3168,1117,3114,1356,1884
6295540,457.62,321.6,463.06,318.15,1053,3159,1112,3123,1358,1888
6295542,457.22,322.8,463.3,317.25,1049,3172,1115,3113,1365,1887
6295544,456.9,322.65,463.62,317.475,1046,3170,1118,3116,1356,1888
6295546,456.98,321.375,463.62,317.55,1047,3156,1118,3116,1361,1890
6295548,457.06,320.775,462.74,317.55,1048,3149,1109,3116,1358,1885
6295550,456.74,322.2,463.54,317.25,1044,3165,1117,3113,1355,1886
6295552,457.22,322.2,463.22,317.775,1049,3165,1114,3119,1368,1888
6295554,455.22,323.625,463.14,317.925,1027,3180,1113,3120,1365,1887
6295556,456.18,320.775,463.3,317.775,1039,3149,1115,3118,1365,1886
6295558,456.1,321.375,463.06,317.325,1037,3155,1112,3112,1369,1885
6295560,456.9,321.9,462.66,317.775,1046,3161,1108,3118,1366,1887
6295562,456.1,321.225,462.74,317.4,1038,3153,1108,3114,1368,1884
6295564,456.58,321.975,462.74,317.4,1042,3162,1109,3114,1368,1883
6295566,456.26,321.525,462.58,317.625,1039,3157,1107,3116,1369,1882
6295568,456.66,322.125,462.5,317.325,1043,3163,1106,3112,1370,1884
6295570,454.98,322.05,462.42,317.775,1026,3162,1106,3118,1370,1884
6295572,456.66,321.45,462.98,317.325,1044,3156,1112,3112,1358,1884
6295574,456.1,323.025,462.34,317.55,1038,3173,1105,3114,1362,1886
6295576,456.02,322.125,462.9,317.625,1037,3163,1111,3116,1367,1882
6295578,456.42,322.125,462.42,317.775,1041,3164,1106,3117,1356,1883
6295580,456.58,322.05,462.02,317.475,1043,3162,1102,3114,1361,1881
6295582,456.26,322.5,462.42,318.225,1039,3168,1105,3123,1358,1882
6295584,456.1,322.65,462.42,317.625,1038,3169,1106,3116,1361,1881
6295586,455.94,322.875,462.74,317.775,1035,3172,1109,3118,1362,1880
6295588,455.94,321.525,462.9,317.4,1036,3157,1110,3114,1358,1882
6295590,455.78,322.5,462.66,317.925,1033,3169,1107,3120,1363,1880
6295592,455.46,321.675,462.34,318,1030,3159,1103,3121,1366,1885
6295594,455.14,322.65,462.58,317.925,1026,3170,1106,3121,1368,1881
6295596,455.7,323.325,462.98,317.475,1032,3178,1110,3116,1369,1879
6295598,455.86,322.95,462.74,317.7,1033,3174,1107,3118,1367,1881
6295600,456.1,322.725,462.42,317.625,1035,3172,1104,3117,1368,1878
6295602,455.7,322.5,462.98,317.85,1031,3169,1109,3120,1365,1877
6295604,455.14,322.65,462.66,317.7,1025,3170,1106,3118,1370,1879
6295606,455.22,324.15,462.34,317.775,1025,3187,1102,3119,1365,1877
6295608,454.58,322.275,462.9,317.625,1019,3166,1108,3118,1363,1878
6295610,455.78,322.875,462.34,317.925,1031,3174,1102,3121,1368,1878
6295612,455.78,322.95,462.66,317.625,1031,3174,1105,3118,1364,1876
6295614,455.46,323.25,462.58,317.55,1027,3178,1104,3117,1365,1878
6295616,456.5,322.8,463.46,317.775,1038,3173,1113,3121,1365,1877
6295618,457.22,321.6,463.54,317.4,1045,3161,1113,3116,1362,1877
6295620,458.02,321.75,464.02,317.175,1054,3162,1118,3115,1364,1876
6295622,458.82,321.15,464.98,316.5,1062,3157,1128,3108,1362,1875
6295624,458.5,320.625,465.22,315.6,1058,3150,1130,3098,1362,1874
6295626,458.34,320.325,464.58,314.55,1056,3148,1124,3086,1365,1874
6295628,458.66,317.775,464.82,314.475,1061,3120,1126,3085,1355,1871
6295630,458.98,318.3,464.66,313.95,1063,3126,1124,3079,1350,1875
6295632,457.38,317.775,463.46,313.5,1047,3119,1112,3075,1357,1871
6295634,458.9,317.025,463.38,313.425,1063,3112,1111,3074,1355,1869
6295636,457.14,316.05,462.9,313.575,1045,3101,1106,3075,1358,1865
6295638,457.22,316.2,462.98,312.75,1045,3102,1107,3066,1349,1867
6295640,457.38,317.1,462.9,313.05,1047,3112,1106,3069,1359,1869
6295642,457.54,317.4,462.9,313.5,1048,3116,1106,3075,1360,1865
6295644,458.02,315.525,463.14,312.975,1054,3095,1108,3068,1355,1866
6295646,457.78,317.925,462.66,314.1,1050,3121,1103,3081,1354,1866
6295648,458.34,317.175,462.66,314.4,1056,3114,1102,3085,1353,1865
6295650,458.1,317.325,463.3,314.325,1053,3115,1109,3084,1354,1864
6295652,458.18,317.025,462.74,314.625,1054,3112,1103,3087,1360,1866
6295654,457.86,317.775,462.34,314.1,1050,3120,1099,3081,1368,1863
6295656,458.74,317.775,463.3,314.4,1059,3121,1109,3085,1361,1862
6295658,457.78,318.825,462.82,314.7,1049,3132,1103,3088,1358,1864
6295660,457.94,319.125,462.26,315,1051,3135,1098,3091,1364,1863
6295662,457.78,316.95,463.38,314.7,1050,3111,1110,3088,1363,1861
6295664,458.42,318.375,463.38,314.625,1056,3127,1109,3088,1361,1860
6295666,457.78,317.55,463.22,314.85,1050,3117,1108,3089,1361,1862
6295668,457.86,317.775,462.98,314.625,1050,3120,1105,3087,1357,1860
6295670,458.02,318.225,463.14,314.7,1052,3125,1107,3088,1353,1860
6295672,458.02,317.775,463.46,314.55,1052,3119,1111,3086,1357,1860
6295674,458.58,319.35,462.58,314.925,1057,3138,1101,3090,1353,1858
6295676,457.7,318,462.66,314.775,1049,3122,1102,3088,1357,1859
6295678,456.98,317.7,463.38,314.55,1041,3118,1110,3085,1355,1860
6295680,458.26,317.7,462.98,314.925,1054,3118,1105,3089,1351,1857
6295682,458.5,319.125,463.22,315.075,1057,3134,1108,3091,1349,1857
6295684,459.14,318,463.06,315.075,1064,3122,1106,3092,1355,1859
6295686,458.34,320.025,462.82,315.075,1055,3144,1103,3091,1350,1856
6295688,458.9,318.675,463.06,315.225,1061,3129,1106,3092,1353,1855
6295690,458.82,319.125,463.3,314.85,1061,3134,1109,3089,1353,1857
6295692,458.66,317.55,462.82,314.85,1059,3117,1104,3088,1352,1857
6295694,458.1,318.9,462.82,315.45,1053,3131,1104,3095,1356,1854
6295696,458.18,318.525,462.9,314.925,1054,3128,1105,3089,1364,1857
6295698,458.82,318,462.98,315.15,1062,3122,1106,3092,1354,1857
6295700,457.86,319.35,462.98,315.45,1051,3136,1106,3095,1356,1854
6295702,458.9,318.825,462.9,315.75,1062,3131,1105,3099,1356,1856
6295704,458.5,318.3,462.82,315.375,1058,3125,1104,3094,1357,1855
6295706,459.7,319.875,462.82,315.6,1070,3143,1104,3097,1359,1853
6295708,458.34,318.525,462.42,315.45,1056,3127,1100,3095,1358,1853
6295710,459.14,319.95,463.06,315.75,1064,3143,1106,3098,1360,1852
6295712,457.94,319.275,463.06,315.825,1051,3135,1107,3099,1357,1853
6295714,458.42,321.075,462.74,316.125,1056,3155,1103,3102,1354,1853
6295716,458.98,320.775,462.82,316.05,1062,3153,1104,3102,1356,1850
6295718,459.46,320.775,463.14,315.675,1068,3153,1108,3098,1356,1852
6295720,458.26,319.2,462.82,315.525,1055,3135,1105,3096,1358,1849
6295722,458.1,319.8,462.9,316.275,1054,3142,1105,3104,1357,1849
6295724,458.82,319.95,463.06,315.675,1061,3144,1107,3098,1356,1848
6295726,460.02,319.425,463.14,315.9,1074,3139,1108,3101,1353,1852
6295728,458.82,320.025,462.66,315.75,1061,3144,1103,3099,1348,1848
6295730,459.38,319.275,462.98,316.425,1067,3137,1106,3106,1356,1850
6295732,458.66,320.55,463.22,316.05,1059,3150,1109,3102,1348,1847
6295734,458.26,319.425,462.34,315.225,1055,3138,1100,3094,1352,1846
6295736,458.58,318.225,462.5,314.925,1059,3125,1101,3090,1349,1849
6295738,458.82,319.35,463.22,315.75,1062,3137,1109,3099,1353,1846
6295740,459.06,319.05,462.66,315.675,1064,3134,1103,3099,1349,1848
6295742,459.3,319.8,462.98,315.375,1066,3142,1106,3096,1350,1845
6295744,458.82,319.425,462.9,315.45,1062,3138,1106,3096,1350,1847
6295746,458.66,319.875,462.66,315.975,1060,3143,1103,3101,1346,1847
6295748,458.18,319.575,462.5,315.825,1055,3140,1102,3100,1350,1849
6295750,458.9,319.35,462.9,315.9,1062,3138,1105,3101,1349,1843
6295752,458.66,318.75,462.26,315.525,1060,3131,1099,3096,1352,1847
6295754,458.66,320.025,462.9,315.375,1060,3145,1106,3095,1353,1844
6295756,458.82,319.575,462.74,316.05,1061,3140,1104,3102,1356,1846
6295758,458.58,319.35,462.82,315.825,1059,3138,1105,3100,1351,1845
6295760,458.98,319.95,462.74,316.275,1064,3144,1104,3105,1357,1845
6295762,459.38,320.4,462.66,315.6,1067,3149,1104,3097,1353,1846
6295764,458.58,320.025,462.98,316.275,1059,3145,1107,3105,1354,1844
6295766,459.06,320.775,462.58,315.975,1064,3153,1103,3101,1354,1844
6295768,459.22,319.875,462.58,315.9,1066,3143,1102,3100,1348,1843
6295770,458.82,319.95,462.9,315.975,1061,3143,1105,3101,1352,1843
6295772,460.1,319.125,462.58,315.9,1075,3135,1103,3100,1346,1845
6295774,459.3,318.825,462.42,315.975,1067,3130,1101,3100,1347,1845
6295776,458.82,321.3,462.66,316.5,1061,3158,1103,3106,1355,1843
6295778,458.9,319.65,462.58,316.725,1063,3139,1102,3108,1350,1842
6295780,459.06,321.6,462.34,315.9,1063,3161,1100,3099,1350,1844
6295782,458.74,319.65,462.98,316.275,1060,3139,1106,3103,1346,1841
6295784,459.38,320.025,462.18,316.5,1067,3144,1098,3105,1349,1840
6295786,459.86,319.65,462.18,316.125,1072,3139,1098,3101,1349,1840
6295788,459.14,319.95,462.74,316.35,1064,3142,1103,3104,1347,1840
6295790,459.46,320.325,462.02,315.975,1068,3146,1096,3100,1346,1841
6295792,458.98,320.85,462.5,315.825,1062,3152,1101,3098,1356,1842
6295794,458.42,319.875,462.58,315.975,1057,3141,1102,3100,1352,1839
6295796,459.46,320.325,462.42,316.5,1068,3146,1100,3105,1354,1844
6295798,459.86,320.475,462.26,316.275,1071,3148,1098,3102,1356,1841
6295800,459.3,320.025,462.42,316.575,1065,3143,1099,3106,1352,1838
6295802,459.86,321.15,462.58,316.35,1071,3155,1102,3103,1355,1843
6295804,460.18,320.325,462.26,315.675,1074,3146,1098,3095,1352,1842
6295806,460.26,319.125,462.58,316.35,1075,3133,1101,3103,1350,1838
6295808,459.22,319.575,462.58,315.525,1064,3137,1101,3094,1350,1841
6295810,459.62,320.7,462.98,315.675,1068,3150,1105,3095,1354,1840
6295812,459.54,319.35,462.66,315.975,1068,3135,1102,3098,1352,1841
6295814,459.62,320.775,462.66,315.225,1068,3151,1102,3091,1354,1839
6295816,459.38,319.425,461.86,315.075,1066,3135,1093,3089,1353,1838
6295818,460.1,319.65,462.5,316.05,1073,3138,1100,3100,1349,1842
6295820,459.7,319.575,461.94,315.675,1069,3137,1094,3095,1352,1838
6295822,460.02,319.65,462.98,315.375,1073,3138,1105,3092,1351,1840
6295824,460.42,318.525,462.42,315.75,1077,3125,1099,3096,1347,1838
6295826,459.46,319.65,462.5,315.75,1067,3138,1100,3095,1348,1839
6295828,459.94,319.95,462.66,315.825,1071,3141,1102,3097,1346,1841
6295830,459.86,319.125,462.66,316.05,1071,3132,1102,3098,1342,1841
6295832,460.1,320.4,462.58,315.75,1074,3146,1102,3095,1349,1839
6295834,459.38,318.975,462.5,316.275,1067,3130,1100,3100,1344,1837
6295836,459.78,317.85,462.26,316.275,1071,3117,1098,3100,1347,1842
6295838,459.78,318.825,462.82,315.825,1071,3127,1104,3095,1349,1837
6295840,460.1,320.175,462.82,316.125,1074,3143,1104,3099,1350,1840
6295842,459.62,319.425,462.66,315.975,1069,3134,1102,3097,1346,1840
6295844,460.1,319.125,462.42,316.275,1074,3131,1100,3100,1345,1840
6295846,460.02,319.35,462.58,316.35,1073,3133,1101,3101,1350,1837
6295848,459.86,319.575,462.1,315.825,1072,3135,1097,3095,1350,1840
6295850,459.3,321.075,462.66,315.3,1066,3151,1103,3089,1352,1841
6295852,460.26,319.35,462.5,316.05,1076,3133,1101,3097,1351,1842
6295854,460.34,320.4,462.34,316.425,1077,3144,1100,3101,1351,1840
6295856,459.62,319.425,462.42,316.425,1070,3133,1100,3101,1354,1838
6295858,460.26,320.1,462.26,316.575,1077,3140,1099,3102,1352,1839
6295860,459.7,319.35,461.86,315.975,1071,3132,1095,3096,1352,1842
6295862,460.5,320.775,462.26,316.2,1079,3148,1099,3098,1350,1843
6295864,460.5,319.725,462.5,316.05,1079,3136,1102,3097,1343,1844
6295866,459.86,319.725,462.34,316.5,1073,3136,1099,3102,1343,1838
6295868,459.62,320.55,462.42,316.2,1069,3145,1101,3098,1348,1840
6295870,459.86,321.075,462.26,316.725,1072,3150,1099,3103,1345,1841
6295872,460.34,320.55,462.34,316.125,1077,3145,1100,3097,1348,1841
6295874,460.26,320.7,461.86,315.75,1077,3146,1096,3093,1347,1837
6295876,459.86,321.15,462.18,316.35,1072,3152,1099,3099,1346,1837
6295878,460.1,320.775,462.42,315.975,1075,3147,1101,3095,1342,1839
6295880,459.94,320.625,462.02,316.05,1074,3146,1097,3097,1347,1841
6295882,460.1,320.475,462.74,316.35,1075,3144,1104,3100,1346,1840
6295884,459.78,321.525,462.34,315.3,1071,3156,1100,3089,1349,1836
6295886,459.14,321.075,462.34,315.75,1065,3151,1100,3093,1348,1838
6295888,459.62,320.4,462.5,316.05,1070,3144,1102,3096,1346,1844
6295890,459.62,320.25,462.5,315.75,1070,3142,1101,3094,1342,1839
6295892,459.94,320.1,462.42,315.525,1073,3140,1101,3091,1355,1841
6295894,460.9,319.875,462.74,315.975,1083,3139,1103,3096,1353,1843
6295896,459.94,319.725,462.66,314.85,1073,3136,1103,3084,1349,1841
6295898,460.58,320.025,462.1,315.075,1079,3140,1097,3087,1351,1841
6295900,460.02,318.9,462.82,315.3,1074,3128,1105,3089,1349,1843
6295902,460.1,319.875,462.82,314.25,1074,3139,1105,3077,1352,1841
6295904,461.06,319.5,462.66,314.025,1084,3135,1103,3075,1354,1841
6295906,460.26,319.35,462.5,314.85,1076,3133,1101,3084,1346,1843
6295908,460.34,319.2,462.58,314.4,1077,3131,1102,3079,1352,1843
6295910,460.18,318.975,462.66,314.475,1075,3129,1103,3080,1350,1842
6295912,460.1,319.125,462.5,313.8,1075,3131,1102,3073,1348,1838
6295914,460.66,318.075,462.18,314.25,1081,3120,1098,3078,1349,1844
6295916,460.5,317.175,462.26,313.875,1079,3109,1098,3074,1342,1842
6295918,460.18,318.225,462.58,313.95,1075,3121,1102,3075,1342,1838
6295920,460.42,317.475,462.18,313.575,1078,3113,1098,3071,1344,1843
6295922,460.9,318,463.22,314.85,1083,3118,1108,3085,1343,1842
6295924,459.62,319.575,462.82,315,1069,3136,1104,3087,1344,1841
6295926,460.42,318.45,462.58,315.15,1077,3124,1101,3088,1343,1844
6295928,460.74,318.6,462.66,315.075,1080,3125,1102,3087,1343,1842
6295930,460.18,319.35,463.14,315.9,1074,3134,1106,3097,1347,1842
6295932,459.86,320.25,462.82,315.225,1070,3144,1103,3089,1341,1843
6295934,459.62,320.775,463.22,315.825,1067,3149,1107,3096,1347,1843
6295936,459.62,320.475,462.74,316.2,1067,3146,1101,3100,1345,1845
6295938,459.54,320.775,462.5,316.275,1066,3150,1099,3101,1348,1843
6295940,459.38,319.575,463.06,316.8,1065,3136,1105,3107,1340,1842
6295942,459.22,320.925,462.82,317.175,1063,3151,1102,3111,1338,1842
6295944,459.3,319.8,462.82,316.425,1064,3139,1102,3103,1345,1846
6295946,459.06,320.55,462.98,316.5,1061,3147,1104,3104,1350,1845
6295948,458.58,321.15,462.82,317.1,1056,3153,1102,3110,1347,1844
6295950,458.34,322.95,462.74,316.2,1052,3174,1101,3101,1349,1845
6295952,458.5,321.375,462.82,317.1,1055,3157,1102,3111,1351,1844
6295954,459.3,321.45,463.06,317.025,1063,3158,1104,3110,1352,1843
6295956,459.14,321.975,462.82,317.025,1062,3163,1102,3110,1343,1843
6295958,458.42,321.3,462.58,316.875,1054,3156,1099,3109,1344,1843
6295960,458.66,321.15,462.74,316.8,1057,3154,1101,3108,1348,1843
6295962,458.34,321.45,462.66,316.875,1052,3157,1100,3109,1343,1842
6295964,459.06,321.3,462.9,316.05,1060,3156,1103,3100,1346,1843
6295966,458.1,321.675,462.42,316.275,1050,3160,1097,3102,1340,1846
6295968,457.38,321.45,462.66,315.975,1043,3158,1100,3099,1346,1842
6295970,458.5,322.05,462.5,315.9,1054,3164,1098,3098,1340,1841
6295972,458.42,322.5,462.66,316.05,1052,3169,1099,3100,1344,1845
6295974,458.02,321.375,462.5,316.425,1048,3156,1097,3103,1345,1843
6295976,458.66,320.325,462.42,316.2,1055,3145,1097,3101,1344,1842
6295978,458.82,321.75,462.58,315.825,1056,3161,1098,3097,1343,1844
6295980,457.86,320.55,462.1,315.9,1046,3147,1093,3097,1342,1845
6295982,458.42,320.925,462.42,315.675,1052,3151,1095,3095,1339,1841
6295984,457.78,320.925,462.58,315.375,1046,3151,1098,3091,1341,1845
6295986,457.54,321.975,462.58,315.9,1042,3162,1097,3097,1340,1844
6295988,458.18,320.925,462.5,315.15,1049,3151,1096,3089,1345,1843
6295990,458.02,321.15,462.1,315.75,1046,3153,1091,3095,1346,1843
6295992,457.38,321.75,462.26,315.975,1040,3159,1093,3098,1344,1840
6295994,457.06,321.3,462.58,315.3,1036,3154,1096,3090,1336,1842
6295996,456.82,321.225,462.5,315.45,1034,3153,1095,3091,1348,1846
6295998,457.22,322.2,462.34,316.05,1037,3164,1093,3097,1348,1845
6296000,457.54,321.6,462.66,316.275,1040,3157,1096,3099,1347,1845
6296002,457.78,322.05,462.02,316.5,1042,3161,1089,3102,1346,1842
6296004,457.7,322.35,462.42,316.65,1041,3165,1093,3103,1344,1846
6296006,457.06,322.05,462.74,316.8,1034,3161,1096,3104,1348,1844
6296008,457.7,322.725,462.58,317.325,1041,3168,1094,3110,1347,1846
6296010,457.06,322.125,462.66,317.4,1034,3161,1094,3110,1342,1846
6296012,457.14,322.575,462.34,317.175,1034,3166,1091,3108,1343,1843
6296014,457.38,321.75,462.66,317.325,1036,3156,1093,3110,1346,1844
6296016,458.1,322.275,463.06,316.65,1043,3162,1098,3102,1336,1846
6296018,458.1,323.025,462.9,317.1,1043,3170,1096,3107,1339,1847
6296020,457.38,321.825,463.06,317.25,1036,3157,1097,3109,1340,1845
6296022,458.26,323.775,463.3,317.475,1044,3179,1099,3111,1340,1844
6296024,457.62,321.525,463.06,317.175,1038,3154,1097,3107,1340,1845
6296026,458.18,322.5,463.7,318,1044,3164,1103,3116,1338,1844
6296028,459.3,321.525,463.7,317.175,1056,3154,1104,3107,1340,1847
6296030,458.26,323.475,463.62,317.475,1044,3174,1102,3110,1340,1847
6296032,458.42,323.7,463.7,317.475,1046,3177,1104,3110,1342,1849
6296034,457.86,323.325,463.7,317.25,1041,3173,1104,3108,1336,1845
6296036,458.66,322.05,463.46,317.625,1049,3158,1101,3111,1345,1846
6296038,458.58,323.4,463.78,317.85,1049,3173,1105,3114,1344,1846
6296040,459.06,321.9,463.54,318,1054,3157,1103,3115,1341,1846
6296042,459.22,322.2,463.46,317.7,1056,3160,1103,3111,1339,1845
6296044,458.5,322.05,463.94,317.7,1049,3157,1107,3111,1341,1849
6296046,459.14,324.075,463.7,317.325,1055,3180,1106,3107,1346,1848
6296048,458.42,322.95,463.86,317.475,1048,3167,1107,3108,1340,1849
6296050,459.06,323.025,463.78,317.775,1056,3168,1107,3112,1340,1849
6296052,459.22,322.725,464.34,316.875,1058,3165,1113,3102,1347,1849
6296054,459.06,322.875,464.18,317.1,1056,3165,1112,3104,1344,1849
6296056,459.94,322.95,464.02,316.875,1065,3167,1110,3102,1339,1849
6296058,459.86,323.475,464.26,317.175,1066,3172,1114,3104,1336,1852
6296060,459.14,322.575,464.66,316.875,1059,3162,1118,3101,1339,1851
6296062,459.62,322.875,464.26,316.725,1064,3165,1116,3099,1338,1851
6296064,459.3,322.05,464.9,317.175,1062,3156,1122,3104,1332,1854
6296066,459.46,322.95,464.42,317.25,1064,3166,1119,3105,1337,1853
6296068,460.42,323.325,464.66,316.875,1074,3170,1121,3100,1340,1854
6296070,459.86,322.875,464.5,317.1,1070,3165,1120,3102,1333,1850
6296072,458.58,323.475,464.18,317.025,1056,3171,1117,3102,1338,1851
6296074,459.86,323.175,464.5,316.95,1070,3168,1121,3101,1336,1852
6296076,459.14,322.65,464.9,317.25,1063,3162,1126,3104,1343,1852
6296078,458.82,322.875,464.26,317.55,1060,3164,1119,3107,1338,1852
6296080,459.94,324.525,464.98,317.475,1071,3183,1127,3107,1335,1854
6296082,459.78,323.25,465.14,318,1071,3169,1129,3113,1334,1852
6296084,460.34,324.975,464.74,318.075,1076,3188,1125,3113,1334,1852
6296086,459.86,323.175,464.74,318.225,1073,3168,1125,3115,1336,1851
6296088,459.94,322.95,464.98,318.825,1073,3166,1128,3122,1339,1855
6296090,459.06,323.55,464.9,319.35,1065,3172,1128,3127,1339,1851
6296092,459.7,324.45,464.9,319.2,1071,3182,1128,3126,1343,1855
6296094,459.54,324.675,465.22,319.05,1069,3185,1131,3125,1336,1854
6296096,458.5,323.7,465.22,318.675,1059,3173,1131,3121,1342,1857
6296098,459.54,324.225,464.98,318.825,1070,3180,1130,3123,1344,1855
6296100,458.58,324.15,465.06,318.375,1060,3179,1130,3117,1337,1859
6296102,459.86,321.75,465.62,318.15,1076,3153,1137,3116,1342,1857
6296104,459.54,323.325,465.7,318.375,1071,3171,1138,3118,1343,1854
6296106,459.38,323.475,464.98,319.275,1070,3172,1131,3128,1345,1853
6296108,459.38,324.075,465.22,318.075,1070,3179,1133,3115,1339,1858
6296110,458.26,324.45,464.74,318.15,1058,3183,1129,3116,1339,1859
6296112,459.3,323.325,465.06,318,1070,3171,1132,3115,1336,1855
6296114,459.62,323.775,464.74,317.925,1072,3176,1129,3114,1329,1855
6296116,459.46,322.125,464.66,317.4,1072,3159,1128,3108,1333,1857
6296118,459.3,322.875,464.34,318.15,1070,3167,1124,3117,1332,1856
6296120,458.66,322.875,465.14,317.55,1063,3167,1132,3111,1339,1857
6296122,458.58,323.25,464.82,318.075,1062,3171,1129,3116,1335,1856
6296124,459.3,325.2,464.58,318.375,1069,3193,1127,3120,1335,1855
6296126,458.58,323.775,464.26,318.15,1061,3177,1123,3117,1333,1856
6296128,458.9,323.55,464.5,318.525,1065,3175,1126,3121,1336,1858
6296130,459.06,324.675,464.42,317.625,1067,3188,1126,3112,1336,1856
6296132,458.74,324.45,464.18,317.775,1064,3185,1123,3113,1330,1858
6296134,458.26,325.35,464.34,318.225,1058,3195,1125,3118,1336,1859
6296136,459.62,325.275,464.1,318,1072,3194,1122,3116,1337,1861
6296138,458.58,324,464.1,318.3,1062,3180,1123,3119,1338,1861
6296140,457.38,324.225,464.26,318.6,1050,3182,1124,3122,1341,1861
6296142,457.14,325.35,464.1,318.075,1046,3195,1122,3117,1340,1859
6296144,458.26,324.525,464.1,318.825,1059,3186,1122,3125,1335,1859
6296146,457.46,324.45,464.18,318.6,1050,3185,1123,3123,1342,1859
6296148,457.78,325.125,464.18,318.525,1053,3192,1123,3122,1340,1860
6296150,457.54,324.6,464.26,318.675,1051,3187,1124,3124,1333,1861
6296152,457.78,326.1,464.5,318.75,1053,3204,1126,3124,1333,1861
6296154,458.02,325.8,463.78,318.75,1055,3200,1118,3124,1332,1863
6296156,457.62,325.275,464.18,318.825,1051,3194,1122,3126,1337,1861
6296158,457.38,326.1,464.02,318.825,1048,3203,1121,3126,1336,1858
6296160,457.86,325.65,463.62,318.45,1053,3198,1117,3121,1335,1861
6296162,457.22,324.3,463.54,318.45,1047,3183,1116,3121,1336,1858
6296164,457.06,326.175,463.62,318.375,1044,3204,1116,3120,1338,1859
6296166,457.3,324.9,463.7,318.45,1048,3190,1117,3121,1331,1861
6296168,457.78,325.425,463.78,318.15,1052,3196,1118,3118,1334,1859
6296170,457.06,326.025,463.94,318,1044,3203,1119,3116,1337,1863
6296172,457.22,325.8,463.46,318.6,1046,3200,1114,3123,1335,1861
6296174,456.9,324.45,463.62,317.475,1042,3185,1116,3110,1336,1860
6296176,456.42,325.275,463.94,318.525,1037,3194,1118,3122,1333,1862
6296178,457.22,325.65,463.62,318.45,1045,3199,1114,3121,1335,1862
6296180,457.3,325.2,463.3,317.85,1046,3193,1111,3114,1337,1861
6296182,457.7,324.15,463.3,317.1,1050,3182,1111,3106,1335,1858
6296184,457.38,324.075,463.3,317.25,1046,3181,1111,3107,1337,1863
6296186,457.62,324.6,463.3,317.625,1049,3186,1111,3112,1337,1860
6296188,458.18,323.85,463.22,317.475,1055,3179,1109,3110,1338,1863
6296190,457.62,322.65,463.06,317.175,1049,3165,1108,3107,1335,1862
6296192,457.78,323.4,463.62,317.325,1050,3174,1114,3109,1339,1859
6296194,458.1,324.9,463.38,317.175,1053,3190,1111,3107,1334,1861
6296196,457.54,324,463.3,317.025,1047,3180,1110,3104,1341,1864
6296198,458.02,324.6,463.22,316.95,1052,3186,1109,3103,1338,1859
6296200,458.74,324.45,463.22,317.25,1059,3185,1108,3107,1343,1865
6296202,457.62,323.175,463.78,317.25,1047,3170,1115,3107,1338,1861
6296204,458.1,323.4,463.54,317.325,1052,3173,1112,3108,1340,1865
6296206,457.94,323.7,463.22,316.875,1051,3176,1109,3103,1342,1866
6296208,457.46,322.575,463.86,317.4,1046,3164,1115,3108,1341,1864
6296210,459.14,324.075,463.46,318,1063,3180,1111,3115,1337,1864
6296212,458.82,323.175,463.38,317.4,1060,3171,1110,3108,1339,1865
6296214,458.42,323.4,463.3,317.85,1055,3173,1108,3113,1338,1861
6296216,458.58,324.225,463.38,316.95,1057,3181,1110,3103,1334,1865
6296218,458.34,323.775,463.7,317.475,1055,3177,1113,3109,1335,1866
6296220,459.14,323.325,463.62,317.475,1064,3172,1112,3109,1339,1865
6296222,458.34,323.625,463.86,318.075,1055,3175,1115,3115,1334,1870
6296224,458.82,323.4,464.02,318.225,1060,3173,1116,3118,1333,1868
6296226,458.18,323.85,464.1,318.075,1053,3177,1118,3116,1340,1865
6296228,459.78,323.625,463.7,317.025,1071,3175,1114,3104,1336,1869
6296230,458.58,323.55,463.54,317.625,1058,3174,1113,3111,1337,1867
6296232,459.3,322.05,463.62,316.875,1066,3158,1113,3102,1339,1866
6296234,457.86,321.6,463.14,316.125,1052,3152,1109,3094,1332,1868
6296236,458.26,322.5,462.58,316.2,1055,3163,1103,3094,1339,1867
6296238,457.94,322.2,462.5,315.225,1053,3159,1103,3084,1338,1864
6296240,458.18,320.55,462.26,315.525,1056,3141,1100,3087,1331,1867
6296242,457.78,320.625,461.7,315.45,1052,3142,1095,3087,1334,1863
6296244,458.02,322.35,461.7,315.675,1054,3161,1095,3089,1336,1866
6296246,458.34,320.775,461.78,315.375,1058,3144,1096,3086,1335,1863
6296248,457.7,321.075,462.02,315.375,1052,3147,1099,3085,1338,1866
6296250,458.66,319.95,462.42,315.225,1062,3135,1103,3084,1335,1864
6296252,459.46,321.75,461.86,315.15,1070,3155,1098,3084,1339,1863
6296254,458.5,321.975,462.18,315.45,1061,3157,1102,3087,1337,1868
6296256,458.42,320.85,462.58,315.6,1060,3145,1106,3089,1334,1869
6296258,458.98,321.6,462.1,315.75,1066,3154,1101,3091,1339,1867
6296260,458.58,322.125,462.34,315.45,1062,3160,1104,3087,1336,1867
6296262,458.9,322.35,462.18,315.75,1066,3162,1102,3090,1332,1866
6296264,458.9,322.125,462.42,316.35,1066,3160,1104,3097,1342,1868
6296266,458.58,321.375,462.18,316.2,1064,3151,1103,3096,1341,1869
6296268,457.94,322.2,462.66,315.45,1056,3160,1108,3088,1337,1869
6296270,458.02,323.025,462.26,316.35,1057,3170,1104,3097,1342,1868
6296272,458.42,322.95,462.58,315.3,1061,3169,1108,3086,1334,1869
6296274,458.18,322.05,462.5,315.675,1060,3160,1107,3090,1339,1868
6296276,457.7,321.525,462.5,315.525,1055,3154,1107,3089,1339,1869
6296278,457.78,321.45,462.34,315.75,1056,3153,1106,3091,1338,1869
6296280,457.78,322.35,462.58,316.05,1055,3162,1108,3095,1338,1871
6296282,457.3,322.725,462.34,315.9,1051,3166,1106,3094,1334,1871
6296284,457.7,321.9,462.5,315.6,1055,3158,1107,3090,1347,1870
6296286,457.06,320.475,462.42,315.675,1049,3142,1107,3091,1336,1871
6296288,457.78,321.3,462.42,315.9,1056,3151,1107,3094,1340,1870
6296290,457.94,321.225,462.1,315.6,1058,3151,1104,3090,1339,1869
6296292,457.62,320.625,462.42,315.6,1055,3144,1108,3090,1338,1871
6296294,458.26,320.925,462.18,316.05,1061,3148,1105,3096,1341,1871
6296296,457.78,321.6,462.58,315.525,1056,3155,1109,3090,1342,1874
6296298,457.7,321.825,462.5,315.825,1056,3157,1108,3093,1341,1872
6296300,458.42,321.6,462.42,315.675,1063,3155,1108,3091,1341,1872
6296302,456.9,321.225,462.34,315.9,1047,3151,1106,3093,1350,1870
6296304,457.62,320.775,461.86,315.6,1056,3146,1101,3090,1336,1871
6296306,457.54,320.7,462.42,315.6,1055,3145,1107,3091,1339,1871
6296308,457.7,320.325,462.02,316.05,1056,3140,1103,3095,1337,1873
6296310,457.86,321.225,462.18,315.675,1058,3151,1105,3091,1336,1870
6296312,457.06,320.25,461.62,315.15,1049,3140,1099,3085,1337,1872
6296314,457.62,320.025,462.1,315.525,1055,3138,1103,3090,1335,1871
6296316,457.7,321.15,461.38,315.975,1056,3150,1096,3094,1341,1872
6296318,457.7,321.975,462.02,316.275,1055,3160,1102,3098,1338,1872
6296320,456.5,321.45,462.02,315.825,1042,3153,1102,3093,1342,1870
6296322,456.58,321.75,462.02,316.2,1043,3157,1102,3097,1345,1874
6296324,456.34,321.525,462.5,316.575,1041,3154,1107,3101,1337,1875
6296326,456.9,320.925,461.78,316.5,1047,3147,1100,3100,1335,1873
6296328,458.26,320.475,462.26,315.975,1061,3142,1105,3094,1342,1877
6296330,456.34,321.825,462.5,316.35,1041,3157,1107,3098,1338,1872
6296332,456.74,321,461.94,315.9,1045,3148,1102,3093,1336,1873
6296334,456.98,321.15,461.7,316.575,1048,3149,1099,3100,1337,1877
6296336,457.22,321.75,461.94,316.275,1050,3156,1101,3097,1340,1877
6296338,456.18,321,462.34,316.65,1039,3147,1105,3101,1342,1872
6296340,457.22,321.6,462.1,316.575,1050,3154,1102,3100,1339,1879
6296342,456.26,319.875,462.42,316.425,1040,3134,1106,3098,1337,1874
6296344,457.38,320.625,462.02,316.425,1052,3143,1102,3098,1339,1874
6296346,458.26,321.075,462.34,316.125,1061,3148,1105,3095,1340,1879
6296348,457.06,321.45,462.42,316.575,1048,3151,1106,3100,1342,1876
6296350,457.46,321.525,462.18,316.275,1053,3152,1104,3096,1341,1875
6296352,457.22,322.725,462.74,316.275,1049,3165,1110,3096,1339,1876
6296354,457.7,320.7,462.42,316.5,1055,3143,1107,3098,1338,1876
6296356,458.1,321.075,462.42,316.125,1059,3147,1107,3094,1340,1878
6296358,457.22,320.925,462.74,316.575,1050,3145,1109,3099,1340,1875
6296360,457.78,320.775,462.9,316.425,1056,3143,1111,3097,1337,1876
6296362,457.22,320.7,462.58,315.675,1050,3142,1109,3088,1342,1878
6296364,457.78,321.375,462.9,316.2,1057,3150,1112,3095,1341,1876
6296366,457.7,319.2,462.58,316.125,1056,3125,1109,3093,1336,1873
6296368,458.9,320.4,462.82,315.975,1069,3139,1112,3091,1339,1874
6296370,457.38,321.825,462.98,316.35,1052,3154,1113,3095,1341,1878
6296372,457.86,320.175,462.82,316.5,1058,3135,1111,3097,1341,1876
6296374,458.02,320.4,462.82,316.35,1059,3138,1111,3095,1337,1877
6296376,457.86,321,463.22,316.275,1058,3145,1116,3094,1342,1876
6296378,458.18,321.075,463.14,316.35,1061,3146,1114,3095,1345,1876
6296380,458.42,320.55,463.38,315.75,1064,3140,1117,3089,1341,1879
6296382,458.26,320.55,463.22,316.275,1061,3139,1116,3094,1342,1876
6296384,458.34,320.85,462.82,315.9,1063,3143,1111,3090,1345,1875
6296386,458.66,321.6,463.3,316.275,1065,3152,1116,3094,1340,1877
6296388,457.62,321.3,462.82,316.5,1054,3147,1111,3096,1347,1876
6296390,458.9,320.1,462.34,317.1,1068,3134,1106,3103,1340,1876
6296392,458.34,322.275,463.22,316.35,1062,3158,1115,3095,1344,1878
6296394,458.34,319.875,462.9,317.025,1062,3132,1111,3102,1336,1877
6296396,458.26,321,462.9,316.8,1061,3144,1112,3100,1349,1876
6296398,458.42,321.075,462.82,317.025,1063,3145,1111,3102,1344,1875
6296400,458.02,320.175,462.9,316.425,1059,3135,1112,3095,1348,1875
6296402,457.46,319.725,462.9,316.8,1054,3130,1112,3099,1345,1876
6296404,457.54,319.2,462.34,317.175,1055,3124,1106,3104,1339,1874
6296406,458.1,321.45,462.66,317.025,1060,3149,1109,3102,1343,1876
6296408,457.62,318.9,462.9,316.275,1055,3120,1112,3094,1343,1876
6296410,458.1,320.775,462.74,316.725,1060,3142,1110,3098,1337,1875
6296412,458.5,320.4,462.5,316.2,1064,3137,1108,3093,1339,1875
6296414,458.18,318.375,462.5,316.2,1060,3115,1107,3092,1341,1874
6296416,458.42,318,462.34,316.125,1063,3111,1106,3091,1341,1874
6296418,457.46,317.775,462.58,315.9,1053,3108,1107,3089,1340,1875
6296420,457.86,317.7,462.9,315.6,1057,3107,1111,3086,1342,1878
6296422,457.86,319.125,462.1,315.675,1056,3123,1102,3086,1340,1874
6296424,457.3,317.85,462.42,315.75,1051,3108,1105,3087,1339,1874
6296426,457.3,318.375,462.74,315.825,1050,3114,1108,3088,1346,1877
6296428,456.98,317.775,462.58,316.05,1047,3108,1107,3090,1339,1877
6296430,458.18,317.325,462.5,315.9,1059,3102,1106,3088,1339,1877
6296432,457.3,318.6,462.02,315.6,1050,3116,1101,3085,1342,1878
6296434,457.06,318.6,461.86,315.75,1046,3116,1098,3086,1341,1875
6296436,457.54,317.625,462.34,315.675,1052,3105,1103,3085,1339,1873
6296438,456.42,317.625,462.02,316.425,1040,3105,1099,3093,1340,1876
6296440,457.14,317.85,461.7,315.675,1047,3107,1096,3085,1343,1875
6296442,456.42,318.3,462.18,316.725,1039,3111,1101,3096,1345,1878
6296444,457.06,318.9,461.86,316.575,1045,3118,1097,3094,1347,1877
6296446,456.82,319.425,462.02,317.1,1042,3123,1098,3100,1342,1877
6296448,457.46,320.7,461.78,316.95,1049,3138,1096,3098,1342,1880
6296450,458.02,320.55,461.7,317.1,1054,3136,1094,3100,1346,1879
6296452,456.98,321.6,462.02,316.875,1042,3148,1098,3097,1345,1879
6296454,456.9,320.175,462.02,317.1,1042,3132,1096,3100,1345,1878
6296456,456.26,319.725,462.02,317.625,1036,3127,1097,3106,1345,1879
6296458,456.5,319.875,462.02,317.625,1038,3128,1096,3105,1345,1880
6296460,456.26,321.225,462.5,317.325,1034,3143,1102,3102,1346,1876
6296462,456.74,321.675,461.46,317.7,1039,3148,1090,3106,1344,1879
6296464,457.38,318.975,462.1,317.7,1046,3118,1096,3106,1343,1877
6296466,455.62,322.725,462.34,317.625,1027,3160,1098,3105,1345,1876
6296468,456.74,321.975,462.02,317.625,1038,3152,1095,3106,1347,1875
6296470,456.82,321.075,462.18,317.625,1039,3142,1097,3106,1346,1877
6296472,456.58,319.875,462.74,317.625,1037,3129,1103,3106,1343,1878
6296474,456.42,321.15,461.78,318,1035,3143,1091,3110,1341,1877
6296476,457.54,321.3,462.26,317.625,1046,3145,1097,3107,1346,1877
6296478,456.82,319.875,462.1,317.325,1038,3130,1095,3104,1344,1878
6296480,456.5,320.475,461.94,317.025,1035,3136,1093,3100,1341,1876
6296482,457.22,321.75,462.5,317.7,1041,3150,1099,3108,1345,1876
6296484,456.66,320.25,462.58,317.25,1036,3134,1099,3103,1344,1878
6296486,457.22,320.475,462.34,317.175,1042,3137,1097,3102,1346,1877
6296488,456.5,321.6,462.1,317.025,1034,3149,1095,3100,1351,1879
6296490,456.66,320.1,462.82,316.8,1036,3134,1101,3099,1348,1876
6296492,457.38,321.15,462.18,317.475,1043,3145,1095,3106,1351,1878
6296494,456.1,320.25,462.58,317.4,1030,3135,1099,3106,1357,1878
6296496,456.42,318.525,462.18,317.025,1033,3116,1094,3102,1350,1879
6296498,456.58,318.825,462.58,316.65,1034,3120,1098,3098,1348,1879
6296500,456.26,318.6,462.1,316.425,1031,3117,1094,3095,1347,1875
6296502,457.62,318.75,462.58,316.5,1045,3120,1098,3097,1346,1878
6296504,456.5,318.225,462.66,316.65,1033,3114,1099,3098,1347,1874
6296506,457.54,318.15,462.58,316.125,1043,3113,1097,3093,1345,1877
6296508,456.82,318.45,462.98,316.575,1036,3117,1102,3098,1346,1876
6296510,456.5,319.5,462.9,316.425,1032,3128,1100,3097,1346,1874
6296512,456.82,319.35,462.66,315.825,1035,3126,1098,3090,1343,1874
6296514,457.14,318.6,462.66,315.975,1039,3118,1098,3092,1345,1874
6296516,456.9,318.675,462.58,316.425,1036,3119,1096,3097,1342,1876
6296518,456.82,320.475,463.06,316.65,1034,3139,1102,3099,1345,1872
6296520,457.38,318.525,462.74,316.575,1041,3117,1098,3098,1345,1876
6296522,456.18,319.95,463.14,316.95,1028,3133,1102,3102,1343,1877
6296524,457.54,318.45,462.98,316.95,1043,3117,1100,3102,1344,1875
6296526,457.94,319.2,462.74,316.65,1047,3125,1098,3099,1349,1875
6296528,455.86,319.125,463.14,317.1,1025,3124,1103,3104,1345,1874
6296530,457.7,320.025,462.98,317.1,1044,3135,1101,3104,1345,1877
6296532,457.14,319.275,462.98,317.4,1039,3125,1101,3107,1347,1877
6296534,457.14,319.725,463.38,316.95,1039,3131,1105,3102,1348,1876
6296536,456.82,319.05,462.9,317.175,1035,3123,1100,3104,1347,1877
6296538,457.86,320.25,463.06,317.325,1046,3136,1102,3106,1348,1878
6296540,456.74,319.8,463.38,317.1,1034,3131,1105,3104,1344,1872
6296542,457.3,319.05,463.38,316.875,1041,3123,1105,3101,1345,1874
6296544,457.14,318.825,463.22,317.1,1039,3120,1104,3103,1345,1873
6296546,457.22,319.725,463.22,316.95,1040,3130,1104,3101,1347,1871
6296548,458.1,318.225,463.3,316.875,1050,3113,1105,3101,1344,1875
6296550,457.86,318.15,463.46,316.95,1048,3112,1107,3101,1347,1875
6296552,457.54,317.55,463.38,317.025,1045,3106,1106,3102,1350,1873
6296554,457.78,318,463.06,316.875,1047,3110,1103,3100,1354,1874
6296556,458.1,316.875,463.46,316.575,1051,3099,1108,3097,1347,1870
6296558,457.46,319.8,463.22,316.575,1044,3130,1105,3097,1350,1871
6296560,457.54,318.3,463.38,316.575,1045,3113,1107,3096,1347,1873
6296562,457.14,318.6,463.7,316.875,1041,3117,1111,3100,1353,1873
6296564,457.38,317.025,463.3,316.65,1044,3099,1107,3097,1346,1872
6296566,457.14,317.925,463.22,316.35,1042,3109,1107,3093,1352,1873
6296568,456.82,317.7,463.22,316.35,1039,3106,1107,3094,1347,1871
6296570,458.18,317.25,463.3,316.8,1054,3102,1107,3099,1345,1872
6296572,457.78,315.6,463.46,316.5,1050,3083,1109,3095,1343,1871
6296574,458.34,317.7,463.54,316.35,1055,3106,1111,3094,1347,1873
6296576,458.5,318.15,462.98,316.575,1057,3112,1105,3096,1346,1870
6296578,457.7,318.225,463.54,316.5,1049,3112,1111,3095,1347,1872
6296580,457.78,316.35,463.22,316.65,1050,3091,1107,3097,1346,1870
6296582,458.02,317.85,463.3,316.725,1053,3107,1109,3097,1344,1871
6296584,458.34,318.15,463.3,316.725,1056,3111,1109,3097,1354,1871
6296586,457.78,317.25,463.3,316.8,1051,3101,1109,3098,1350,1873
6296588,458.1,320.1,463.62,316.95,1054,3132,1113,3100,1348,1871
6296590,459.06,319.05,463.86,316.425,1064,3121,1116,3094,1352,1871
6296592,458.9,319.125,463.62,316.575,1063,3122,1113,3096,1348,1873
6296594,457.14,318.75,463.62,317.1,1045,3117,1113,3101,1349,1872
6296596,457.78,319.35,463.38,316.95,1051,3124,1111,3099,1347,1869
6296598,458.5,319.275,463.78,316.725,1060,3123,1116,3097,1344,1871
6296600,457.22,317.175,463.62,316.95,1047,3100,1115,3100,1346,1872
6296602,458.42,319.125,463.14,317.025,1059,3122,1110,3101,1347,1870
6296604,459.54,318,463.46,316.875,1071,3110,1113,3099,1343,1868
6296606,458.18,317.85,463.38,317.1,1057,3108,1112,3102,1345,1872
6296608,457.94,317.4,463.06,317.025,1055,3103,1110,3101,1342,1870
6296610,458.9,317.4,463.7,317.4,1065,3103,1116,3105,1346,1868
6296612,458.02,318.75,463.46,317.1,1055,3118,1113,3102,1345,1872
6296614,458.58,317.925,463.22,317.25,1062,3109,1111,3103,1339,1869
6296616,457.78,318.6,463.38,317.175,1054,3116,1113,3103,1348,1868
6296618,458.5,319.125,463.3,317.325,1062,3122,1113,3104,1350,1870
6296620,457.22,317.775,463.62,317.25,1049,3107,1116,3103,1345,1866
6296622,458.5,317.7,463.46,317.325,1062,3107,1114,3104,1344,1867
6296624,457.94,317.85,463.54,317.625,1057,3108,1116,3108,1346,1870
6296626,458.34,317.55,463.3,316.875,1060,3105,1114,3099,1346,1870
6296628,458.1,315.9,463.54,316.95,1058,3087,1116,3100,1344,1867
6296630,458.1,316.8,463.62,317.55,1058,3096,1117,3107,1344,1870
6296632,457.78,316.8,463.22,316.575,1055,3096,1113,3096,1343,1869
6296634,458.58,315.75,463.14,317.025,1064,3085,1111,3100,1343,1869
6296636,458.42,316.875,462.98,317.325,1062,3097,1110,3104,1347,1866
6296638,457.46,317.325,463.22,316.875,1052,3102,1112,3099,1347,1869
6296640,457.7,317.025,463.06,317.175,1054,3098,1111,3102,1347,1867
6296642,457.62,316.125,463.22,316.725,1053,3089,1113,3097,1343,1867
6296644,457.86,317.1,463.22,316.8,1056,3099,1112,3098,1346,1867
6296646,457.86,316.35,462.98,317.25,1056,3090,1110,3102,1347,1868
6296648,457.78,316.95,463.38,316.95,1055,3097,1114,3099,1345,1866
6296650,458.34,316.95,462.82,316.65,1061,3097,1108,3095,1350,1868
6296652,457.22,315.45,462.82,317.25,1050,3080,1108,3102,1344,1867
6296654,457.86,317.475,462.98,317.025,1055,3102,1109,3099,1345,1868
6296656,457.46,316.95,462.98,317.175,1051,3097,1109,3101,1344,1864
6296658,457.54,316.575,462.5,317.475,1052,3091,1104,3104,1347,1865
6296660,457.62,317.7,462.98,317.4,1053,3104,1109,3103,1347,1866
6296662,457.94,315.3,462.58,317.175,1056,3077,1105,3100,1346,1862
6296664,457.7,316.575,462.5,316.95,1054,3091,1105,3097,1344,1864
6296666,456.9,317.775,462.82,317.325,1045,3104,1107,3101,1347,1862
6296668,456.82,314.1,462.58,317.025,1045,3063,1105,3098,1341,1865
6296670,457.54,315.225,462.42,317.7,1052,3076,1103,3105,1346,1864
6296672,457.54,315.45,462.42,317.85,1052,3079,1103,3106,1345,1865
6296674,458.02,315.15,462.66,317.55,1057,3075,1105,3103,1341,1863
6296676,457.14,315.3,462.1,317.325,1047,3076,1099,3100,1344,1864
6296678,457.78,316.65,462.58,317.1,1054,3091,1104,3098,1348,1861
6296680,458.58,316.35,462.42,317.25,1062,3088,1102,3099,1347,1862
6296682,457.46,316.275,462.5,317.25,1050,3087,1102,3099,1343,1861
6296684,457.78,317.325,462.18,318,1053,3099,1099,3108,1354,1863
6296686,457.78,315.75,462.66,318.225,1053,3082,1104,3110,1349,1865
6296688,457.38,315.825,462.34,317.85,1049,3082,1101,3106,1349,1864
6296690,457.54,317.55,462.02,318.075,1050,3101,1097,3108,1350,1862
6296692,457.62,316.275,462.02,317.775,1051,3087,1097,3105,1347,1862
6296694,458.18,316.05,462.66,317.625,1057,3085,1104,3104,1351,1863
6296696,458.42,316.575,462.42,317.4,1060,3091,1101,3102,1344,1862
6296698,458.5,317.175,462.5,318.15,1060,3098,1101,3110,1344,1861
6296700,458.5,317.175,463.06,317.7,1059,3098,1107,3105,1348,1861
6296702,458.9,316.875,463.22,317.925,1063,3094,1108,3108,1346,1861
6296704,460.1,315.6,464.34,318,1076,3081,1120,3109,1341,1863
6296706,461.86,315.6,464.66,317.175,1094,3081,1123,3100,1340,1860
6296708,462.02,314.85,465.22,316.5,1096,3074,1129,3093,1346,1862
6296710,462.1,313.65,466.82,316.725,1096,3060,1145,3096,1336,1862
6296712,463.62,314.025,467.22,315.6,1112,3065,1150,3083,1340,1861
6296714,462.82,313.95,467.06,315.675,1103,3064,1148,3085,1342,1856
6296716,463.54,312.3,467.22,315,1112,3046,1150,3078,1337,1863
6296718,463.22,312.75,466.98,314.25,1107,3052,1147,3069,1337,1859
6296720,463.3,313.275,466.34,315,1108,3057,1140,3078,1332,1857
6296722,463.06,312,466.02,314.325,1106,3044,1137,3070,1335,1861
6296724,461.78,312.45,464.98,313.725,1092,3048,1126,3063,1340,1859
6296726,462.5,312.75,465.22,314.625,1099,3052,1127,3073,1332,1859
6296728,462.66,312,464.82,314.475,1101,3044,1123,3072,1339,1857
6296730,461.54,312.45,464.58,315,1089,3049,1120,3077,1337,1857
6296732,462.82,312.675,464.74,315.225,1102,3051,1122,3080,1333,1855
6296734,462.02,313.8,464.5,315.825,1093,3063,1119,3087,1337,1858
6296736,462.58,313.125,464.42,315.3,1099,3056,1118,3080,1338,1858
6296738,462.02,312.975,464.5,315.825,1093,3054,1118,3087,1339,1860
6296740,461.7,313.425,465.14,315.9,1090,3060,1125,3087,1337,1857
6296742,462.5,312.975,464.98,315.225,1098,3055,1123,3080,1335,1859
6296744,463.06,313.35,464.82,315.075,1104,3058,1122,3078,1336,1858
6296746,461.78,313.2,464.9,315.15,1090,3056,1123,3079,1340,1857
6296748,462.1,312.15,464.5,315.6,1094,3046,1118,3084,1336,1856
6296750,461.7,314.175,465.06,315.375,1089,3067,1124,3082,1335,1855
6296752,461.78,312.075,465.22,315.225,1090,3044,1125,3080,1340,1859
6296754,462.1,312.825,464.82,315.3,1093,3052,1121,3081,1334,1857
6296756,462.58,313.2,464.74,315.075,1098,3057,1120,3078,1334,1857
6296758,461.62,313.5,465.22,315.45,1088,3060,1125,3083,1339,1857
6296760,462.98,312.75,465.22,314.475,1102,3052,1125,3072,1335,1858
6296762,463.54,313.05,464.82,314.625,1108,3056,1121,3073,1337,1859
6296764,462.74,312.225,464.98,314.625,1100,3047,1122,3074,1336,1859
6296766,462.02,312.525,465.62,314.85,1091,3050,1129,3077,1341,1860
6296768,461.94,312.225,464.74,314.775,1091,3046,1120,3075,1335,1857
6296770,462.02,312.075,465.3,314.7,1091,3045,1125,3075,1336,1859
6296772,462.42,311.775,465.06,314.325,1096,3042,1123,3071,1340,1861
6296774,462.82,313.05,465.06,314.475,1099,3056,1122,3072,1339,1858
6296776,462.98,311.85,465.22,315,1101,3043,1124,3078,1338,1857
6296778,462.18,311.55,465.7,314.475,1093,3039,1129,3073,1334,1860
6296780,462.5,311.625,464.9,313.875,1096,3040,1121,3066,1339,1859
6296782,462.18,312.3,465.22,313.95,1092,3048,1123,3067,1342,1855
6296784,462.74,312.525,465.94,314.25,1097,3051,1131,3071,1340,1860
6296786,462.42,312.9,465.06,314.55,1094,3055,1121,3074,1340,1861
6296788,461.78,312.375,465.46,314.25,1087,3048,1126,3070,1342,1863
6296790,462.42,312,465.22,314.775,1094,3045,1123,3076,1338,1861
6296792,462.9,312.15,466.1,314.4,1099,3047,1132,3072,1338,1862
6296794,462.02,311.625,466.1,314.25,1090,3041,1131,3071,1344,1865
6296796,462.74,311.625,465.14,314.55,1098,3041,1121,3074,1335,1859
6296798,462.18,311.85,466.02,314.925,1091,3044,1130,3079,1338,1859
6296800,462.5,311.55,465.78,314.775,1095,3041,1128,3077,1339,1861
6296802,462.5,312.675,465.3,314.625,1093,3054,1122,3076,1342,1858
6296804,461.94,312.75,466.26,314.925,1088,3054,1133,3080,1339,1859
6296806,462.42,310.875,465.46,314.925,1093,3034,1124,3080,1332,1861
6296808,461.7,312.525,465.38,315,1085,3052,1123,3081,1339,1862
6296810,462.58,312.825,466.18,314.7,1094,3056,1131,3078,1342,1862
6296812,462.02,311.1,466.1,315.225,1089,3037,1130,3084,1337,1863
6296814,461.62,312,465.3,315,1084,3047,1122,3082,1340,1862
6296816,462.5,312.45,465.94,315.975,1093,3053,1128,3093,1338,1861
6296818,461.86,311.625,465.78,315.825,1086,3044,1127,3092,1337,1863
6296820,461.54,313.125,465.94,315.75,1082,3061,1128,3090,1341,1862
6296822,462.58,314.7,466.02,315.975,1093,3079,1129,3093,1347,1865
6296824,462.34,311.7,466.58,315.75,1091,3045,1135,3092,1341,1864
6296826,462.5,313.275,466.02,315.975,1092,3064,1129,3094,1336,1867
6296828,461.94,313.575,466.26,316.2,1087,3067,1132,3097,1342,1865
6296830,462.26,314.175,466.34,316.2,1090,3074,1132,3097,1343,1865
6296832,461.94,312.075,466.34,315.525,1087,3051,1133,3090,1339,1869
6296834,462.66,313.125,466.18,315.45,1095,3063,1131,3089,1341,1868
6296836,462.18,313.35,466.98,315.3,1090,3065,1140,3088,1344,1866
6296838,462.34,312.6,466.58,315.3,1091,3057,1135,3089,1340,1867
6296840,462.26,312.225,466.82,315.675,1091,3053,1138,3093,1336,1871
6296842,461.78,312.6,466.5,315.375,1086,3057,1135,3089,1340,1870
6296844,462.5,313.725,466.74,315,1093,3070,1137,3086,1349,1868
6296846,462.98,314.1,466.58,315.975,1098,3074,1135,3096,1339,1867
6296848,460.98,313.725,466.34,315.675,1077,3069,1133,3093,1341,1868
6296850,461.94,313.575,467.14,315.075,1087,3069,1142,3087,1345,1868
6296852,463.14,313.575,466.9,315.375,1100,3069,1139,3090,1340,1870
6296854,461.78,313.425,466.58,315.225,1086,3067,1136,3088,1343,1867
6296856,461.38,312.075,466.1,315.45,1083,3052,1131,3090,1342,1868
6296858,462.1,312.9,466.5,315.225,1090,3061,1135,3088,1341,1868
6296860,461.38,312.75,466.26,315.3,1082,3059,1133,3089,1341,1867
6296862,462.98,312.75,465.94,315.6,1099,3060,1130,3092,1342,1869
6296864,462.1,313.2,466.66,315.375,1089,3064,1137,3090,1339,1867
6296866,461.06,312.375,466.26,315.375,1079,3055,1133,3089,1343,1869
6296868,461.22,312.825,466.18,315.3,1080,3059,1132,3088,1346,1871
6296870,460.66,313.35,465.78,315.3,1074,3064,1128,3087,1345,1868
6296872,460.58,312.75,465.78,314.625,1074,3057,1128,3080,1346,1869
6296874,462.18,312.075,466.34,315.15,1091,3051,1134,3085,1341,1872
6296876,461.54,313.8,466.34,314.4,1083,3069,1133,3077,1341,1871
6296878,461.46,312.6,465.86,315.6,1083,3055,1129,3090,1337,1869
6296880,461.22,311.7,466.02,315.45,1081,3045,1130,3088,1336,1872
6296882,461.54,312.225,465.54,315.225,1084,3051,1125,3085,1340,1871
6296884,461.46,312.075,466.02,315.15,1083,3049,1130,3084,1338,1869
6296886,461.7,311.85,465.86,315.3,1086,3046,1128,3085,1334,1869
6296888,461.38,313.95,465.7,316.2,1082,3069,1127,3095,1344,1870
6296890,461.78,312,466.18,315.375,1086,3047,1132,3086,1341,1871
6296892,461.62,312.375,466.26,315.525,1085,3051,1133,3087,1341,1869
6296894,460.42,312.75,466.1,315.375,1072,3054,1132,3085,1346,1871
6296896,460.82,311.025,466.02,315.15,1077,3035,1130,3082,1334,1873
6296898,461.3,313.05,466.18,315.525,1082,3057,1132,3086,1340,1871
6296900,462.34,311.25,465.94,315.75,1093,3038,1129,3089,1336,1876
6296902,461.46,311.475,466.26,315.675,1084,3039,1133,3087,1339,1871
6296904,461.62,312.525,466.34,315.3,1085,3051,1134,3083,1337,1872
6296906,461.78,311.475,466.02,315.6,1088,3039,1132,3085,1338,1872
6296908,461.62,312.075,465.94,315.075,1086,3045,1130,3080,1338,1871
6296910,462.9,311.625,466.58,315.675,1100,3040,1137,3086,1336,1872
6296912,463.06,311.85,466.1,316.05,1101,3043,1132,3090,1338,1878
6296914,462.42,312.675,466.74,315.525,1095,3051,1139,3084,1335,1875
6296916,462.5,312.825,466.18,315.75,1096,3053,1133,3086,1338,1872
6296918,462.1,312.15,466.34,315.675,1092,3045,1136,3086,1340,1875
6296920,462.9,313.05,466.5,315.525,1100,3055,1137,3084,1336,1874
6296922,463.06,312.825,466.66,315.75,1102,3052,1140,3086,1339,1875
6296924,462.5,314.4,466.42,315.9,1096,3070,1137,3088,1337,1879
6296926,462.66,312.675,466.66,315.825,1099,3050,1140,3086,1339,1877
6296928,463.38,313.35,466.9,315.525,1107,3058,1143,3083,1334,1877
6296930,463.46,313.125,467.14,316.125,1108,3055,1146,3089,1339,1878
6296932,463.14,313.05,466.5,315.75,1105,3054,1139,3085,1336,1879
6296934,462.42,314.625,466.42,316.35,1097,3071,1139,3091,1339,1877
6296936,462.98,313.575,466.66,316.425,1104,3059,1142,3092,1337,1883
6296938,463.22,312.45,466.66,315.75,1107,3046,1143,3084,1338,1881
6296940,463.14,312.525,466.34,316.05,1106,3047,1139,3088,1335,1880
6296942,464.18,314.625,466.66,316.2,1118,3071,1144,3089,1341,1881
6296944,462.9,314.4,466.82,315.525,1105,3068,1145,3082,1343,1880
6296946,462.66,313.725,466.34,315.9,1103,3060,1141,3085,1339,1882
6296948,463.14,313.05,466.58,316.125,1108,3052,1144,3088,1340,1881
6296950,462.66,313.95,466.98,315.525,1104,3062,1150,3081,1338,1881
6296952,462.42,313.05,466.98,316.875,1102,3052,1149,3096,1336,1884
6296954,463.14,313.875,466.9,316.275,1110,3062,1149,3089,1340,1881
6296956,463.78,313.875,467.14,316.2,1117,3062,1151,3088,1339,1884
6296958,462.9,312.6,467.06,316.125,1109,3048,1152,3087,1334,1887
6296960,463.06,314.25,466.98,316.125,1111,3065,1151,3088,1341,1886
6296962,463.38,315,466.9,316.125,1114,3074,1151,3087,1341,1882
6296964,463.38,314.925,466.98,316.575,1115,3073,1152,3092,1344,1888
6296966,462.66,314.55,467.14,316.8,1109,3069,1155,3095,1339,1884
6296968,462.74,313.95,466.82,316.125,1109,3062,1152,3088,1338,1887
6296970,462.82,314.4,466.82,316.65,1111,3068,1152,3094,1337,1886
6296972,462.74,314.55,466.58,316.5,1110,3069,1150,3092,1341,1886
6296974,462.66,314.625,466.02,316.275,1110,3070,1145,3089,1342,1887
6296976,461.14,315.15,465.7,316.65,1094,3076,1142,3093,1341,1884
6296978,460.98,314.1,463.62,315.975,1094,3063,1121,3085,1334,1886
6296980,458.82,312.525,461.94,316.5,1071,3045,1103,3091,1336,1884
6296982,457.7,312.975,460.82,316.425,1060,3051,1092,3089,1338,1882
6296984,456.74,313.8,459.86,315.525,1050,3060,1082,3079,1340,1883
6296986,455.62,312.45,458.98,315.45,1039,3044,1074,3078,1339,1883
6296988,456.74,312.825,458.9,315.15,1051,3049,1073,3075,1341,1886
6296990,456.02,312.9,458.66,315.15,1044,3050,1071,3076,1340,1885
6296992,455.86,310.875,458.5,315.375,1043,3028,1070,3078,1334,1885
6296994,456.82,312.375,459.06,314.85,1053,3045,1076,3073,1338,1885
6296996,456.66,310.2,457.94,315.225,1053,3021,1064,3076,1332,1885
6296998,456.66,311.925,458.58,315.075,1052,3041,1072,3075,1332,1884
6297000,456.66,312.15,459.14,314.325,1053,3043,1078,3068,1337,1886
6297002,457.3,313.35,459.3,315.15,1059,3056,1080,3077,1338,1887
6297004,456.98,311.325,459.3,315.675,1056,3034,1079,3083,1336,1887
6297006,456.82,312.825,459.38,315.15,1054,3051,1081,3078,1337,1886
6297008,458.26,310.5,459.06,315.75,1070,3026,1077,3084,1331,1885
6297010,456.9,313.35,458.66,316.05,1055,3057,1072,3087,1337,1890
6297012,456.82,311.925,459.22,315.6,1055,3041,1079,3083,1335,1889
6297014,457.7,313.575,458.66,315.525,1063,3060,1072,3082,1336,1890
6297016,456.74,312.45,458.98,315.45,1053,3048,1076,3082,1340,1890
6297018,456.5,312.675,458.58,315.075,1051,3050,1072,3078,1339,1890
6297020,457.06,312.525,458.98,315.675,1057,3049,1075,3084,1337,1890
6297022,457.06,313.725,459.14,315,1056,3062,1077,3077,1337,1891
6297024,456.34,311.55,458.66,315.15,1049,3038,1072,3079,1334,1889
6297026,456.5,312.45,458.58,315.075,1051,3049,1072,3078,1339,1890
6297028,456.42,312.975,459.38,315.3,1050,3054,1080,3081,1337,1891
6297030,456.98,313.425,458.66,315.3,1055,3060,1072,3081,1336,1892
6297032,457.06,310.2,458.9,315.075,1057,3024,1075,3078,1331,1894
6297034,456.74,311.025,458.34,315.225,1053,3033,1069,3080,1337,1894
6297036,456.5,313.125,458.18,314.7,1050,3056,1067,3074,1343,1895
6297038,456.5,312.9,457.94,315,1049,3053,1065,3077,1339,1896
6297040,456.9,313.35,458.5,314.85,1054,3059,1070,3076,1334,1893
6297042,456.74,313.35,458.74,314.85,1052,3058,1072,3076,1336,1894
6297044,456.34,312.825,458.5,314.175,1048,3053,1070,3068,1341,1894
6297046,456.5,312.075,458.58,315,1049,3044,1071,3077,1339,1892
6297048,455.94,312,458.26,314.625,1043,3043,1067,3073,1337,1896
6297050,457.38,312.75,458.1,314.85,1058,3052,1065,3075,1338,1895
6297052,456.18,312.45,458.18,314.775,1046,3048,1066,3075,1341,1895
6297054,456.9,312.15,458.1,314.625,1053,3045,1065,3073,1335,1895
6297056,456.1,312.9,458.02,313.95,1044,3054,1064,3065,1338,1894
6297058,456.66,312.375,457.46,315,1050,3048,1058,3077,1340,1897
6297060,456.66,314.4,457.86,314.4,1049,3070,1062,3070,1336,1896
6297062,457.14,312.9,458.02,314.625,1055,3054,1064,3073,1341,1894
6297064,456.5,312.3,457.94,314.175,1049,3047,1063,3068,1336,1896
6297066,456.82,313.5,457.7,314.55,1051,3060,1060,3072,1339,1896
6297068,456.66,313.425,457.7,314.85,1049,3059,1060,3075,1336,1896
6297070,456.42,311.775,457.62,314.1,1047,3040,1059,3067,1340,1897
6297072,455.62,311.55,457.7,314.4,1039,3038,1060,3070,1339,1898
6297074,456.26,312,457.62,313.725,1045,3043,1059,3063,1337,1897
6297076,456.1,311.4,457.54,314.25,1043,3036,1057,3068,1337,1898
6297078,456.58,312.675,457.86,314.25,1047,3050,1060,3068,1340,1900
6297080,456.18,312.9,457.62,313.875,1043,3053,1058,3064,1342,1900
6297082,456.74,311.175,457.62,314.25,1049,3034,1057,3068,1337,1898
6297084,455.54,311.775,457.7,314.025,1036,3040,1058,3066,1342,1897
6297086,457.06,312.075,457.7,314.025,1051,3044,1058,3066,1341,1901
6297088,456.58,311.55,457.62,313.875,1047,3038,1057,3064,1338,1900
6297090,456.58,312.525,457.62,314.4,1046,3049,1056,3070,1337,1899
6297092,456.5,312.45,457.54,314.4,1045,3048,1055,3070,1338,1898
6297094,456.58,311.325,458.18,314.025,1045,3036,1062,3067,1334,1897
6297096,456.66,311.025,458.1,314.1,1047,3033,1061,3067,1342,1897
6297098,456.74,312.15,458.66,313.875,1046,3045,1066,3065,1338,1900
6297100,457.06,310.35,458.26,314.1,1050,3026,1061,3067,1335,1899
6297102,457.06,311.475,458.26,313.95,1049,3038,1061,3066,1341,1898
6297104,457.14,311.775,458.34,314.25,1050,3041,1062,3069,1343,1900
6297106,457.3,310.875,458.58,314.1,1051,3032,1064,3067,1333,1900
6297108,457.14,311.775,458.66,313.425,1049,3042,1065,3060,1340,1897
6297110,457.7,311.55,458.74,313.275,1055,3040,1065,3059,1339,1898
6297112,458.02,311.1,459.3,313.35,1058,3035,1071,3060,1335,1902
6297114,457.54,312.15,459.3,313.575,1053,3046,1070,3063,1339,1899
6297116,457.78,312.075,459.06,313.95,1055,3045,1068,3067,1337,1902
6297118,457.7,313.425,459.3,314.175,1054,3061,1070,3070,1338,1899
6297120,458.1,311.7,459.06,313.425,1059,3042,1068,3061,1335,1899
6297122,458.02,312.15,459.46,313.575,1057,3047,1072,3063,1338,1901
6297124,458.1,311.25,459.38,313.5,1058,3037,1071,3063,1334,1900
6297126,458.1,312.075,459.38,313.425,1058,3046,1071,3062,1336,1902
6297128,457.86,312.075,459.7,314.025,1055,3046,1074,3069,1338,1904
6297130,457.38,311.55,459.22,314.25,1050,3041,1069,3071,1337,1903
6297132,457.54,312,459.22,314.175,1052,3046,1069,3070,1339,1902
6297134,456.98,313.2,459.14,313.8,1046,3059,1068,3067,1342,1903
6297136,458.02,312,458.82,314.1,1057,3046,1065,3069,1338,1902
6297138,458.02,312.6,459.7,313.5,1057,3052,1074,3063,1338,1904
6297140,457.62,313.575,459.3,313.875,1052,3063,1070,3068,1345,1904
6297142,457.46,312.45,459.62,313.725,1051,3051,1074,3066,1343,1902
6297144,456.82,312.375,459.38,313.725,1045,3050,1071,3066,1342,1905
6297146,456.58,312.6,459.78,312.975,1042,3052,1075,3058,1341,1902
6297148,457.7,312.6,459.14,313.8,1054,3053,1069,3067,1337,1904
6297150,457.94,312.375,459.62,313.5,1056,3051,1073,3064,1339,1906
6297152,457.3,311.7,459.62,312.75,1049,3044,1074,3055,1342,1900
6297154,458.34,311.85,459.46,312.675,1060,3045,1072,3055,1336,1902
6297156,457.06,310.65,459.78,312.975,1047,3031,1075,3058,1337,1903
6297158,457.06,311.1,459.3,312.225,1046,3037,1069,3050,1340,1902
6297160,458.26,311.625,459.46,312.675,1059,3043,1071,3054,1337,1902
6297162,457.14,310.875,460.02,312.9,1047,3034,1077,3057,1339,1902
6297164,457.14,310.2,458.9,312.825,1047,3027,1065,3057,1340,1903
6297166,457.46,311.025,459.06,313.05,1050,3036,1066,3059,1335,1901
6297168,457.62,310.125,459.62,311.925,1052,3026,1072,3047,1335,1901
6297170,457.3,311.475,459.78,312.15,1047,3041,1073,3049,1339,1901
6297172,457.94,310.8,459.46,312.375,1054,3033,1069,3051,1339,1905
6297174,457.78,311.1,459.22,312.15,1051,3036,1067,3049,1338,1902
6297176,457.86,310.35,459.3,312.375,1053,3029,1067,3052,1332,1901
6297178,457.86,309.375,458.82,312.375,1052,3018,1062,3051,1334,1904
6297180,457.46,310.35,459.38,312,1048,3029,1067,3048,1335,1903
6297182,457.54,309.6,458.9,312.75,1048,3020,1062,3055,1338,1902
6297184,457.62,311.025,458.82,312.825,1049,3036,1060,3056,1339,1902
6297186,457.06,311.025,458.74,313.2,1042,3036,1059,3060,1343,1903
6297188,457.54,310.725,458.82,313.125,1047,3033,1060,3059,1341,1904
6297190,457.7,309.675,459.22,312.975,1048,3021,1063,3058,1334,1904
6297192,457.62,311.1,458.9,313.125,1047,3037,1060,3060,1338,1902
6297194,457.62,309.9,459.14,313.425,1047,3024,1062,3063,1334,1903
6297196,456.98,309.3,458.82,313.05,1040,3017,1058,3058,1334,1902
6297198,457.7,311.475,459.22,312.75,1047,3041,1062,3055,1338,1900
6297200,457.46,310.125,459.14,313.425,1045,3026,1061,3063,1337,1902
6297202,457.54,309.75,459.22,313.05,1045,3022,1062,3059,1335,1901
6297204,458.42,310.5,459.7,313.125,1054,3030,1066,3059,1336,1901
6297206,458.34,309.975,459.38,312.9,1052,3024,1063,3057,1328,1898
6297208,458.74,310.35,459.22,312.675,1057,3029,1061,3055,1333,1899
6297210,457.46,310.8,459.22,313.5,1043,3033,1060,3064,1334,1898
6297212,458.5,309,458.82,313.35,1054,3014,1056,3062,1335,1901
6297214,457.78,308.85,459.14,313.05,1046,3012,1060,3059,1334,1898
6297216,457.62,309.75,459.3,313.2,1045,3022,1061,3061,1336,1899
6297218,458.34,311.625,459.94,313.5,1051,3042,1067,3064,1335,1897
6297220,457.14,309.075,460.02,312.975,1040,3014,1068,3058,1331,1897
6297222,458.42,309.375,460.1,312.675,1053,3018,1069,3055,1334,1898
6297224,459.06,308.775,460.58,312.975,1060,3012,1075,3058,1331,1896
6297226,458.66,309.075,460.1,312.9,1055,3014,1069,3058,1334,1895
6297228,458.5,309,460.5,312.9,1054,3014,1073,3058,1336,1896
6297230,459.06,309.375,460.9,312.3,1059,3018,1078,3051,1333,1898
6297232,458.42,309.525,460.26,312.975,1052,3019,1071,3058,1333,1895
6297234,459.22,309.525,460.42,312.6,1061,3019,1072,3054,1332,1898
6297236,459.38,309.75,460.18,312.825,1063,3022,1070,3056,1331,1894
6297238,459.7,309.9,460.5,313.2,1066,3023,1073,3060,1330,1891
6297240,459.94,309.375,460.5,312.9,1069,3018,1074,3057,1330,1888
6297242,460.42,309.6,460.02,312.225,1074,3020,1069,3049,1329,1889
6297244,460.66,308.55,460.1,313.05,1077,3009,1070,3058,1328,1888
6297246,461.62,309.6,460.42,312.9,1087,3020,1074,3056,1326,1887
6297248,460.66,310.05,460.34,312.375,1077,3025,1073,3050,1326,1887
6297250,461.14,309.75,460.34,312.825,1083,3022,1074,3055,1327,1883
6297252,461.22,308.325,460.02,312.75,1084,3005,1070,3054,1320,1881
6297254,462.42,309,459.7,312.525,1098,3013,1067,3051,1318,1879
6297256,462.34,310.05,460.26,313.425,1096,3024,1073,3061,1323,1879
6297258,463.3,308.475,460.1,313.35,1108,3008,1072,3060,1318,1878
6297260,464.74,309.75,459.86,313.8,1122,3022,1070,3065,1319,1873
6297262,465.62,310.125,459.3,313.35,1132,3026,1064,3059,1314,1875
6297264,466.5,309.15,458.5,313.65,1141,3016,1055,3062,1312,1872
6297266,467.86,308.925,457.86,313.125,1156,3014,1050,3056,1307,1862
6297268,468.66,309.75,457.94,312.375,1164,3023,1051,3048,1311,1864
6297270,469.62,308.775,457.3,311.85,1175,3012,1044,3042,1306,1858
6297272,472.58,307.8,456.82,311.475,1207,3003,1040,3037,1303,1856
6297274,473.94,308.325,456.58,311.55,1222,3009,1038,3038,1300,1851
6297276,475.86,307.725,456.1,313.35,1242,3002,1032,3058,1296,1844
6297278,477.62,311.325,454.82,314.1,1260,3043,1019,3066,1286,1828
6297280,479.14,317.4,454.66,315.075,1275,3110,1017,3076,1269,1815
6297282,482.26,331.65,454.82,333.225,1303,3268,1013,3276,1214,1735
6297284,481.78,352.725,453.3,354.075,1293,3503,990,3507,1157,1634
6297286,481.62,371.925,448.82,373.425,1286,3717,937,3722,1083,1543
6297288,482.02,394.2,445.7,399.375,1283,3969,894,4013,1004,1420
6297290,485.06,416.85,441.22,425.775,1310,4226,837,4311,910,1294
6297292,485.54,431.4,435.54,454.35,1311,4392,765,4636,833,1152
6297294,488.42,459.6,435.38,486.45,1334,4717,752,5007,739,996
6297296,489.78,483.975,428.66,513.675,1341,4999,668,5322,653,859
6297298,496.58,507.3,426.02,546.825,1408,5274,627,5710,573,699
6297300,498.1,526.95,415.62,569.625,1420,5506,503,5977,494,557
6297302,508.58,552,410.42,594.75,1528,5806,436,6275,405,439
6297304,NaN,NaN,NaN,NaN,NaN,NaN,NaN,NaN,0,0
6297306,NaN,NaN,NaN,NaN,NaN,NaN,NaN,NaN,0,0
6297308,NaN,NaN,NaN,NaN,NaN,NaN,NaN,NaN,0,0
6297310,NaN,NaN,NaN,NaN,NaN,NaN,NaN,NaN,0,0
6297312,NaN,NaN,NaN,NaN,NaN,NaN,NaN,NaN,0,0
6297314,NaN,NaN,NaN,NaN,NaN,NaN,NaN,NaN,0,0
6297316,NaN,NaN,NaN,NaN,NaN,NaN,NaN,NaN,0,0
6297318,NaN,NaN,NaN,NaN,NaN,NaN,NaN,NaN,0,0
6297320,NaN,NaN,NaN,NaN,NaN,NaN,NaN,NaN,0,0
6297322,NaN,NaN,NaN,NaN,NaN,NaN,NaN,NaN,0,0
6297324,NaN,NaN,NaN,NaN,NaN,NaN,NaN,NaN,0,0
6297326,NaN,NaN,NaN,NaN,NaN,NaN,NaN,NaN,0,0
6297328,NaN,NaN,NaN,NaN,NaN,NaN,NaN,NaN,0,0
6297330,NaN,NaN,NaN,NaN,NaN,NaN,NaN,NaN,0,0
6297332,NaN,NaN,NaN,NaN,NaN,NaN,NaN,NaN,0,0
6297334,NaN,NaN,NaN,NaN,NaN,NaN,NaN,NaN,0,0
6297336,NaN,NaN,NaN,NaN,NaN,NaN,NaN,NaN,0,0
6297338,NaN,NaN,NaN,NaN,NaN,NaN,NaN,NaN,0,0
6297340,NaN,NaN,NaN,NaN,NaN,NaN,NaN,NaN,0,0
6297342,NaN,NaN,NaN,NaN,NaN,NaN,NaN,NaN,0,0
6297344,NaN,NaN,NaN,NaN,NaN,NaN,NaN,NaN,0,0
6297346,NaN,NaN,NaN,NaN,NaN,NaN,NaN,NaN,0,0
6297348,NaN,NaN,NaN,NaN,NaN,NaN,NaN,NaN,0,0
6297350,NaN,NaN,NaN,NaN,NaN,NaN,NaN,NaN,0,0
6297352,NaN,NaN,NaN,NaN,NaN,NaN,NaN,NaN,0,0
6297354,NaN,NaN,NaN,NaN,NaN,NaN,NaN,NaN,0,0
6297356,NaN,NaN,NaN,NaN,NaN,NaN,NaN,NaN,0,0
6297358,NaN,NaN,NaN,NaN,NaN,NaN,NaN,NaN,0,0
6297360,NaN,NaN,NaN,NaN,NaN,NaN,NaN,NaN,0,0
6297362,NaN,NaN,NaN,NaN,NaN,NaN,NaN,NaN,0,0
6297364,NaN,NaN,NaN,NaN,NaN,NaN,NaN,NaN,0,0
6297366,NaN,NaN,NaN,NaN,NaN,NaN,NaN,NaN,0,0
6297368,NaN,NaN,NaN,NaN,NaN,NaN,NaN,NaN,0,0
6297370,NaN,NaN,NaN,NaN,NaN,NaN,NaN,NaN,0,0
6297372,NaN,NaN,NaN,NaN,NaN,NaN,NaN,NaN,0,0
6297374,NaN,NaN,NaN,NaN,NaN,NaN,NaN,NaN,0,0
6297376,NaN,NaN,NaN,NaN,NaN,NaN,NaN,NaN,0,0
6297378,NaN,NaN,NaN,NaN,NaN,NaN,NaN,NaN,0,0
6297380,NaN,NaN,NaN,NaN,NaN,NaN,NaN,NaN,0,0
6297382,NaN,NaN,NaN,NaN,NaN,NaN,NaN,NaN,0,0
6297384,NaN,NaN,NaN,NaN,NaN,NaN,NaN,NaN,0,0
6297386,NaN,NaN,NaN,NaN,NaN,NaN,NaN,NaN,0,0
6297388,NaN,NaN,NaN,NaN,NaN,NaN,NaN,NaN,0,0
6297390,NaN,NaN,NaN,NaN,NaN,NaN,NaN,NaN,0,0
6297392,NaN,NaN,NaN,NaN,NaN,NaN,NaN,NaN,0,0
6297394,NaN,NaN,NaN,NaN,NaN,NaN,NaN,NaN,0,0
6297396,NaN,NaN,NaN,NaN,NaN,NaN,NaN,NaN,0,0
6297398,NaN,NaN,NaN,NaN,NaN,NaN,NaN,NaN,0,0
6297400,NaN,NaN,NaN,NaN,NaN,NaN,NaN,NaN,0,0
6297402,NaN,NaN,NaN,NaN,NaN,NaN,NaN,NaN,0,0
6297404,NaN,NaN,NaN,NaN,NaN,NaN,NaN,NaN,0,0
6297406,NaN,NaN,NaN,NaN,NaN,NaN,NaN,NaN,0,0
6297408,NaN,NaN,NaN,NaN,NaN,NaN,NaN,NaN,0,0
6297410,NaN,NaN,NaN,NaN,NaN,NaN,NaN,NaN,0,0
6297412,NaN,NaN,NaN,NaN,NaN,NaN,NaN,NaN,0,0
6297414,NaN,NaN,NaN,NaN,NaN,NaN,NaN,NaN,0,0
6297416,464.74,527.325,448.98,603.825,1066,5490,867,6394,435,378
6297418,464.74,527.325,448.9,603.825,1066,5490,867,6394,435,378
6297420,463.78,512.025,450.74,586.275,1062,5309,894,6184,490,454
6297422,462.9,496.65,452.58,568.575,1057,5129,920,5973,545,530
6297424,459.62,479.25,455.7,552.3,1028,4926,961,5780,613,603
6297426,453.94,468.15,454.34,535.95,970,4796,951,5587,652,681
6297428,457.54,453.375,454.34,518.325,1015,4627,958,5379,691,757
6297430,453.7,437.025,455.78,500.55,979,4437,980,5172,750,842
6297432,454.66,426.975,458.5,485.775,993,4323,1015,5001,783,907
6297434,453.86,411.225,463.62,471.15,990,4144,1075,4833,834,989
6297436,457.3,396.9,464.66,454.425,1032,3983,1092,4641,886,1054
6297438,457.94,389.025,464.98,439.125,1041,3895,1101,4466,916,1129
6297440,457.06,372.225,465.62,423.675,1038,3705,1113,4290,962,1204
6297442,457.54,363.525,467.62,408.9,1046,3608,1139,4123,1001,1272
6297444,457.62,353.475,470.02,396.975,1051,3496,1170,3989,1031,1331
6297446,458.42,342.3,471.94,383.925,1063,3373,1194,3842,1072,1387
6297448,462.34,334.35,472.58,369.825,1108,3285,1205,3684,1098,1447
6297450,462.26,323.25,473.06,358.275,1110,3163,1214,3555,1133,1498
6297452,463.54,315.375,474.66,347.475,1127,3076,1235,3436,1156,1546
6297454,463.38,311.475,474.9,335.775,1126,3033,1241,3306,1171,1598
6297456,464.18,300.075,475.86,324.525,1139,2908,1255,3181,1202,1647
6297458,463.22,296.775,475.22,319.05,1131,2872,1250,3121,1214,1677
6297460,462.82,294.375,474.9,311.25,1127,2845,1250,3034,1230,1705
6297462,462.42,290.7,475.46,308.025,1125,2805,1256,2999,1235,1723
6297464,461.94,290.85,474.5,301.05,1120,2806,1249,2922,1240,1751
6297466,462.58,290.325,474.02,299.475,1127,2801,1245,2904,1250,1753
6297468,462.26,290.025,473.38,299.625,1124,2797,1239,2906,1243,1755
6297470,462.9,290.85,472.66,300.075,1130,2806,1230,2911,1240,1756
6297472,462.18,290.625,472.98,298.875,1124,2804,1235,2898,1244,1759
6297474,462.5,290.925,472.66,299.1,1127,2807,1231,2900,1239,1763
6297476,461.46,292.65,472.58,299.55,1116,2826,1230,2905,1244,1760
6297478,461.86,295.35,471.86,299.7,1120,2856,1223,2906,1246,1765
6297480,461.38,295.65,472.58,300.3,1115,2859,1231,2914,1251,1767
6297482,460.74,295.425,472.26,300.75,1108,2856,1228,2919,1249,1769
6297484,460.26,296.1,471.7,301.575,1103,2863,1221,2927,1249,1768
6297486,460.9,297.825,472.02,301.575,1109,2883,1225,2928,1254,1767
6297488,460.74,299.25,471.3,301.875,1107,2899,1217,2931,1258,1770
6297490,460.18,298.875,470.98,303.45,1101,2894,1214,2948,1259,1777
6297492,460.58,299.4,471.14,303.75,1106,2900,1215,2952,1256,1774
6297494,460.9,299.175,471.14,303.3,1109,2898,1216,2947,1261,1772
6297496,460.34,301.575,471.06,304.125,1102,2924,1214,2956,1264,1774
6297498,460.26,300.375,470.5,304.8,1101,2911,1208,2964,1267,1772
6297500,459.86,300.675,470.26,305.1,1097,2915,1206,2967,1264,1774
6297502,459.86,300.6,469.94,306.3,1097,2915,1202,2980,1267,1773
6297504,459.86,301.575,469.62,305.7,1096,2926,1198,2974,1267,1769
6297506,459.62,300.6,469.78,306.3,1095,2915,1200,2981,1269,1770
6297508,460.1,303.15,469.14,306.9,1098,2944,1192,2988,1273,1768
6297510,459.38,302.55,468.82,307.125,1091,2937,1189,2990,1264,1773
6297512,458.82,303.675,468.9,307.425,1084,2950,1189,2995,1266,1769
6297514,459.62,302.1,468.02,308.25,1093,2933,1179,3003,1268,1769
6297516,459.22,302.55,467.94,308.325,1088,2938,1178,3005,1268,1768
6297518,458.9,303.3,467.7,308.55,1084,2947,1176,3007,1276,1768
6297520,459.22,304.725,467.86,308.625,1087,2962,1177,3008,1275,1769
6297522,458.74,304.65,467.7,309.45,1081,2962,1175,3018,1269,1769
6297524,458.66,305.325,467.46,310.05,1079,2969,1171,3024,1272,1770
6297526,459.14,305.475,467.38,309.75,1085,2972,1170,3021,1278,1769
6297528,457.94,305.7,466.74,310.575,1072,2974,1163,3031,1274,1769
6297530,458.9,306.45,466.66,311.625,1081,2983,1162,3042,1277,1778
6297532,457.78,307.425,466.18,311.775,1069,2993,1156,3044,1282,1774
6297534,458.9,306.3,465.78,311.55,1081,2981,1152,3041,1277,1773
6297536,458.1,306.15,465.78,313.05,1072,2979,1151,3058,1283,1773
6297538,458.58,308.25,465.86,313.65,1076,3003,1152,3065,1284,1775
6297540,457.86,308.475,465.54,313.05,1068,3006,1147,3059,1279,1772
6297542,457.46,308.4,465.38,313.575,1064,3005,1145,3064,1281,1774
6297544,457.3,308.925,465.62,314.475,1060,3010,1147,3074,1285,1771
6297546,457.38,307.8,465.62,315.075,1062,2998,1146,3081,1280,1775
6297548,457.86,308.55,465.38,314.25,1065,3007,1143,3071,1277,1766
6297550,458.34,309.075,464.98,315.15,1070,3012,1138,3082,1277,1768
6297552,456.9,309.075,464.5,316.05,1054,3012,1132,3091,1277,1772
6297554,457.54,310.2,464.34,315.975,1061,3025,1130,3091,1278,1773
6297556,457.38,309.975,464.82,315.525,1058,3022,1135,3086,1279,1768
6297558,456.9,309.075,464.1,315.825,1053,3012,1127,3089,1275,1769
6297560,457.94,309.675,463.7,316.95,1063,3019,1122,3101,1277,1773
6297562,457.62,309.75,463.78,316.125,1060,3019,1123,3092,1278,1773
6297564,457.86,310.875,463.46,316.65,1061,3032,1118,3097,1273,1771
6297566,458.1,310.425,462.9,316.2,1064,3027,1113,3092,1279,1770
6297568,457.38,310.05,463.46,316.575,1055,3023,1117,3097,1279,1768
6297570,457.3,310.575,463.06,317.625,1055,3028,1113,3108,1281,1768
6297572,457.86,310.275,463.06,317.55,1059,3025,1112,3107,1277,1769
6297574,458.26,310.875,463.14,317.175,1063,3032,1112,3103,1278,1772
6297576,457.38,310.725,463.14,318.225,1053,3030,1111,3115,1277,1767
6297578,458.5,312.075,462.98,317.925,1064,3045,1109,3111,1276,1769
6297580,458.1,311.1,463.06,317.325,1059,3034,1110,3105,1277,1769
6297582,458.18,310.65,463.22,318.675,1061,3029,1111,3119,1284,1768
6297584,458.26,311.4,462.98,317.85,1060,3038,1108,3111,1277,1769
6297586,458.1,311.25,463.38,317.7,1059,3036,1112,3109,1284,1771
6297588,457.46,309.975,462.74,318.225,1052,3022,1105,3115,1283,1769
6297590,458.74,311.7,462.98,318.975,1064,3041,1107,3123,1283,1769
6297592,458.42,311.4,462.74,319.35,1061,3038,1103,3127,1286,1769
6297594,458.66,312.3,462.66,320.1,1063,3048,1102,3135,1282,1769
6297596,458.58,312.525,462.98,320.1,1062,3051,1106,3135,1284,1767
6297598,458.66,311.85,462.82,319.65,1063,3043,1104,3131,1285,1766
6297600,459.22,313.725,462.58,320.025,1067,3064,1101,3135,1286,1764
6297602,458.66,312.825,462.66,321.375,1061,3054,1101,3150,1276,1767
6297604,458.26,313.125,462.34,321.225,1057,3058,1097,3148,1275,1761
6297606,459.22,313.875,462.98,321.375,1067,3067,1104,3150,1275,1762
6297608,458.9,313.575,462.9,321.525,1063,3063,1102,3152,1280,1764
6297610,458.9,314.1,462.1,321.9,1062,3069,1094,3156,1283,1763
6297612,458.5,314.475,462.82,322.05,1058,3073,1101,3159,1281,1761
6297614,459.06,313.125,462.26,322.65,1065,3058,1095,3164,1277,1764
6297616,459.62,313.575,462.58,322.35,1070,3064,1099,3161,1277,1760
6297618,459.38,314.25,462.58,321.975,1068,3071,1099,3158,1278,1762
6297620,459.3,315,462.1,322.425,1067,3080,1094,3162,1282,1762
6297622,459.22,312.9,461.94,322.725,1066,3057,1091,3166,1281,1760
6297624,458.98,314.4,462.1,322.2,1063,3073,1094,3161,1280,1760
6297626,459.3,313.875,462.34,321.75,1067,3068,1097,3155,1282,1762
6297628,459.46,314.7,462.02,322.725,1069,3077,1093,3166,1282,1759
6297630,459.54,314.775,462.26,322.35,1069,3078,1096,3162,1277,1758
6297632,460.18,312.525,462.26,322.5,1077,3053,1096,3164,1280,1761
6297634,459.7,313.575,462.02,322.275,1071,3065,1093,3161,1282,1761
6297636,460.18,314.1,462.26,322.125,1076,3071,1096,3160,1281,1761
6297638,460.26,312.75,462.02,322.2,1078,3056,1093,3161,1280,1758
6297640,458.9,312.9,462.1,322.125,1064,3057,1095,3160,1280,1761
6297642,459.46,312.675,462.02,322.2,1070,3055,1094,3160,1280,1761
6297644,460.58,313.05,461.94,322.2,1082,3059,1093,3160,1276,1761
6297646,460.18,312.675,461.94,321.6,1078,3055,1093,3154,1281,1760
6297648,460.58,312.375,461.7,321.675,1083,3052,1092,3155,1280,1762
6297650,459.94,314.025,461.94,321.375,1075,3070,1094,3151,1277,1756
6297652,460.82,311.775,461.78,321.45,1086,3046,1093,3153,1279,1756
6297654,460.02,312.6,461.54,321.825,1077,3054,1091,3156,1281,1760
6297656,460.26,313.05,461.22,321.9,1081,3059,1088,3157,1277,1759
6297658,459.14,313.725,461.46,321.525,1068,3067,1090,3153,1277,1760
6297660,460.9,312.6,462.1,321.375,1087,3054,1097,3152,1286,1762
6297662,460.02,313.35,461.14,322.425,1078,3063,1087,3163,1280,1759
6297664,459.86,313.8,461.22,322.35,1076,3067,1088,3162,1284,1753
6297666,459.7,312.9,461.54,322.575,1074,3058,1091,3165,1282,1762
6297668,460.02,313.95,461.22,322.725,1078,3069,1088,3167,1281,1756
6297670,460.1,314.4,461.62,323.4,1079,3074,1092,3174,1283,1759
6297672,459.78,313.425,461.46,323.25,1076,3064,1091,3173,1282,1757
6297674,458.98,314.775,461.78,323.85,1067,3078,1093,3180,1283,1761
6297676,459.7,314.4,460.9,324.15,1075,3076,1084,3183,1280,1755
6297678,459.22,314.775,461.38,324.9,1070,3079,1089,3191,1284,1760
6297680,459.3,315.525,461.14,325.05,1070,3088,1087,3194,1280,1756
6297682,458.18,316.8,461.14,324.975,1058,3102,1087,3193,1285,1757
6297684,458.66,315.6,461.94,325.2,1064,3089,1095,3196,1286,1758
6297686,459.38,316.275,461.94,325.35,1071,3097,1095,3198,1282,1756
6297688,458.82,317.925,461.46,325.35,1064,3116,1090,3198,1283,1759
6297690,458.98,317.85,461.38,325.725,1067,3115,1089,3203,1285,1761
6297692,457.94,317.175,461.7,326.7,1055,3108,1092,3214,1285,1763
6297694,458.42,317.1,461.46,326.1,1060,3107,1089,3207,1282,1766
6297696,458.9,316.8,461.78,326.1,1065,3105,1092,3209,1281,1763
6297698,458.98,317.25,461.3,326.475,1066,3110,1087,3213,1284,1765
6297700,458.74,317.475,462.1,325.875,1062,3113,1095,3207,1282,1762
6297702,458.98,317.55,461.7,326.4,1065,3115,1091,3213,1282,1763
6297704,458.58,317.4,461.62,326.7,1060,3114,1089,3217,1282,1761
6297706,457.94,317.625,461.38,326.4,1053,3115,1087,3214,1283,1764
6297708,458.42,319.05,461.54,326.4,1057,3133,1087,3215,1283,1763
6297710,457.94,317.925,461.06,326.1,1052,3120,1082,3211,1288,1763
6297712,457.86,317.4,460.9,326.1,1051,3115,1080,3212,1283,1761
6297714,457.38,319.125,461.14,325.275,1045,3133,1083,3203,1286,1765
6297716,457.62,316.575,460.18,326.025,1048,3106,1072,3211,1284,1760
6297718,457.78,317.475,459.86,325.425,1050,3116,1068,3204,1283,1759
6297720,457.86,318.15,460.66,324.825,1049,3124,1076,3199,1288,1761
6297722,457.38,315.9,460.26,324.525,1045,3099,1072,3195,1290,1765
6297724,457.3,315.9,459.7,324.6,1043,3099,1066,3196,1285,1763
6297726,457.7,317.775,459.22,324.975,1046,3120,1060,3200,1286,1760
6297728,457.06,315.225,459.14,324.75,1040,3092,1059,3197,1290,1762
6297730,457.7,315.45,459.3,325.05,1046,3094,1060,3201,1287,1765
6297732,456.98,316.725,459.06,324.525,1038,3108,1057,3195,1291,1769
6297734,457.38,315.3,458.66,324.675,1042,3092,1053,3196,1285,1766
6297736,456.98,314.775,458.66,324.225,1038,3086,1052,3191,1288,1765
6297738,457.38,316.2,458.58,324.45,1042,3102,1051,3193,1285,1769
6297740,456.74,315.525,458.74,324.9,1034,3093,1052,3198,1285,1768
6297742,457.22,314.775,458.18,325.125,1039,3085,1046,3200,1289,1766
6297744,457.06,315.225,458.9,324.6,1036,3090,1053,3194,1290,1767
6297746,456.5,315.525,458.5,324.45,1031,3093,1049,3192,1284,1768
6297748,457.06,314.4,457.78,324.825,1037,3079,1041,3195,1284,1768
6297750,456.5,314.925,458.74,324.6,1030,3086,1051,3193,1288,1764
6297752,456.58,316.2,457.7,325.2,1030,3098,1039,3198,1288,1767
6297754,456.74,317.025,458.34,324.825,1031,3107,1046,3194,1288,1769
6297756,457.22,315.075,458.5,325.125,1037,3086,1047,3197,1288,1766
6297758,456.98,317.025,458.74,325.5,1034,3107,1049,3201,1288,1769
6297760,456.82,318.375,458.34,324.9,1031,3121,1045,3194,1288,1767
6297762,456.34,316.95,458.26,325.5,1026,3105,1044,3201,1290,1772
6297764,456.26,316.5,458.34,325.65,1025,3099,1044,3202,1283,1764
6297766,456.18,317.25,458.1,325.575,1024,3108,1042,3201,1289,1770
6297768,456.42,318.375,459.22,325.5,1026,3120,1053,3199,1292,1765
6297770,456.98,317.25,457.94,326.175,1032,3107,1040,3206,1290,1769
6297772,456.82,318.3,458.42,326.775,1030,3119,1043,3213,1291,1765
6297774,457.06,318,459.14,326.1,1032,3116,1052,3206,1288,1762
6297776,456.74,319.8,458.58,326.85,1028,3135,1045,3213,1287,1766
6297778,457.06,318.9,458.58,326.7,1032,3125,1045,3212,1289,1766
6297780,456.66,316.875,459.3,327.45,1028,3103,1052,3220,1287,1765
6297782,456.82,319.05,458.9,326.625,1029,3127,1048,3211,1288,1766
6297784,457.06,320.175,458.58,327.075,1031,3139,1044,3216,1290,1766
6297786,456.5,319.35,459.78,327.45,1025,3130,1057,3220,1292,1767
6297788,457.22,319.875,459.06,328.05,1032,3136,1049,3227,1289,1763
6297790,457.3,320.625,459.7,328.05,1033,3145,1056,3228,1290,1767
6297792,457.3,319.2,459.3,327.6,1034,3130,1052,3223,1289,1765
6297794,457.38,320.55,459.94,328.2,1034,3144,1058,3229,1294,1760
6297796,457.22,318.15,460.1,328.125,1033,3118,1060,3229,1286,1762
6297798,456.9,320.85,460.18,328.35,1029,3148,1061,3232,1287,1762
6297800,457.78,320.475,460.9,328.125,1038,3144,1069,3230,1290,1759
6297802,457.38,317.7,460.18,328.725,1035,3114,1061,3237,1289,1761
6297804,457.22,319.65,460.58,328.65,1032,3136,1065,3236,1289,1758
6297806,457.62,318.225,460.9,328.125,1038,3120,1068,3231,1287,1758
6297808,457.14,318.675,460.82,329.175,1032,3126,1068,3243,1286,1757
6297810,457.46,321.15,460.98,328.95,1035,3153,1069,3240,1283,1756
6297812,458.02,320.175,461.14,329.025,1041,3143,1071,3242,1288,1757
6297814,457.46,319.575,461.54,328.575,1036,3136,1076,3237,1292,1756
6297816,458.5,321.15,460.98,328.05,1046,3155,1070,3232,1290,1755
6297818,457.3,320.55,461.3,328.65,1034,3148,1074,3239,1286,1755
6297820,456.82,320.475,461.38,329.025,1030,3147,1075,3244,1290,1753
6297822,457.54,319.65,461.38,328.275,1038,3139,1075,3235,1286,1753
6297824,457.3,320.175,460.98,328.95,1036,3145,1071,3243,1291,1757
6297826,457.46,319.275,461.22,329.25,1038,3135,1075,3246,1292,1754
6297828,457.78,321,461.22,329.1,1042,3155,1075,3245,1284,1751
6297830,457.14,319.95,461.06,328.8,1035,3143,1073,3242,1293,1751
6297832,457.46,319.65,461.38,329.4,1039,3140,1078,3249,1287,1752
6297834,457.22,319.875,461.22,328.5,1037,3143,1076,3239,1285,1752
6297836,457.7,321.15,461.54,328.575,1042,3157,1080,3240,1286,1750
6297838,456.98,320.4,460.98,328.725,1034,3149,1074,3242,1287,1751
6297840,456.9,319.8,460.9,329.25,1035,3143,1074,3248,1290,1750
6297842,456.9,320.7,461.06,328.95,1035,3152,1076,3245,1287,1750
6297844,456.9,321.3,461.06,328.875,1036,3159,1077,3245,1283,1748
6297846,456.42,319.35,461.14,328.875,1031,3138,1078,3245,1290,1744
6297848,457.14,320.775,460.98,329.475,1040,3154,1077,3252,1284,1743
6297850,456.58,320.775,460.58,329.025,1033,3154,1073,3247,1285,1744
6297852,456.26,320.625,460.74,328.8,1031,3152,1075,3244,1289,1744
6297854,455.86,321.6,461.38,328.95,1026,3163,1082,3246,1286,1742
6297856,456.82,320.775,460.74,329.55,1037,3155,1076,3253,1278,1741
6297858,456.42,321.75,461.22,328.575,1033,3166,1081,3242,1285,1740
6297860,456.42,321.975,461.06,328.575,1033,3168,1079,3243,1282,1741
6297862,455.38,322.125,461.22,328.875,1022,3170,1081,3246,1286,1736
6297864,456.02,322.05,461.06,329.25,1028,3170,1079,3251,1279,1740
6297866,455.86,321.45,460.98,328.425,1027,3163,1079,3242,1283,1735
6297868,456.82,321,461.22,329.175,1038,3159,1081,3250,1280,1736
6297870,455.3,321.675,461.06,329.025,1021,3165,1079,3249,1285,1736
6297872,456.1,321.225,461.38,329.25,1030,3161,1083,3252,1282,1732
6297874,456.1,320.55,461.22,328.875,1030,3153,1081,3248,1280,1731
6297876,455.46,321.825,461.22,329.475,1022,3168,1081,3255,1284,1729
6297878,455.38,321.075,460.9,328.875,1022,3159,1078,3248,1282,1728
6297880,456.1,321.975,461.46,328.575,1029,3170,1083,3245,1272,1729
6297882,456.18,321.9,461.3,329.325,1030,3169,1081,3253,1280,1728
6297884,455.54,324.15,461.38,328.425,1022,3195,1082,3243,1275,1728
6297886,455.7,322.575,460.9,329.25,1024,3177,1077,3252,1282,1727
6297888,455.54,322.425,460.66,329.625,1022,3176,1074,3257,1286,1730
6297890,455.38,322.35,461.38,329.4,1020,3175,1081,3255,1273,1724
6297892,455.3,323.25,460.66,329.175,1018,3185,1073,3252,1279,1724
6297894,455.3,322.8,461.3,328.8,1019,3180,1080,3248,1275,1719
6297896,454.58,322.425,461.22,328.95,1011,3176,1079,3251,1277,1722
6297898,455.38,322.125,461.14,328.725,1020,3173,1078,3249,1279,1720
6297900,454.82,321.675,461.38,328.5,1014,3168,1080,3246,1272,1716
6297902,454.9,322.875,461.06,328.875,1014,3182,1076,3250,1280,1718
6297904,455.22,322.875,461.14,328.5,1016,3182,1077,3246,1274,1717
6297906,454.34,322.65,461.14,329.175,1007,3179,1077,3254,1272,1717
6297908,454.98,322.725,460.82,328.8,1014,3181,1073,3250,1270,1713
6297910,453.62,321.9,460.66,328.125,999,3172,1072,3242,1269,1715
6297912,455.54,324.45,460.58,328.125,1018,3201,1070,3243,1270,1710
6297914,454.5,321.45,460.74,328.275,1008,3167,1071,3244,1271,1712
6297916,454.1,321.975,460.18,327.825,1003,3173,1065,3240,1271,1706
6297918,455.14,320.925,460.26,327.375,1015,3162,1066,3235,1269,1708
6297920,454.58,323.25,460.42,328.2,1007,3187,1067,3244,1273,1706
6297922,454.42,323.4,460.02,327.3,1005,3188,1064,3234,1266,1707
6297924,453.7,323.55,460.34,327.45,998,3190,1066,3235,1267,1705
6297926,454.5,321.75,460.02,327.6,1006,3170,1063,3237,1265,1706
6297928,453.7,320.925,459.78,327.225,998,3161,1060,3233,1268,1702
6297930,454.1,323.025,460.1,327,1002,3184,1063,3230,1266,1702
6297932,453.54,322.2,459.54,326.625,996,3174,1057,3226,1269,1701
6297934,453.94,321.225,459.86,326.85,999,3164,1060,3228,1269,1701
6297936,453.62,320.475,459.06,327.225,996,3155,1051,3232,1270,1701
6297938,454.26,323.475,459.62,326.925,1002,3189,1057,3228,1261,1702
6297940,453.7,324.075,459.54,326.55,995,3194,1056,3224,1262,1695
6297942,454.42,320.325,459.46,325.575,1004,3153,1056,3213,1266,1695
6297944,454.26,321.225,459.78,326.325,1002,3163,1059,3221,1267,1690
6297946,454.82,321.375,459.78,326.025,1008,3165,1058,3217,1266,1694
6297948,453.54,319.8,459.78,325.5,995,3146,1058,3212,1266,1691
6297950,454.02,319.5,459.78,325.125,1000,3143,1058,3207,1271,1687
6297952,454.34,321.15,459.86,325.575,1002,3161,1059,3212,1267,1686
6297954,453.3,321.225,459.54,325.575,991,3161,1056,3211,1270,1685
6297956,453.46,319.725,459.7,325.5,993,3144,1057,3210,1268,1687
6297958,454.1,320.7,459.94,324.825,1000,3155,1060,3203,1265,1686
6297960,453.94,318.9,459.22,324.975,998,3135,1052,3204,1263,1687
6297962,454.26,320.4,459.62,325.2,1001,3152,1056,3207,1265,1684
6297964,453.46,322.35,459.38,325.2,992,3173,1054,3206,1264,1682
6297966,453.86,320.4,459.86,325.65,997,3151,1058,3211,1270,1684
6297968,454.02,321.375,459.78,325.65,998,3161,1057,3211,1265,1682
6297970,454.34,321.6,460.02,324.6,1001,3164,1060,3200,1267,1682
6297972,454.02,320.55,459.94,325.8,998,3153,1059,3212,1264,1682
6297974,455.06,321.15,459.94,324.825,1008,3160,1059,3201,1259,1682
6297976,455.14,321.675,460.26,324.9,1009,3165,1062,3202,1261,1679
6297978,454.98,323.4,460.26,325.125,1007,3184,1062,3205,1261,1681
6297980,454.18,321.525,460.5,325.725,999,3163,1064,3211,1264,1677
6297982,455.06,322.2,460.74,325.2,1009,3171,1067,3206,1261,1676
6297984,454.42,323.4,460.5,324.9,1002,3184,1065,3203,1259,1676
6297986,453.86,323.175,460.82,325.125,995,3181,1068,3205,1260,1675
6297988,454.98,322.125,460.9,325.2,1008,3170,1069,3206,1261,1675
6297990,454.98,322.575,460.66,325.275,1007,3176,1067,3207,1257,1674
6297992,455.38,323.925,461.06,325.65,1011,3191,1071,3211,1259,1672
6297994,455.3,322.125,461.86,324.75,1011,3171,1079,3202,1260,1675
6297996,456.9,321.9,463.14,324.675,1028,3169,1093,3202,1260,1675
6297998,457.62,321.075,464.66,324.525,1035,3161,1109,3201,1257,1671
6298000,458.9,318.075,465.3,323.85,1050,3128,1116,3194,1254,1670
6298002,459.38,317.625,465.22,323.25,1055,3123,1115,3187,1256,1670
6298004,459.62,318.075,465.3,323.55,1058,3129,1116,3191,1256,1667
6298006,459.14,317.475,464.74,322.65,1053,3122,1110,3181,1256,1671
6298008,457.7,317.55,464.26,321.9,1038,3123,1105,3173,1254,1665
6298010,458.18,316.65,463.86,321.3,1043,3113,1101,3166,1253,1666
6298012,458.5,315.75,463.3,321.75,1047,3104,1095,3171,1254,1666
6298014,458.26,316.35,462.58,321.3,1044,3109,1088,3166,1250,1668
6298016,457.54,316.5,462.82,321.225,1037,3111,1091,3165,1256,1666
6298018,458.18,316.5,463.06,320.925,1043,3112,1093,3162,1254,1669
6298020,457.3,316.8,462.26,321.75,1034,3115,1085,3171,1251,1666
6298022,457.3,315.9,462.5,321.675,1034,3105,1087,3170,1256,1664
6298024,458.34,316.425,462.34,321.825,1045,3111,1086,3172,1252,1668
6298026,457.86,318.975,462.42,321.825,1039,3139,1087,3172,1251,1665
6298028,457.38,316.5,462.26,321.6,1035,3111,1085,3170,1252,1666
6298030,457.46,317.025,462.9,322.35,1036,3117,1092,3178,1251,1665
6298032,457.38,317.025,462.74,322.2,1036,3117,1090,3176,1253,1663
6298034,457.62,317.85,462.98,321.825,1038,3126,1093,3172,1254,1664
6298036,457.46,316.35,462.9,322.275,1037,3110,1093,3177,1252,1665
6298038,457.54,317.325,463.22,322.575,1038,3121,1096,3180,1250,1660
6298040,456.9,317.925,463.06,322.275,1031,3127,1094,3177,1252,1663
6298042,457.54,318.525,463.14,322.05,1037,3133,1096,3174,1248,1662
6298044,457.62,315.825,462.66,321.45,1040,3103,1090,3168,1249,1655
6298046,457.62,317.625,462.66,321.975,1039,3123,1090,3173,1249,1660
6298048,456.66,316.125,461.94,321.9,1030,3106,1083,3172,1249,1657
6298050,456.74,315.825,462.5,321.675,1030,3103,1089,3170,1251,1655
6298052,456.74,316.875,462.18,321.45,1030,3114,1086,3167,1247,1657
6298054,457.3,318.075,461.7,321.225,1036,3127,1081,3164,1248,1660
6298056,455.94,317.85,462.66,321.9,1022,3125,1091,3171,1245,1652
6298058,457.3,318.225,462.42,321.525,1036,3129,1088,3167,1245,1652
6298060,457.38,318.75,462.5,321.525,1037,3135,1089,3167,1242,1653
6298062,456.34,318.075,462.9,321.825,1026,3127,1093,3171,1246,1652
6298064,456.1,316.95,462.1,321.75,1023,3115,1085,3170,1247,1649
6298066,456.34,317.025,461.86,321.6,1026,3116,1083,3168,1247,1651
6298068,456.42,317.775,462.82,322.125,1026,3123,1092,3174,1242,1653
6298070,456.34,317.625,461.86,321.45,1025,3121,1083,3166,1248,1648
6298072,456.58,317.025,462.5,321.75,1028,3116,1089,3170,1244,1651
6298074,455.78,317.175,462.1,322.05,1019,3117,1085,3173,1244,1649
6298076,455.62,319.125,462.18,321.45,1017,3138,1085,3166,1247,1647
6298078,456.58,318.525,462.18,321.6,1027,3132,1085,3167,1244,1646
6298080,455.3,317.925,462.42,322.125,1014,3125,1088,3174,1242,1645
6298082,456.18,318.3,462.26,321.975,1023,3129,1086,3172,1243,1647
6298084,456.34,317.4,462.34,321.825,1024,3120,1086,3171,1244,1644
6298086,456.42,320.025,462.18,321.975,1024,3149,1085,3172,1244,1641
6298088,455.54,319.275,462.42,322.35,1016,3140,1087,3177,1245,1642
6298090,456.74,318.3,461.62,321.75,1028,3130,1079,3169,1246,1642
6298092,455.86,318.9,461.62,321.9,1019,3136,1078,3171,1241,1639
6298094,456.42,317.1,462.34,321.45,1025,3116,1087,3167,1240,1644
6298096,456.82,317.775,461.86,321.75,1029,3125,1080,3170,1240,1638
6298098,456.74,317.475,462.02,321.525,1028,3121,1083,3168,1237,1639
6298100,456.34,317.775,462.42,321.825,1023,3124,1085,3171,1243,1639
6298102,456.42,316.725,462.5,320.925,1024,3113,1087,3161,1242,1637
6298104,456.42,317.925,462.1,321.6,1023,3127,1082,3169,1237,1635
6298106,456.42,317.7,462.58,321.075,1023,3124,1087,3163,1242,1640
6298108,456.42,318.3,462.26,321.075,1023,3130,1084,3163,1236,1638
6298110,456.1,318.225,462.58,321.375,1020,3129,1087,3166,1241,1633
6298112,456.26,317.775,462.26,320.925,1021,3125,1083,3162,1234,1634
6298114,457.22,317.475,462.1,320.85,1031,3122,1082,3161,1237,1635
6298116,455.7,318.375,462.42,321.3,1015,3132,1085,3166,1236,1632
6298118,455.86,317.55,462.66,320.7,1016,3123,1087,3159,1240,1637
6298120,456.58,317.25,462.98,320.85,1024,3120,1090,3162,1236,1634
6298122,456.42,318.15,462.5,321.45,1022,3130,1084,3168,1238,1630
6298124,456.1,318.225,462.5,321.225,1018,3130,1085,3166,1238,1633
6298126,455.94,318.525,462.5,321.45,1017,3133,1084,3168,1234,1630
6298128,456.9,317.85,462.74,321.375,1027,3127,1088,3167,1232,1630
6298130,456.18,317.925,462.74,320.55,1020,3127,1087,3158,1236,1632
6298132,456.18,318.825,462.98,321.15,1018,3137,1090,3165,1238,1630
6298134,455.86,318.825,462.5,320.85,1015,3137,1085,3162,1235,1632
6298136,456.02,320.55,462.58,320.925,1016,3156,1085,3162,1236,1632
6298138,457.06,317.4,462.18,321.45,1028,3121,1081,3168,1237,1631
6298140,456.18,317.55,462.26,320.85,1019,3123,1082,3161,1232,1630
6298142,456.26,319.2,462.82,321,1019,3141,1087,3163,1229,1626
6298144,455.46,318.75,462.58,320.925,1011,3136,1085,3162,1234,1625
6298146,456.26,317.25,462.5,320.55,1020,3119,1085,3158,1238,1628
6298148,456.1,318.6,462.34,320.475,1018,3134,1083,3157,1228,1625
6298150,456.74,318.375,462.58,320.475,1024,3132,1086,3157,1235,1628
6298152,456.34,318.75,462.02,319.875,1020,3137,1080,3151,1231,1626
6298154,455.86,318.675,462.42,320.1,1014,3135,1084,3153,1233,1625
6298156,456.34,318.9,462.1,320.475,1019,3138,1080,3158,1232,1626
6298158,456.26,315.375,461.7,320.1,1020,3100,1076,3153,1232,1628
6298160,456.34,317.55,462.5,320.025,1020,3124,1084,3153,1234,1626
6298162,455.86,318.3,462.18,320.325,1015,3131,1081,3156,1233,1624
6298164,456.5,317.25,462.02,320.175,1022,3121,1079,3155,1235,1623
6298166,456.1,317.85,462.66,319.8,1017,3127,1086,3151,1236,1627
6298168,456.66,317.1,462.18,320.1,1024,3119,1081,3154,1233,1622
6298170,456.34,316.575,461.86,319.875,1020,3114,1078,3152,1237,1624
6298172,456.66,317.1,462.1,319.425,1023,3119,1080,3147,1231,1625
6298174,456.1,317.175,462.26,319.8,1018,3120,1081,3152,1236,1622
6298176,456.26,317.55,461.86,319.275,1019,3125,1077,3146,1233,1623
6298178,455.54,317.4,462.26,319.575,1011,3123,1081,3150,1233,1621
6298180,456.34,316.35,462.26,319.5,1020,3112,1081,3149,1232,1620
6298182,456.74,318.15,462.34,319.5,1023,3132,1082,3149,1231,1621
6298184,456.74,318.375,462.26,319.35,1023,3135,1081,3148,1230,1623
6298186,456.5,316.35,462.42,319.725,1021,3113,1083,3152,1235,1621
6298188,456.26,317.7,461.94,319.95,1019,3128,1077,3154,1235,1622
6298190,456.98,317.625,462.9,319.05,1026,3127,1089,3145,1232,1619
6298192,456.74,317.85,462.34,319.5,1024,3130,1082,3150,1231,1621
6298194,456.26,317.55,462.18,319.95,1019,3127,1080,3155,1231,1623
6298196,457.06,317.475,462.18,318.75,1027,3127,1081,3142,1235,1622
6298198,456.9,317.025,462.74,319.5,1026,3122,1086,3150,1228,1619
6298200,456.82,317.175,462.34,319.875,1025,3124,1082,3155,1230,1620
6298202,456.5,317.4,462.42,319.425,1021,3126,1083,3150,1235,1621
6298204,456.82,316.875,462.5,319.875,1024,3121,1083,3156,1228,1622
6298206,457.14,317.55,462.42,320.1,1027,3129,1083,3158,1234,1623
6298208,457.14,316.95,462.02,319.125,1028,3123,1079,3148,1229,1621
6298210,457.3,318.675,462.5,319.875,1029,3141,1083,3156,1227,1621
6298212,456.26,318.075,462.82,319.95,1018,3135,1086,3158,1231,1623
6298214,457.3,317.55,463.06,319.275,1029,3129,1089,3151,1230,1619
6298216,456.9,318.6,462.58,319.65,1024,3141,1083,3154,1229,1620
6298218,456.66,318,462.74,319.05,1021,3134,1086,3148,1231,1619
6298220,456.58,318.375,462.42,319.125,1020,3139,1082,3149,1231,1621
6298222,456.58,318.15,462.18,319.35,1021,3136,1079,3151,1228,1618
6298224,456.98,318,462.26,319.5,1025,3136,1080,3154,1229,1619
6298226,457.46,316.5,462.34,319.275,1030,3119,1080,3151,1232,1622
6298228,457.62,318.225,462.5,319.275,1031,3139,1083,3152,1232,1619
6298230,457.46,317.625,462.82,318.825,1029,3132,1085,3147,1228,1623
6298232,457.22,317.85,462.18,319.2,1027,3134,1079,3151,1231,1620
6298234,457.14,316.65,462.34,319.2,1026,3121,1081,3150,1230,1621
6298236,456.98,316.875,462.66,318.825,1024,3123,1084,3147,1231,1620
6298238,457.46,317.775,462.98,318.6,1029,3133,1087,3145,1230,1623
6298240,456.66,317.25,462.34,318.75,1021,3127,1080,3146,1231,1624
6298242,456.74,317.175,462.58,317.775,1022,3126,1083,3135,1234,1622
6298244,457.06,315.975,462.74,318.6,1026,3114,1084,3144,1236,1621
6298246,456.9,316.5,462.02,318.375,1023,3119,1077,3141,1232,1620
6298248,456.74,315.15,462.58,317.625,1023,3104,1083,3133,1232,1621
6298250,456.58,316.2,462.42,316.95,1020,3116,1082,3126,1235,1623
6298252,456.02,316.65,462.1,317.1,1015,3120,1078,3127,1231,1623
6298254,456.18,316.2,462.58,316.8,1016,3115,1083,3124,1233,1622
6298256,457.7,315.3,462.34,316.275,1033,3105,1081,3118,1229,1623
6298258,456.58,315.9,462.98,316.2,1021,3111,1088,3117,1233,1625
6298260,456.34,316.425,462.66,316.65,1018,3117,1084,3121,1238,1621
6298262,457.06,315.3,462.34,316.65,1027,3105,1082,3121,1232,1623
6298264,456.66,316.275,462.66,317.325,1022,3115,1085,3128,1228,1624
6298266,456.74,314.175,462.74,316.575,1024,3092,1086,3120,1233,1626
6298268,456.58,314.1,462.58,317.25,1022,3090,1084,3128,1229,1622
6298270,457.3,314.55,462.5,316.35,1030,3096,1084,3118,1235,1626
6298272,456.5,315.6,462.58,317.1,1021,3107,1084,3125,1230,1625
6298274,456.82,315.15,463.06,316.5,1024,3102,1089,3119,1233,1625
6298276,456.82,316.5,463.38,316.725,1024,3116,1093,3121,1230,1624
6298278,457.22,315.525,462.98,316.5,1028,3106,1089,3118,1236,1629
6298280,457.86,315.225,462.98,316.725,1035,3102,1090,3121,1231,1627
6298282,457.62,315.15,462.98,316.125,1033,3102,1089,3114,1235,1626
6298284,456.98,315.375,462.58,316.35,1027,3103,1086,3116,1232,1628
6298286,457.46,316.275,462.66,317.25,1031,3113,1086,3126,1233,1626
6298288,456.66,316.275,463.06,316.5,1023,3113,1091,3117,1235,1625
6298290,456.58,317.325,463.14,316.725,1022,3125,1091,3120,1238,1627
6298292,457.62,316.5,463.14,316.95,1034,3116,1091,3123,1236,1627
6298294,457.14,316.5,463.22,316.725,1029,3115,1093,3120,1236,1625
6298296,457.86,316.95,462.74,316.8,1036,3121,1088,3120,1234,1627
6298298,457.54,316.275,463.22,316.2,1033,3113,1093,3114,1235,1626
6298300,457.54,315.975,463.54,317.1,1033,3110,1096,3124,1237,1627
6298302,457.14,316.575,463.06,317.025,1029,3116,1091,3123,1234,1629
6298304,457.78,316.275,463.06,317.025,1036,3113,1091,3123,1232,1628
6298306,457.22,316.95,463.78,317.325,1030,3121,1099,3126,1233,1626
6298308,457.46,316.425,463.54,317.625,1033,3114,1096,3130,1234,1627
6298310,457.78,315,462.9,316.8,1036,3100,1090,3121,1234,1629
6298312,457.86,315.375,463.54,317.175,1037,3104,1096,3125,1234,1630
6298314,457.86,316.65,463.46,316.875,1037,3117,1096,3122,1229,1625
6298316,457.86,315,463.54,317.325,1037,3099,1097,3127,1231,1628
6298318,458.02,315.6,463.46,317.1,1039,3106,1096,3124,1239,1633
6298320,458.02,316.35,463.22,317.475,1039,3115,1093,3129,1236,1628
6298322,457.62,316.875,463.22,317.1,1034,3120,1093,3125,1231,1629
6298324,457.62,316.275,463.3,317.325,1034,3113,1094,3127,1233,1630
6298326,457.14,316.65,462.98,317.325,1029,3117,1091,3127,1232,1633
6298328,457.94,315.9,463.38,316.5,1038,3109,1095,3118,1235,1630
6298330,456.98,314.925,463.06,317.175,1028,3098,1092,3125,1235,1629
6298332,457.3,315.975,463.06,317.025,1031,3110,1091,3123,1234,1629
6298334,458.5,316.05,463.46,316.65,1044,3111,1096,3119,1234,1629
6298336,457.7,316.575,462.74,317.1,1035,3116,1089,3124,1233,1630
6298338,457.3,316.35,462.98,317.1,1032,3113,1091,3124,1233,1629
6298340,457.86,316.125,462.98,316.2,1037,3111,1092,3114,1236,1630
6298342,456.74,315.9,463.22,316.8,1026,3108,1094,3120,1233,1630
6298344,457.06,315.525,462.9,316.8,1030,3104,1090,3120,1230,1631
6298346,458.02,316.2,463.14,316.8,1039,3112,1093,3120,1238,1633
6298348,457.78,317.625,462.9,317.25,1037,3127,1090,3125,1232,1632
6298350,457.3,314.925,463.38,316.875,1032,3097,1095,3121,1239,1629
6298352,456.74,316.65,463.06,317.4,1026,3116,1092,3127,1233,1633
6298354,457.38,316.5,462.66,317.7,1033,3115,1088,3129,1235,1635
6298356,457.78,315.3,462.5,317.4,1038,3102,1086,3126,1239,1633
6298358,458.1,316.275,463.46,316.95,1041,3112,1097,3122,1232,1635
6298360,456.9,315.6,462.74,316.875,1028,3104,1089,3120,1239,1635
6298362,456.98,316.35,462.82,316.95,1029,3113,1091,3121,1236,1635
6298364,457.78,315.3,463.06,317.55,1038,3101,1093,3127,1238,1637
6298366,456.74,316.05,462.42,317.4,1027,3108,1086,3126,1238,1637
6298368,456.74,314.925,462.98,316.875,1028,3096,1092,3120,1241,1635
6298370,457.62,316.05,462.9,316.8,1036,3109,1092,3119,1236,1637
6298372,457.06,315.75,462.82,316.95,1031,3106,1091,3120,1237,1635
6298374,456.98,314.625,462.5,317.175,1031,3093,1088,3123,1235,1639
6298376,456.66,316.875,462.74,317.025,1026,3117,1091,3121,1235,1635
6298378,457.38,315.15,462.74,317.175,1034,3099,1090,3123,1236,1640
6298380,457.46,315.975,462.82,317.25,1035,3108,1092,3123,1241,1638
6298382,457.62,314.55,462.5,316.8,1037,3092,1088,3119,1239,1641
6298384,457.78,315.375,462.5,316.8,1038,3101,1088,3119,1238,1641
6298386,457.14,315.225,463.14,316.5,1032,3100,1094,3115,1244,1644
6298388,457.38,314.925,462.18,316.65,1035,3097,1085,3117,1239,1641
6298390,457.7,315.525,462.58,316.8,1037,3103,1089,3119,1240,1642
6298392,456.9,316.275,462.26,316.725,1029,3111,1085,3118,1240,1645
6298394,456.1,315.375,462.74,316.575,1021,3101,1090,3116,1241,1643
6298396,457.14,315.075,463.06,316.95,1031,3098,1094,3121,1241,1644
6298398,456.58,315.075,462.74,316.2,1026,3098,1090,3112,1242,1647
6298400,457.06,315.075,462.26,316.8,1031,3098,1085,3119,1237,1646
6298402,457.7,314.55,462.42,316.65,1038,3092,1087,3117,1242,1646
6298404,456.58,315.15,462.18,317.175,1025,3099,1083,3123,1238,1646
6298406,456.9,315.375,462.18,316.95,1028,3102,1084,3121,1240,1646
6298408,456.42,314.85,462.9,316.95,1023,3096,1091,3121,1242,1648
6298410,456.98,316.125,462.34,317.175,1028,3110,1084,3123,1239,1649
6298412,456.82,315.075,462.82,316.8,1027,3099,1090,3120,1239,1649
6298414,456.98,315.225,462.66,317.175,1029,3100,1088,3123,1241,1648
6298416,456.58,316.65,462.82,316.425,1023,3116,1089,3116,1240,1649
6298418,456.34,315.75,462.26,317.325,1021,3106,1082,3126,1240,1649
6298420,457.06,315.75,462.98,317.475,1028,3107,1090,3127,1239,1652
6298422,456.66,316.65,462.26,317.1,1023,3116,1082,3124,1239,1653
6298424,456.18,315.225,462.58,318.225,1019,3101,1085,3136,1240,1653
6298426,456.18,317.475,462.66,317.7,1018,3125,1086,3130,1242,1651
6298428,456.34,316.35,462.98,317.625,1021,3113,1090,3130,1237,1651
6298430,457.14,317.1,463.14,317.475,1029,3122,1092,3128,1243,1652
6298432,456.34,316.575,462.98,317.175,1020,3116,1090,3125,1240,1655
6298434,457.22,316.125,463.06,317.4,1030,3111,1091,3127,1241,1652
6298436,457.14,317.025,462.34,317.4,1029,3121,1084,3127,1242,1658
6298438,456.26,317.55,462.74,317.7,1019,3127,1087,3131,1237,1655
6298440,457.54,316.35,462.34,316.95,1033,3114,1083,3122,1244,1655
6298442,456.66,317.925,462.74,317.1,1023,3132,1088,3124,1243,1660
6298444,456.18,315.225,462.98,317.1,1019,3102,1090,3124,1244,1659
6298446,457.14,314.775,462.82,317.025,1029,3097,1088,3123,1238,1657
6298448,456.42,315.45,462.9,316.575,1021,3104,1089,3119,1245,1655
6298450,456.66,315.675,462.74,316.125,1024,3107,1088,3114,1244,1661
6298452,456.98,314.325,462.74,317.1,1027,3092,1087,3124,1242,1657
6298454,457.14,316.05,462.82,316.5,1029,3111,1088,3118,1241,1660
6298456,456.1,314.625,462.74,316.2,1018,3095,1087,3115,1242,1661
6298458,456.66,314.925,462.82,316.2,1024,3098,1088,3115,1238,1657
6298460,456.98,315.225,462.82,315.975,1027,3102,1089,3112,1241,1660
6298462,456.26,314.1,462.66,315.975,1019,3089,1087,3112,1241,1662
6298464,456.74,313.2,463.06,315.9,1025,3080,1091,3111,1243,1664
6298466,456.82,313.875,462.98,315.225,1026,3087,1090,3104,1242,1662
6298468,456.02,313.875,462.58,315.825,1017,3087,1086,3110,1244,1665
6298470,456.58,313.875,462.66,315.3,1023,3087,1086,3105,1241,1663
6298472,456.98,313.8,463.22,315.525,1027,3086,1092,3107,1247,1665
6298474,456.74,312.45,463.22,314.85,1025,3071,1093,3100,1250,1667
6298476,457.06,313.125,463.22,315.45,1028,3079,1092,3107,1249,1668
6298478,455.94,313.35,462.98,316.125,1016,3080,1090,3114,1247,1667
6298480,456.1,313.875,463.22,316.125,1017,3087,1091,3114,1247,1666
6298482,455.86,314.475,462.82,315.75,1014,3093,1087,3110,1248,1665
6298484,456.34,314.4,463.22,316.8,1019,3093,1091,3122,1247,1668
6298486,456.26,313.95,463.3,316.425,1019,3088,1092,3117,1257,1672
6298488,456.58,315.6,463.22,317.325,1021,3106,1091,3128,1248,1669
6298490,456.66,314.475,463.94,317.475,1022,3094,1098,3129,1253,1671
6298492,456.42,314.4,463.3,316.875,1020,3093,1092,3122,1252,1671
6298494,456.34,315.9,463.7,317.325,1018,3110,1095,3128,1252,1670
6298496,455.78,314.85,463.94,318.075,1013,3098,1098,3137,1250,1670
6298498,456.18,316.2,463.3,318.225,1017,3113,1092,3138,1249,1673
6298500,456.02,316.275,463.54,317.85,1014,3114,1094,3134,1252,1673
6298502,455.86,315.675,464.1,318.075,1013,3108,1100,3137,1248,1673
6298504,456.42,315.9,463.94,318.225,1019,3111,1097,3139,1252,1673
6298506,455.14,315.3,464.02,317.775,1005,3104,1098,3134,1251,1676
6298508,456.18,315.9,464.02,318.225,1016,3112,1098,3139,1248,1676
6298510,456.02,316.875,463.94,318,1014,3122,1097,3138,1247,1676
6298512,455.62,316.875,463.94,318.225,1009,3123,1097,3140,1248,1676
6298514,454.98,316.875,464.18,318.075,1003,3122,1099,3138,1253,1673
6298516,454.98,317.025,463.78,318.375,1002,3124,1095,3142,1248,1675
6298518,456.1,317.325,463.94,318.6,1014,3128,1097,3145,1257,1678
6298520,455.7,315.75,463.78,318.6,1010,3110,1094,3145,1250,1676
6298522,454.98,315.6,464.18,317.4,1002,3109,1099,3132,1253,1680
6298524,455.7,315.675,464.1,318.15,1010,3110,1098,3141,1250,1680
6298526,455.38,316.275,464.02,318.3,1007,3116,1097,3142,1252,1679
6298528,453.62,317.55,463.94,317.55,988,3130,1096,3134,1255,1678
6298530,454.42,314.775,463.94,317.55,997,3099,1096,3134,1250,1680
6298532,454.98,316.125,463.86,316.875,1002,3114,1096,3126,1256,1681
6298534,454.66,315.975,463.78,317.85,999,3113,1095,3136,1256,1679
6298536,455.06,315.525,463.62,317.4,1003,3107,1093,3131,1255,1679
6298538,454.82,314.1,464.02,316.875,1002,3092,1097,3126,1256,1681
6298540,453.94,315.45,464.02,316.875,991,3106,1097,3125,1257,1683
6298542,454.1,314.625,463.46,316.425,993,3097,1091,3120,1258,1680
6298544,454.42,315.225,463.7,315.975,996,3103,1093,3115,1255,1682
6298546,454.34,313.575,463.54,316.425,996,3085,1092,3119,1256,1680
6298548,454.26,313.8,463.38,316.275,995,3086,1090,3117,1253,1683
6298550,454.42,313.275,462.98,315.6,997,3080,1086,3109,1256,1682
6298552,453.06,312.375,463.7,316.125,982,3070,1093,3114,1262,1680
6298554,453.62,312.525,463.3,316.125,988,3071,1089,3114,1260,1686
6298556,453.54,313.275,462.82,316.425,987,3079,1084,3116,1258,1686
6298558,453.54,312.15,462.9,315.45,988,3066,1085,3106,1258,1687
6298560,453.94,312.3,463.14,316.125,992,3067,1087,3112,1259,1683
6298562,453.7,314.325,463.06,315.75,989,3089,1087,3107,1259,1686
6298564,454.02,312.675,463.3,316.5,993,3070,1089,3115,1262,1684
6298566,453.3,312,463.3,316.275,985,3062,1089,3113,1259,1686
6298568,453.62,311.325,463.14,316.425,989,3053,1087,3113,1262,1687
6298570,452.74,314.025,463.62,316.95,979,3083,1092,3119,1260,1686
6298572,453.46,313.425,463.7,317.1,986,3075,1093,3119,1263,1688
6298574,453.7,314.4,463.54,316.875,988,3086,1091,3117,1259,1686
6298576,454.9,313.425,463.62,317.55,1002,3075,1092,3123,1259,1688
6298578,453.3,313.65,464.02,317.325,984,3076,1097,3121,1264,1690
6298580,453.3,314.25,464.18,317.7,985,3083,1097,3124,1263,1694
6298582,453.14,314.7,463.7,318.15,982,3088,1093,3130,1266,1693
6298584,454.26,316.425,464.66,317.625,994,3106,1103,3123,1266,1693
6298586,453.38,315.525,464.42,318.6,985,3096,1100,3134,1265,1692
6298588,454.42,315.375,464.42,318.075,996,3094,1101,3127,1267,1695
6298590,454.58,317.175,464.58,317.7,998,3114,1103,3123,1268,1694
6298592,453.62,316.875,464.5,318.675,988,3110,1102,3133,1264,1693
6298594,454.18,315.975,463.94,318.375,995,3100,1097,3130,1269,1695
6298596,453.94,317.1,464.66,318.15,992,3112,1105,3127,1268,1695
6298598,454.26,315.45,464.58,318.45,996,3094,1104,3131,1265,1694
6298600,454.98,312.75,464.42,318.075,1005,3064,1103,3127,1262,1698
6298602,453.78,315.3,464.66,318.3,992,3092,1105,3129,1268,1693
6298604,454.26,314.85,464.66,318.45,997,3087,1106,3131,1267,1695
6298606,454.58,314.4,464.98,317.775,1001,3082,1110,3123,1265,1696
6298608,454.26,315.3,464.82,318.225,998,3092,1108,3128,1270,1695
6298610,454.42,312.975,465.22,317.925,1001,3067,1113,3125,1267,1698
6298612,454.58,315,464.9,318.225,1002,3089,1110,3128,1271,1696
6298614,454.5,315.15,464.82,317.925,1001,3091,1109,3125,1270,1695
6298616,455.38,314.1,465.38,317.55,1012,3079,1116,3121,1265,1698
6298618,454.82,314.1,465.38,317.85,1006,3080,1115,3125,1268,1701
6298620,455.3,315.6,465.54,318.075,1011,3096,1118,3127,1267,1698
6298622,454.66,314.475,465.62,317.775,1005,3083,1119,3123,1267,1701
6298624,454.82,316.425,465.14,317.775,1007,3105,1115,3124,1265,1700
6298626,455.14,314.1,465.46,317.55,1011,3079,1118,3121,1270,1699
6298628,455.14,314.85,465.62,317.775,1011,3088,1121,3124,1271,1705
6298630,454.58,315.375,465.06,317.55,1006,3093,1115,3121,1274,1702
6298632,455.14,313.95,465.38,318.3,1013,3078,1119,3129,1275,1703
6298634,455.3,315.075,465.54,317.775,1014,3090,1121,3124,1269,1705
6298636,454.34,314.925,465.46,318.15,1005,3089,1121,3128,1269,1706
6298638,454.02,314.475,465.3,318.525,1002,3084,1120,3132,1270,1704
6298640,453.94,314.775,465.14,318.675,1001,3087,1119,3134,1268,1705
6298642,453.62,315.75,465.3,318.3,998,3097,1120,3130,1272,1707
6298644,454.1,314.1,465.22,318.45,1004,3080,1120,3131,1271,1706
6298646,453.78,317.025,465.38,317.325,1000,3112,1122,3119,1271,1705
6298648,454.26,314.7,465.06,318.675,1006,3087,1119,3134,1268,1707
6298650,453.62,316.35,465.38,318.525,999,3104,1123,3132,1277,1708
6298652,453.62,314.925,465.38,318.525,1001,3089,1124,3133,1269,1708
6298654,453.7,315.675,465.46,318.9,1001,3097,1124,3137,1270,1708
6298656,454.34,315.3,465.38,318.15,1009,3094,1124,3129,1276,1709
6298658,453.7,314.775,465.22,318.3,1002,3088,1123,3131,1274,1710
6298660,453.46,316.05,464.9,318.45,1000,3103,1120,3132,1271,1711
6298662,453.86,315.375,465.14,318.6,1004,3095,1122,3134,1274,1709
6298664,454.02,315.525,464.98,318.975,1007,3097,1121,3139,1273,1712
6298666,452.98,316.575,464.98,318.525,996,3108,1122,3134,1273,1712
6298668,453.78,314.55,464.66,318.675,1005,3087,1118,3136,1277,1711
6298670,453.86,314.475,464.58,318.6,1006,3085,1118,3135,1274,1713
6298672,453.3,314.325,465.06,318.225,1001,3084,1123,3131,1276,1714
6298674,452.5,316.425,464.74,317.7,991,3107,1120,3125,1272,1715
6298676,453.54,315.45,464.18,318.75,1003,3098,1114,3138,1279,1711
6298678,454.02,315.6,464.18,318.225,1008,3099,1114,3132,1276,1718
6298680,452.74,315.375,464.74,318.45,995,3097,1120,3135,1274,1713
6298682,453.3,316.275,464.58,318.525,1000,3107,1118,3135,1279,1716
6298684,453.54,314.7,464.26,318,1003,3090,1115,3130,1276,1717
6298686,452.5,317.1,464.98,317.7,991,3116,1122,3127,1281,1718
6298688,453.54,315.9,464.02,317.775,1003,3103,1113,3128,1283,1718
6298690,453.54,315.75,464.1,317.325,1002,3102,1113,3123,1281,1718
6298692,453.06,317.625,464.82,317.85,997,3123,1120,3130,1278,1720
6298694,453.14,314.1,464.18,317.925,999,3084,1114,3131,1277,1722
6298696,453.46,313.575,464.42,317.85,1002,3079,1116,3130,1282,1720
6298698,452.66,316.35,464.42,317.625,992,3110,1116,3127,1278,1721
6298700,453.22,315.825,464.34,317.625,998,3104,1115,3128,1279,1721
6298702,453.14,314.85,464.18,317.7,998,3093,1113,3128,1277,1720
6298704,452.1,316.05,464.34,317.7,985,3106,1114,3129,1274,1721
6298706,452.98,313.65,464.26,317.1,996,3080,1114,3122,1275,1722
6298708,453.22,314.4,464.02,317.325,997,3088,1110,3125,1279,1723
6298710,453.3,315,464.34,317.925,997,3095,1113,3131,1276,1720
6298712,453.46,315.675,464.26,317.25,999,3103,1111,3124,1279,1725
6298714,452.58,313.65,464.34,317.175,989,3080,1113,3123,1281,1724
6298716,452.34,316.8,464.5,317.55,985,3116,1113,3128,1279,1726
6298718,452.34,313.8,464.18,316.95,987,3082,1110,3121,1285,1726
6298720,452.66,315.9,464.02,316.95,988,3105,1108,3121,1278,1726
6298722,452.74,315.075,464.34,318,989,3096,1110,3133,1279,1727
6298724,452.66,315.3,463.86,318.075,988,3099,1105,3133,1279,1727
6298726,452.5,314.85,463.78,317.4,986,3094,1105,3126,1278,1723
6298728,452.58,315.3,464.18,317.1,986,3099,1108,3123,1280,1725
6298730,452.74,315.75,463.86,316.875,988,3104,1105,3120,1277,1726
6298732,452.26,315.825,464.5,316.2,982,3104,1111,3113,1284,1730
6298734,452.82,314.1,463.94,316.725,989,3085,1105,3118,1280,1728
6298736,452.02,314.475,463.94,317.1,979,3089,1104,3123,1279,1728
6298738,452.18,315.225,463.86,316.05,981,3098,1103,3111,1282,1730
6298740,453.22,313.725,463.7,316.35,991,3081,1101,3114,1278,1730
6298742,452.02,315.6,464.42,316.35,978,3102,1109,3114,1279,1730
6298744,452.74,315.825,464.26,315.975,985,3104,1107,3110,1282,1730
6298746,452.66,312.6,463.7,315.6,985,3069,1101,3105,1285,1731
6298748,452.74,314.1,463.7,316.2,985,3085,1100,3112,1280,1729
6298750,452.18,315.15,463.78,315.6,979,3096,1101,3105,1279,1732
6298752,452.5,312.375,463.54,315.9,983,3065,1098,3108,1280,1733
6298754,452.66,313.275,464.1,315.9,984,3075,1104,3108,1281,1731
6298756,452.18,312.525,463.94,315.375,979,3067,1102,3102,1284,1733
6298758,452.02,311.85,463.62,315.75,978,3059,1099,3106,1287,1730
6298760,452.5,311.85,463.86,315.75,982,3059,1100,3106,1285,1730
6298762,452.02,312.975,463.86,315.15,976,3072,1100,3100,1283,1735
6298764,452.82,314.25,464.1,314.925,984,3085,1103,3097,1286,1736
6298766,452.5,312.6,463.54,316.125,981,3067,1096,3109,1286,1737
6298768,452.58,312.15,464.02,315.45,982,3062,1101,3102,1285,1733
6298770,452.02,312.6,464.1,315.675,976,3066,1102,3105,1289,1734
6298772,452.1,313.65,463.7,316.35,976,3078,1097,3111,1283,1736
6298774,452.58,312.45,463.38,316.5,981,3065,1094,3113,1281,1736
6298776,453.06,312.675,463.78,316.275,986,3067,1098,3111,1284,1733
6298778,452.66,312.075,464.58,316.125,982,3061,1107,3109,1282,1739
6298780,453.14,313.2,464.5,316.8,987,3073,1105,3117,1286,1735
6298782,452.74,315.525,464.34,317.325,981,3099,1103,3123,1288,1736
6298784,453.14,313.65,464.74,318.075,986,3078,1107,3131,1288,1744
6298786,452.74,313.575,464.74,317.1,982,3077,1107,3120,1293,1743
6298788,452.98,313.875,464.42,317.7,984,3081,1104,3127,1290,1740
6298790,453.54,314.1,465.3,317.475,990,3084,1113,3125,1282,1745
6298792,453.7,314.1,464.98,318.225,992,3084,1109,3133,1285,1742
6298794,452.66,315.6,464.98,317.55,980,3100,1110,3126,1283,1738
6298796,453.3,314.7,465.3,318.375,987,3091,1113,3136,1289,1745
6298798,453.38,315.075,465.22,317.7,988,3095,1112,3128,1292,1741
6298800,452.42,316.725,464.9,317.7,977,3113,1108,3128,1290,1747
6298802,454.34,313.575,465.22,317.625,998,3079,1112,3128,1288,1747
6298804,453.78,313.05,465.46,318.375,992,3074,1113,3136,1285,1747
6298806,453.62,313.95,465.54,317.4,990,3084,1115,3126,1284,1741
6298808,453.06,314.1,465.7,317.325,984,3086,1116,3126,1286,1740
6298810,453.86,313.35,465.46,317.625,992,3078,1114,3128,1292,1741
6298812,453.3,315.075,465.54,318.15,986,3097,1113,3135,1289,1743
6298814,453.94,315.45,465.78,317.325,992,3101,1117,3126,1290,1746
6298816,453.22,313.575,465.46,317.475,985,3081,1113,3128,1291,1744
6298818,453.7,314.25,466.02,319.125,990,3088,1118,3146,1288,1752
6298820,453.7,315.15,465.22,317.25,989,3099,1110,3126,1280,1741
6298822,453.3,315.525,465.7,318.75,985,3103,1114,3142,1286,1749
6298824,454.58,314.175,465.7,318.225,998,3089,1114,3137,1288,1748
6298826,453.14,314.925,465.22,318.375,983,3096,1109,3138,1287,1748
6298828,453.54,316.5,465.38,317.625,987,3114,1111,3131,1287,1745
6298830,453.22,313.725,465.78,318.45,984,3083,1115,3140,1289,1753
6298832,453.14,314.175,465.38,317.55,983,3089,1111,3130,1289,1743
6298834,452.66,315.225,464.9,317.475,978,3100,1106,3129,1286,1748
6298836,453.22,314.025,464.9,317.475,984,3088,1105,3129,1286,1750
6298838,452.34,313.875,464.42,318,975,3085,1100,3135,1287,1747
6298840,452.82,315.6,464.58,317.85,979,3105,1102,3134,1288,1747
6298842,453.38,312.9,464.5,317.925,986,3076,1101,3134,1290,1749
6298844,452.74,314.025,464.82,318.3,978,3088,1104,3139,1287,1750
6298846,452.18,313.65,464.34,318.375,972,3083,1098,3139,1291,1748
6298848,452.42,312.45,464.42,318.975,975,3071,1098,3147,1288,1753
6298850,452.02,314.1,464.02,316.875,970,3088,1096,3124,1289,1750
6298852,452.5,312.6,463.86,317.625,975,3072,1093,3131,1292,1749
6298854,452.5,312.525,464.34,317.325,975,3071,1099,3128,1287,1752
6298856,452.1,314.7,463.7,317.775,970,3096,1091,3133,1285,1751
6298858,452.5,315,463.86,317.325,974,3099,1093,3129,1287,1750
6298860,452.82,311.55,463.7,318.375,979,3061,1090,3140,1286,1751
6298862,451.7,311.775,463.38,317.325,966,3063,1088,3128,1289,1749
6298864,452.18,314.475,463.78,318.3,971,3093,1091,3139,1289,1754
6298866,451.78,313.2,463.38,316.725,967,3079,1088,3121,1288,1752
6298868,452.66,312.6,463.38,317.55,976,3072,1087,3131,1289,1749
6298870,452.9,312.225,463.7,317.1,979,3068,1091,3126,1290,1755
6298872,452.34,312.975,463.54,317.55,972,3076,1088,3131,1287,1751
6298874,451.78,312.9,464.1,317.175,967,3075,1095,3126,1291,1752
6298876,452.98,313.05,463.7,317.625,978,3077,1090,3132,1292,1752
6298878,452.1,313.8,463.7,317.475,969,3085,1090,3129,1289,1752
6298880,452.58,311.85,464.42,318.3,974,3064,1097,3139,1290,1750
6298882,452.58,314.1,464.42,317.625,974,3089,1097,3132,1294,1759
6298884,452.5,314.175,464.02,317.4,973,3089,1093,3129,1294,1758
6298886,452.1,314.025,464.82,318.375,969,3087,1102,3140,1299,1756
6298888,452.82,313.95,464.26,318.675,976,3087,1095,3143,1294,1755
6298890,452.18,313.875,463.78,318.6,969,3086,1090,3142,1295,1759
6298892,452.74,314.4,464.18,318.15,976,3092,1095,3137,1290,1756
6298894,453.7,314.025,464.02,316.95,986,3088,1094,3124,1293,1755
6298896,452.26,314.475,464.82,317.625,971,3093,1102,3132,1296,1762
6298898,451.86,312.225,465.46,318.375,967,3067,1109,3140,1294,1759
6298900,453.62,313.125,464.58,317.625,986,3078,1100,3131,1296,1754
6298902,451.94,312.825,464.58,316.875,968,3074,1100,3123,1294,1760
6298904,453.06,313.5,465.14,318.45,980,3082,1105,3140,1293,1763
6298906,453.14,313.8,464.82,317.1,980,3086,1102,3126,1290,1754
6298908,453.22,314.025,465.06,316.575,981,3088,1105,3120,1292,1758
6298910,453.62,312.3,464.58,317.55,987,3069,1100,3131,1290,1761
6298912,452.98,312.225,464.82,316.35,980,3068,1103,3117,1294,1759
6298914,452.66,313.05,464.66,317.175,976,3077,1102,3127,1292,1761
6298916,454.1,312.825,464.74,316.275,992,3075,1103,3116,1290,1762
6298918,452.58,312.825,464.58,314.85,976,3075,1102,3101,1293,1761
6298920,454.58,312.075,465.3,315.9,998,3066,1110,3112,1292,1764
6298922,452.42,312.375,465.22,315.45,975,3069,1109,3107,1291,1764
6298924,453.22,312.675,464.98,314.85,984,3072,1107,3100,1293,1768
6298926,453.78,311.85,465.06,316.2,991,3063,1108,3115,1291,1765
6298928,453.78,310.5,464.74,315.3,992,3048,1106,3105,1293,1763
6298930,453.22,312.3,464.42,314.925,985,3068,1103,3100,1294,1764
6298932,454.02,310.8,465.22,314.85,995,3051,1111,3099,1292,1763
6298934,453.62,311.7,464.5,315.975,990,3061,1103,3112,1291,1765
6298936,453.7,312.6,464.26,314.775,992,3070,1102,3098,1297,1763
6298938,453.94,312.225,464.74,315.225,994,3066,1107,3103,1296,1769
6298940,453.46,312.375,464.34,315.75,990,3068,1103,3108,1294,1763
6298942,454.18,313.125,465.22,314.325,997,3076,1112,3093,1291,1768
6298944,453.3,312.375,464.26,315.225,989,3067,1103,3102,1294,1767
6298946,452.9,313.35,464.34,315.3,984,3078,1104,3103,1294,1767
6298948,454.18,311.775,464.66,315.075,998,3060,1108,3100,1296,1764
6298950,454.26,311.7,464.74,315,999,3060,1108,3100,1294,1766
6298952,452.66,313.125,464.34,315.75,983,3074,1105,3107,1300,1767
6298954,454.1,313.35,464.58,315.15,998,3077,1108,3100,1294,1766
6298956,452.98,312.6,464.34,315.525,987,3068,1105,3104,1298,1774
6298958,453.7,312.825,464.5,315.975,995,3071,1108,3109,1295,1768
6298960,453.38,313.125,464.18,315.075,992,3074,1105,3099,1296,1766
6298962,453.62,312.3,464.42,316.275,994,3065,1107,3112,1297,1773
6298964,453.46,310.95,464.1,315.975,994,3050,1104,3108,1299,1772
6298966,452.82,313.2,464.34,314.775,986,3074,1107,3096,1298,1775
6298968,452.9,312.9,464.5,315.45,987,3071,1109,3103,1298,1769
6298970,453.78,311.175,463.94,315.75,998,3052,1103,3106,1294,1775
6298972,453.86,312.45,464.18,315.075,998,3067,1105,3098,1300,1769
6298974,453.3,312.825,464.26,315.075,992,3070,1106,3099,1299,1771
6298976,453.86,311.625,463.86,315.975,998,3058,1102,3109,1294,1776
6298978,453.86,312.675,463.78,314.4,998,3069,1102,3091,1299,1771
6298980,453.38,312.3,463.86,315.375,993,3064,1103,3102,1294,1773
6298982,452.98,313.275,463.94,315.9,989,3075,1104,3107,1299,1776
6298984,453.94,312.3,463.94,315.45,1000,3064,1104,3102,1298,1776
6298986,453.14,312.375,463.62,314.4,992,3065,1101,3091,1303,1776
6298988,453.86,314.025,463.46,315.15,999,3084,1100,3099,1300,1775
6298990,453.78,312.375,463.38,313.725,998,3065,1099,3084,1301,1778
6298992,452.9,312.45,463.54,312.675,989,3065,1101,3072,1305,1776
6298994,454.18,309.975,463.86,313.95,1004,3039,1105,3086,1300,1780
6298996,452.58,312.675,463.62,312.975,986,3068,1102,3076,1299,1780
6298998,452.9,311.55,463.38,312.375,990,3056,1100,3069,1299,1777
6299000,452.66,310.5,463.62,313.35,988,3044,1102,3079,1300,1780
6299002,453.22,310.575,463.38,312.375,994,3045,1100,3069,1295,1780
6299004,453.3,311.25,463.22,312.15,994,3053,1098,3066,1303,1776
6299006,453.86,311.625,463.14,313.2,1000,3057,1097,3077,1299,1779
6299008,453.06,311.625,463.14,312.75,991,3057,1097,3072,1296,1777
6299010,453.62,312.225,462.9,312.675,997,3063,1094,3072,1302,1779
6299012,453.86,311.625,463.38,313.35,1000,3056,1099,3079,1300,1782
6299014,453.62,311.25,463.22,313.275,997,3053,1098,3078,1303,1784
6299016,453.06,312.9,463.38,314.7,991,3071,1099,3094,1298,1787
6299018,452.98,313.275,463.7,313.95,990,3075,1102,3085,1299,1783
6299020,453.54,312.375,462.98,314.475,996,3065,1095,3091,1301,1785
6299022,453.94,311.475,463.14,314.25,1001,3055,1097,3088,1298,1787
6299024,452.66,313.5,463.14,314.025,987,3077,1097,3086,1302,1783
6299026,453.38,313.425,463.14,314.025,995,3076,1097,3086,1301,1785
6299028,453.54,312.75,463.22,314.55,996,3069,1098,3092,1303,1784
6299030,452.9,313.05,463.06,315.375,989,3072,1096,3101,1304,1785
6299032,453.22,313.125,462.9,314.325,992,3073,1094,3089,1304,1787
6299034,453.22,313.65,462.98,314.4,992,3079,1095,3090,1300,1789
6299036,453.38,312.075,463.14,314.55,994,3062,1096,3093,1305,1787
6299038,454.34,313.05,462.98,314.25,1004,3073,1095,3089,1302,1785
6299040,454.18,311.775,462.98,314.25,1002,3059,1095,3089,1302,1787
6299042,453.7,313.2,462.82,313.575,997,3074,1093,3081,1308,1789
6299044,454.18,312.675,462.9,313.875,1003,3069,1093,3085,1303,1787
6299046,453.7,311.775,463.38,313.65,997,3059,1098,3082,1306,1790
6299048,454.18,313.2,462.58,313.875,1002,3075,1090,3085,1305,1784
6299050,453.78,312.975,462.66,312.675,998,3073,1091,3072,1304,1788
6299052,453.7,311.55,462.34,313.5,997,3057,1088,3081,1303,1793
6299054,453.46,312.6,462.74,312.975,994,3068,1092,3075,1302,1790
6299056,453.06,311.625,461.94,312.825,991,3058,1084,3074,1305,1795
6299058,453.62,312.225,462.58,312.9,996,3065,1091,3075,1302,1791
6299060,453.14,312,461.7,312.825,992,3062,1081,3074,1298,1794
6299062,453.86,311.7,462.02,312.375,999,3059,1084,3069,1304,1791
6299064,453.7,311.625,462.1,311.925,997,3058,1085,3064,1301,1796
6299066,453.7,310.8,462.1,312.225,997,3049,1085,3067,1307,1795
6299068,454.1,311.4,462.1,311.7,1001,3056,1085,3062,1304,1793
6299070,453.46,312.15,461.62,310.575,994,3064,1080,3049,1305,1796
6299072,454.1,311.025,462.42,311.925,1001,3052,1088,3065,1304,1797
6299074,454.5,311.55,461.78,311.1,1005,3057,1082,3055,1307,1797
6299076,453.78,311.175,461.78,311.475,997,3053,1082,3060,1303,1796
6299078,454.1,311.175,461.46,310.95,1001,3054,1078,3054,1304,1801
6299080,453.7,310.425,461.94,311.025,997,3045,1084,3054,1304,1795
6299082,453.14,311.325,461.94,310.725,991,3054,1083,3051,1311,1803
6299084,453.7,311.475,461.7,311.175,997,3056,1081,3056,1307,1806
6299086,453.7,311.1,461.54,311.1,997,3052,1080,3055,1307,1807
6299088,453.62,311.7,461.46,311.175,996,3058,1079,3056,1309,1808
6299090,454.1,311.325,461.46,311.4,1002,3055,1079,3058,1308,1806
6299092,453.62,310.65,461.38,311.175,997,3047,1078,3055,1308,1806
6299094,454.02,312.375,461.7,311.475,1000,3066,1081,3059,1308,1806
6299096,453.7,312.375,462.18,311.7,997,3066,1087,3062,1308,1810
6299098,454.5,310.2,461.54,311.625,1006,3042,1080,3060,1308,1809
6299100,453.38,311.475,462.1,312,993,3056,1085,3064,1309,1806
6299102,454.1,311.1,462.1,312.075,1001,3052,1085,3065,1308,1809
6299104,454.5,312,462.26,312.3,1005,3063,1086,3068,1309,1807
6299106,454.1,311.55,462.34,311.325,1001,3057,1088,3057,1311,1809
6299108,454.18,312.225,462.42,311.925,1002,3065,1088,3064,1306,1811
6299110,455.3,311.85,462.42,312.15,1014,3061,1088,3067,1306,1808
6299112,454.26,311.175,462.66,312.675,1003,3053,1091,3073,1311,1809
6299114,453.86,312.075,462.58,312.15,999,3063,1090,3067,1304,1812
6299116,454.42,312.9,462.18,312.225,1004,3073,1086,3068,1304,1813
6299118,454.98,312.375,462.02,312.45,1010,3067,1085,3070,1305,1814
6299120,453.38,312.525,462.26,312.75,993,3068,1087,3074,1306,1813
6299122,453.78,312.225,462.34,312.675,997,3066,1088,3073,1307,1814
6299124,454.5,312.225,461.86,312.675,1005,3066,1082,3073,1301,1811
6299126,454.58,312.6,462.34,312.225,1006,3070,1088,3069,1310,1811
6299128,454.5,312.825,462.42,312.6,1005,3073,1088,3073,1310,1814
6299130,454.5,312.225,462.42,312.975,1005,3066,1089,3077,1309,1812
6299132,453.7,312.45,462.42,312.225,997,3069,1088,3070,1313,1813
6299134,454.66,312.375,462.26,311.7,1007,3068,1087,3064,1307,1814
6299136,454.82,313.275,462.58,312.15,1008,3079,1091,3069,1310,1814
6299138,454.02,312.6,462.02,311.85,1000,3071,1085,3065,1309,1816
6299140,453.78,312.225,461.94,312.375,998,3067,1084,3071,1312,1814
6299142,454.66,311.175,462.18,311.625,1008,3056,1087,3064,1311,1817
6299144,454.66,311.025,461.94,311.25,1008,3054,1085,3059,1306,1816
6299146,454.66,311.925,462.1,311.25,1008,3064,1086,3060,1308,1817
6299148,455.14,310.95,462.34,311.775,1013,3054,1089,3065,1310,1815
6299150,454.02,312.9,461.78,311.25,1001,3074,1083,3059,1310,1816
6299152,454.18,310.875,461.7,311.475,1003,3052,1082,3061,1314,1817
6299154,453.86,310.95,461.86,311.175,1000,3053,1085,3058,1313,1818
6299156,453.62,312,461.78,310.5,997,3064,1084,3051,1311,1819
6299158,453.78,310.65,461.78,311.175,1000,3050,1083,3059,1314,1818
6299160,454.02,311.25,461.7,310.65,1002,3056,1083,3053,1311,1818
6299162,455.54,311.025,461.62,311.325,1018,3054,1082,3060,1315,1818
6299164,455.22,310.35,461.54,311.025,1015,3047,1081,3057,1309,1819
6299166,454.42,311.175,461.54,311.1,1006,3056,1081,3057,1315,1817
6299168,455.14,310.875,461.78,311.1,1014,3053,1083,3057,1314,1821
6299170,455.06,310.275,461.54,311.1,1013,3046,1081,3057,1315,1819
6299172,454.26,310.875,461.62,310.575,1004,3052,1082,3052,1317,1822
6299174,454.18,312,461.94,310.8,1003,3065,1085,3054,1311,1822
6299176,454.1,309.9,461.86,311.175,1003,3041,1084,3058,1313,1822
6299178,454.18,311.7,461.38,310.8,1003,3061,1080,3054,1314,1823
6299180,455.38,310.875,461.62,310.425,1016,3052,1082,3049,1315,1824
6299182,454.9,310.2,461.38,311.025,1011,3045,1079,3056,1317,1825
6299184,454.5,311.775,461.54,311.325,1007,3061,1081,3059,1318,1822
6299186,454.26,311.7,461.46,310.725,1005,3060,1081,3052,1321,1828
6299188,455.46,310.725,461.22,311.325,1017,3050,1078,3059,1318,1827
6299190,454.9,311.4,461.38,311.1,1011,3058,1080,3057,1319,1828
6299192,454.26,312.6,461.38,310.65,1004,3070,1079,3051,1322,1828
6299194,455.06,310.725,461.46,311.025,1012,3050,1080,3056,1319,1826
6299196,454.58,312.075,461.38,310.575,1006,3064,1078,3050,1323,1830
6299198,454.9,310.875,461.54,310.725,1010,3051,1081,3052,1321,1828
6299200,455.22,310.575,461.14,310.8,1014,3048,1076,3052,1315,1828
6299202,454.5,311.175,461.14,310.8,1006,3054,1076,3052,1321,1828
6299204,454.98,310.65,461.38,311.1,1010,3049,1078,3056,1320,1827
6299206,454.74,310.425,461.22,311.175,1008,3046,1076,3056,1319,1830
6299208,454.02,311.175,461.22,310.8,1000,3054,1076,3053,1320,1826
6299210,454.02,309.825,461.46,310.8,1000,3039,1078,3053,1316,1829
6299212,455.38,311.25,461.86,310.575,1014,3056,1082,3050,1318,1830
6299214,456.02,309.9,462.5,310.875,1021,3040,1089,3054,1322,1831
6299216,456.66,309.975,462.26,310.125,1028,3042,1087,3045,1322,1829
6299218,456.34,308.85,462.66,309.375,1025,3029,1091,3037,1319,1830
6299220,456.82,309.075,463.3,309.3,1029,3031,1098,3036,1319,1832
6299222,456.02,308.775,462.42,309.075,1021,3028,1088,3033,1322,1832
6299224,456.18,308.55,462.34,307.95,1023,3025,1087,3020,1323,1830
6299226,456.42,308.025,461.94,308.325,1025,3019,1083,3024,1322,1833
6299228,456.42,307.725,462.18,308.325,1025,3016,1085,3024,1322,1832
6299230,456.58,307.35,461.78,308.175,1026,3012,1081,3023,1323,1826
6299232,456.9,306.075,462.02,307.425,1030,2998,1083,3014,1319,1831
6299234,456.34,306.75,461.62,307.5,1024,3005,1079,3015,1322,1829
6299236,456.42,306.75,461.22,307.425,1024,3004,1075,3013,1320,1831
6299238,456.42,305.85,461.7,307.725,1025,2995,1079,3017,1323,1832
6299240,456.18,306.675,460.98,307.425,1022,3003,1072,3013,1322,1832
6299242,456.58,307.35,461.06,308.1,1026,3010,1072,3021,1321,1831
6299244,457.14,306.75,461.62,308.325,1032,3004,1078,3022,1322,1832
6299246,456.18,307.2,461.38,307.425,1021,3008,1076,3012,1321,1834
6299248,456.02,307.35,461.3,307.575,1020,3009,1076,3014,1323,1832
6299250,456.02,306.375,461.38,307.95,1020,2999,1076,3017,1323,1836
6299252,455.62,306.675,461.38,308.25,1016,3002,1076,3020,1323,1834
6299254,456.1,308.325,461.54,307.425,1020,3019,1078,3012,1325,1832
6299256,456.98,307.275,461.54,308.175,1030,3008,1078,3019,1321,1835
6299258,456.02,306.525,461.46,308.775,1020,2999,1077,3026,1323,1837
6299260,456.58,306.45,461.94,308.25,1027,2998,1082,3019,1323,1836
6299262,456.18,307.425,462.02,307.575,1021,3009,1083,3012,1319,1836
6299264,456.1,306.75,462.02,307.95,1022,3001,1083,3017,1320,1836
6299266,457.06,307.35,461.62,308.775,1031,3008,1079,3025,1322,1836
6299268,455.62,307.8,462.02,307.8,1017,3012,1084,3014,1322,1838
6299270,456.18,307.425,461.7,309,1022,3008,1081,3027,1326,1835
6299272,456.98,307.35,461.62,308.775,1032,3007,1080,3025,1322,1842
6299274,456.34,307.2,461.46,308.475,1025,3005,1078,3021,1325,1836
6299276,456.1,308.4,462.1,309.075,1022,3018,1085,3027,1321,1839
6299278,456.66,306.225,462.02,308.925,1029,2995,1084,3026,1315,1841
6299280,456.58,308.475,462.1,309,1028,3019,1086,3026,1322,1838
6299282,456.18,309.45,462.58,309.225,1024,3029,1091,3029,1331,1843
6299284,456.1,308.55,462.26,309.15,1023,3019,1088,3028,1325,1841
6299286,455.86,308.775,462.26,308.775,1021,3022,1088,3024,1331,1844
6299288,456.1,308.55,462.26,309.15,1024,3020,1088,3029,1327,1843
6299290,456.5,308.55,462.1,309.375,1028,3020,1087,3030,1324,1841
6299292,456.02,309.6,462.42,308.475,1022,3031,1091,3021,1328,1845
6299294,456.1,308.925,462.26,308.775,1024,3023,1089,3024,1326,1843
6299296,456.42,309.075,462.82,309.3,1028,3025,1094,3030,1326,1845
6299298,456.34,307.875,462.5,308.325,1027,3013,1092,3019,1328,1845
6299300,456.98,306.975,462.58,308.775,1035,3003,1092,3025,1322,1845
6299302,456.34,307.425,462.34,308.25,1027,3007,1090,3018,1324,1847
6299304,456.34,307.8,462.02,308.4,1028,3012,1087,3020,1326,1844
6299306,456.42,306.6,462.5,308.175,1028,2998,1092,3018,1327,1847
6299308,456.98,306.15,462.26,307.65,1035,2994,1090,3012,1319,1843
6299310,456.18,308.175,462.1,308.025,1026,3016,1088,3016,1326,1847
6299312,456.74,308.325,462.34,307.8,1032,3018,1091,3014,1324,1847
6299314,455.7,308.25,462.74,307.725,1021,3017,1095,3013,1329,1846
6299316,456.66,306.6,462.26,307.275,1031,2999,1090,3009,1327,1851
6299318,455.94,307.575,462.5,307.05,1024,3010,1093,3006,1332,1847
6299320,456.66,307.35,462.42,307.35,1032,3007,1093,3009,1328,1845
6299322,456.82,306.675,462.82,307.95,1034,3000,1096,3016,1324,1847
6299324,456.58,308.1,462.5,306.975,1031,3016,1094,3006,1324,1847
6299326,456.9,306.825,462.66,307.35,1034,3001,1095,3009,1325,1849
6299328,456.98,307.35,462.66,307.65,1035,3008,1095,3013,1328,1848
6299330,456.02,306.75,462.5,307.8,1026,3001,1093,3014,1325,1849
6299332,456.02,307.875,462.58,307.8,1025,3013,1095,3015,1327,1849
6299334,457.22,307.05,463.38,307.95,1038,3004,1103,3016,1326,1850
6299336,456.34,307.875,462.66,308.4,1029,3013,1096,3021,1324,1848
6299338,455.78,307.2,463.14,307.875,1024,3006,1100,3016,1327,1848
6299340,456.34,306.525,462.82,308.625,1030,2998,1098,3024,1322,1850
6299342,456.18,307.95,462.9,308.325,1028,3014,1098,3021,1328,1852
6299344,456.1,307.575,462.98,309.15,1028,3010,1100,3030,1327,1852
6299346,456.18,306.675,463.3,308.7,1029,3000,1103,3024,1325,1850
6299348,456.26,309.3,463.3,309.45,1029,3029,1103,3033,1329,1852
6299350,456.18,308.55,463.3,308.925,1028,3021,1103,3028,1329,1852
6299352,455.54,309.075,463.46,309.45,1022,3027,1105,3033,1327,1854
6299354,456.1,308.925,462.9,309.3,1028,3025,1099,3031,1330,1855
6299356,455.94,309.375,463.3,309.75,1026,3030,1103,3036,1324,1853
6299358,455.94,308.4,462.9,309.3,1026,3019,1099,3032,1328,1855
6299360,455.7,309.15,463.22,309.45,1024,3028,1103,3034,1326,1855
6299362,454.98,309.9,463.22,309.3,1016,3036,1103,3032,1329,1853
6299364,455.7,309.075,462.9,309.225,1024,3027,1099,3032,1326,1855
6299366,455.3,307.35,463.38,309.45,1020,3008,1105,3034,1323,1856
6299368,455.78,309.45,462.9,309.6,1025,3032,1100,3035,1329,1855
6299370,454.9,309.6,462.98,309.075,1016,3033,1101,3030,1331,1854
6299372,455.7,309,463.46,309.15,1024,3026,1106,3031,1323,1856
6299374,455.54,309,462.74,309.45,1023,3027,1098,3034,1328,1856
6299376,455.3,309.45,462.82,308.925,1019,3031,1099,3029,1327,1856
6299378,454.98,309.75,463.14,309.15,1016,3035,1102,3031,1329,1854
6299380,455.3,309,463.14,309.525,1019,3027,1101,3035,1327,1854
6299382,455.06,309.45,462.9,309.375,1017,3032,1099,3034,1328,1856
6299384,454.82,309.6,463.22,309.675,1013,3033,1101,3037,1332,1858
6299386,455.38,308.625,462.34,308.25,1019,3022,1093,3021,1326,1855
6299388,454.82,309.6,462.42,308.475,1012,3033,1093,3023,1332,1856
6299390,455.06,309.675,462.1,309,1015,3034,1089,3029,1330,1858
6299392,454.34,309.225,462.26,308.925,1007,3029,1090,3028,1332,1857
6299394,454.5,308.475,462.02,308.7,1008,3020,1088,3026,1336,1854
6299396,454.82,309.15,461.38,309.225,1011,3028,1080,3030,1330,1857
6299398,454.74,309.075,461.62,308.85,1010,3026,1082,3027,1333,1858
6299400,454.1,309.45,461.7,308.25,1002,3030,1082,3020,1328,1852
6299402,454.26,309.225,460.98,308.625,1004,3028,1075,3023,1330,1858
6299404,453.94,308.625,461.3,308.7,1000,3020,1077,3024,1330,1857
6299406,454.18,308.55,461.22,308.25,1002,3019,1077,3019,1323,1857
6299408,454.02,307.95,461.22,308.55,1000,3013,1075,3021,1330,1858
6299410,454.74,307.2,461.14,308.175,1007,3004,1074,3017,1327,1860
6299412,454.02,308.25,461.46,308.4,998,3015,1076,3019,1332,1857
6299414,454.34,308.1,461.46,308.4,1002,3013,1076,3019,1335,1856
6299416,454.5,309.75,461.7,308.4,1002,3031,1078,3018,1328,1855
6299418,454.58,308.625,461.62,308.475,1003,3019,1077,3019,1330,1858
6299420,453.54,310.725,461.62,308.775,991,3040,1077,3022,1328,1861
6299422,453.46,309.525,461.78,308.925,990,3028,1078,3024,1332,1862
6299424,454.66,309.525,461.7,309,1003,3027,1076,3024,1330,1859
6299426,454.02,309.075,462.18,309.225,996,3022,1082,3026,1330,1860
6299428,454.42,308.925,462.26,309.225,1000,3020,1082,3026,1333,1860
6299430,454.1,309,462.5,308.775,996,3021,1084,3021,1333,1860
6299432,454.42,309.75,462.26,309.45,998,3028,1082,3027,1334,1860
6299434,454.26,309.45,462.66,309.375,997,3025,1086,3027,1329,1860
6299436,454.26,310.725,462.74,309.375,997,3038,1087,3026,1330,1859
6299438,454.34,309.525,462.5,309.675,997,3025,1084,3030,1335,1863
6299440,454.58,310.125,463.06,309.375,1000,3031,1089,3026,1330,1862
6299442,454.9,309.375,463.3,309.9,1003,3023,1092,3032,1334,1860
6299444,454.98,310.575,463.54,309.525,1004,3036,1094,3027,1331,1861
6299446,454.66,310.275,463.46,309.9,1000,3033,1093,3031,1334,1859
6299448,454.82,309.9,463.38,309.45,1002,3028,1092,3026,1331,1862
6299450,455.14,310.35,463.86,309.6,1006,3034,1097,3029,1334,1861
6299452,455.46,308.925,463.3,309.9,1010,3018,1092,3031,1332,1861
6299454,455.22,309.45,463.86,309.675,1007,3023,1098,3029,1331,1862
6299456,455.54,310.725,464.1,309.9,1010,3037,1100,3031,1335,1866
6299458,456.02,310.35,464.18,309.9,1015,3033,1101,3031,1331,1865
6299460,455.86,310.275,464.9,309.45,1014,3033,1109,3027,1330,1861
6299462,455.78,309.975,464.1,309.9,1014,3029,1101,3031,1331,1863
6299464,456.42,308.85,464.66,309.375,1021,3018,1107,3026,1332,1862
6299466,456.02,310.275,464.98,309.3,1016,3032,1111,3025,1334,1864
6299468,455.7,311.25,464.82,309.675,1012,3043,1110,3029,1338,1864
6299470,455.94,309.6,464.74,309.9,1016,3025,1108,3031,1331,1863
6299472,457.3,309.525,464.74,309.375,1031,3025,1109,3026,1338,1866
6299474,456.58,309.075,464.66,309.3,1023,3020,1108,3025,1332,1866
6299476,456.58,309.525,465.22,309.975,1023,3024,1115,3032,1333,1864
6299478,457.22,309.675,464.98,309.15,1031,3026,1112,3023,1333,1863
6299480,456.1,310.125,464.98,309.6,1020,3032,1113,3029,1338,1862
6299482,456.18,309,465.38,309.525,1021,3019,1117,3028,1340,1865
6299484,456.82,310.275,465.14,310.05,1028,3034,1116,3034,1336,1864
6299486,456.98,310.35,465.46,309.225,1030,3034,1119,3025,1338,1865
6299488,456.18,309.525,465.7,309.825,1023,3025,1123,3032,1338,1868
6299490,456.82,310.425,465.38,309.45,1029,3035,1120,3028,1337,1866
6299492,456.9,311.175,465.06,309.3,1031,3044,1118,3026,1339,1865
6299494,456.74,310.725,465.22,309.975,1030,3039,1119,3033,1337,1866
6299496,455.86,310.425,465.54,309.3,1021,3036,1123,3027,1339,1867
6299498,456.18,311.775,465.54,309.075,1025,3050,1124,3024,1340,1866
6299500,457.06,311.55,465.22,309.3,1034,3049,1121,3027,1339,1863
6299502,457.46,310.35,465.14,309.225,1039,3036,1121,3026,1338,1866
6299504,456.42,309.675,465.06,309,1030,3028,1121,3024,1340,1866
6299506,457.22,309.375,465.06,309,1038,3026,1121,3024,1338,1867
6299508,457.06,310.35,465.38,310.05,1038,3036,1125,3036,1338,1870
6299510,456.5,309.75,465.14,309.375,1032,3030,1123,3028,1340,1868
6299512,456.26,310.65,465.3,309.525,1030,3040,1125,3030,1336,1869
6299514,457.14,310.875,464.98,309.525,1039,3042,1122,3031,1346,1869
6299516,456.18,310.65,465.06,309.75,1031,3040,1124,3034,1337,1869
6299518,456.34,309.825,465.14,309.15,1032,3031,1125,3027,1340,1871
6299520,456.26,312.3,465.38,309.6,1031,3059,1128,3032,1342,1871
6299522,456.58,310.8,465.78,308.85,1035,3043,1133,3024,1342,1871
6299524,456.74,310.35,465.06,308.925,1038,3038,1126,3025,1340,1870
6299526,456.42,310.275,465.46,309.3,1034,3037,1130,3029,1341,1874
6299528,455.86,310.425,465.86,309.225,1029,3039,1135,3029,1340,1874
6299530,456.66,310.8,465.7,309.075,1038,3043,1133,3028,1346,1873
6299532,456.58,311.475,465.54,309.675,1037,3051,1132,3034,1338,1872
6299534,456.1,310.8,465.86,309.075,1032,3044,1136,3028,1340,1875
6299536,457.14,310.125,465.54,309.375,1044,3037,1133,3032,1340,1872
6299538,456.58,310.5,465.46,309.225,1038,3041,1132,3030,1346,1872
6299540,456.1,312.075,465.38,309.075,1032,3058,1131,3029,1342,1871
6299542,456.1,310.425,465.38,308.85,1033,3040,1132,3026,1342,1871
6299544,455.78,311.325,465.14,308.925,1030,3050,1129,3027,1344,1873
6299546,457.3,311.7,465.3,309.3,1046,3055,1131,3032,1344,1873
6299548,456.66,310.2,465.06,309.15,1040,3039,1129,3030,1335,1870
6299550,455.86,311.1,465.54,308.925,1031,3048,1133,3028,1340,1875
6299552,456.42,310.575,465.38,308.55,1038,3043,1132,3024,1342,1874
6299554,455.54,309,465.22,309.075,1029,3025,1130,3029,1338,1874
6299556,455.7,310.125,464.98,309,1030,3038,1129,3029,1340,1872
6299558,455.22,311.925,464.74,309.075,1025,3058,1126,3030,1344,1873
6299560,454.66,311.175,465.38,309.225,1018,3050,1132,3032,1338,1875
6299562,454.58,310.65,464.98,308.55,1018,3044,1128,3025,1341,1871
6299564,454.9,310.8,465.06,309.225,1021,3046,1129,3033,1338,1875
6299566,454.66,309.3,465.06,308.625,1019,3030,1129,3026,1342,1873
6299568,455.06,310.125,464.82,308.7,1023,3039,1126,3026,1346,1873
6299570,454.66,309.9,465.06,308.55,1019,3037,1129,3025,1341,1875
6299572,455.06,310.8,464.98,308.85,1023,3047,1128,3029,1341,1875
6299574,455.22,310.8,464.82,307.725,1024,3047,1127,3016,1341,1875
6299576,454.58,311.625,464.98,308.85,1018,3056,1128,3029,1338,1874
6299578,454.26,310.875,465.22,309.075,1014,3047,1130,3032,1339,1875
6299580,455.14,312.15,464.66,308.325,1023,3062,1124,3024,1350,1876
6299582,454.26,312.825,464.9,309.075,1014,3070,1127,3032,1344,1878
6299584,454.5,309.45,464.98,309.075,1017,3033,1127,3032,1341,1879
6299586,454.34,309.525,464.66,308.775,1015,3033,1124,3029,1346,1879
6299588,454.26,310.2,464.26,309.375,1013,3041,1119,3036,1345,1873
6299590,454.26,310.8,464.42,309.15,1013,3048,1121,3033,1348,1879
6299592,454.02,311.025,464.58,309.075,1010,3050,1122,3033,1345,1879
6299594,453.86,312.375,464.42,308.7,1008,3065,1120,3028,1347,1877
6299596,454.1,311.1,464.18,309.15,1011,3051,1117,3033,1344,1878
6299598,454.66,310.725,464.58,308.175,1016,3048,1121,3023,1349,1879
6299600,454.1,311.55,464.42,308.7,1010,3056,1119,3029,1348,1881
6299602,452.9,310.95,464.1,309,997,3050,1116,3032,1347,1878
6299604,453.78,310.95,464.18,309,1005,3050,1115,3032,1342,1879
6299606,453.94,311.475,464.1,308.7,1007,3056,1115,3029,1344,1877
6299608,454.34,310.35,464.26,308.4,1011,3044,1116,3025,1345,1884
6299610,453.14,309.9,464.5,308.7,998,3038,1119,3029,1347,1878
6299612,453.7,310.2,463.78,308.1,1003,3042,1110,3022,1351,1881
6299614,453.78,310.35,464.5,307.875,1004,3043,1118,3020,1346,1881
6299616,453.94,311.4,464.02,308.625,1005,3055,1112,3028,1347,1881
6299618,454.42,310.2,464.26,307.875,1010,3042,1115,3020,1352,1882
6299620,452.98,310.275,464.34,307.65,995,3042,1115,3018,1343,1878
6299622,453.62,310.05,464.5,308.625,1001,3040,1117,3028,1343,1885
6299624,453.86,309.825,464.02,308.475,1003,3037,1111,3026,1343,1879
6299626,453.78,308.775,464.58,308.1,1003,3026,1117,3022,1346,1880
6299628,453.14,308.4,464.9,307.65,996,3022,1119,3018,1340,1882
6299630,453.54,309.075,464.18,307.05,1000,3029,1113,3011,1342,1880
6299632,453.22,308.475,464.82,307.2,996,3023,1118,3012,1343,1880
6299634,454.66,308.7,464.98,307.875,1011,3025,1120,3020,1344,1878
6299636,453.78,310.05,464.66,307.425,1000,3040,1116,3015,1349,1877
6299638,453.3,307.8,464.66,307.125,996,3015,1116,3012,1338,1879
6299640,454.26,308.175,465.38,307.725,1006,3019,1123,3018,1342,1882
6299642,454.74,308.55,464.9,307.05,1011,3023,1118,3011,1345,1881
6299644,454.26,309.3,464.9,307.8,1005,3031,1117,3019,1342,1881
6299646,455.38,309.075,465.14,307.35,1017,3029,1121,3014,1340,1878
6299648,454.74,308.85,465.62,307.275,1010,3026,1125,3013,1346,1883
6299650,454.9,308.775,466.1,307.65,1012,3026,1130,3017,1342,1882
6299652,454.9,309.45,465.46,307.8,1011,3033,1123,3019,1344,1880
6299654,454.5,309.6,465.94,307.5,1007,3034,1128,3016,1347,1882
6299656,455.46,308.175,465.7,308.25,1017,3019,1125,3024,1344,1880
6299658,455.46,309.225,465.94,307.875,1017,3031,1128,3020,1343,1884
6299660,455.46,310.05,466.1,307.8,1016,3040,1129,3019,1343,1884
6299662,454.9,310.575,465.86,308.1,1010,3046,1127,3022,1347,1885
6299664,455.78,310.575,465.86,307.65,1020,3047,1127,3018,1351,1881
6299666,455.14,310.05,466.58,308.025,1013,3040,1134,3022,1347,1887
6299668,455.7,309.975,465.94,308.025,1019,3040,1127,3022,1346,1885
6299670,455.22,310.275,466.42,308.175,1014,3044,1132,3024,1345,1886
6299672,456.02,311.025,466.66,307.875,1022,3052,1135,3021,1347,1887
6299674,455.38,309.225,466.58,308.55,1015,3032,1134,3028,1347,1887
6299676,454.98,310.725,466.34,308.325,1010,3049,1131,3026,1340,1885
6299678,454.58,308.925,466.9,308.775,1007,3028,1137,3031,1343,1889
6299680,455.54,310.125,466.98,309.075,1017,3043,1137,3035,1348,1888
6299682,456.1,310.8,466.5,308.325,1022,3050,1133,3026,1350,1890
6299684,455.54,310.875,465.86,308.475,1016,3051,1126,3028,1346,1886
6299686,455.62,310.8,466.26,309.075,1017,3050,1130,3035,1355,1891
6299688,454.98,310.8,466.42,308.325,1010,3050,1132,3027,1358,1890
6299690,455.78,311.025,466.18,308.925,1019,3053,1129,3034,1353,1892
6299692,454.9,309.375,466.42,308.925,1010,3035,1131,3034,1354,1893
6299694,455.38,311.475,466.18,308.25,1014,3058,1129,3027,1351,1889
6299696,455.3,311.625,465.86,308.475,1014,3060,1126,3029,1350,1891
6299698,454.98,309.9,466.34,308.55,1010,3041,1130,3030,1346,1890
6299700,454.1,310.2,466.34,308.7,1001,3044,1130,3032,1352,1891
6299702,454.1,311.175,465.78,308.55,1000,3055,1124,3030,1350,1892
6299704,455.7,310.125,466.1,308.175,1017,3044,1127,3026,1352,1889
6299706,454.98,311.55,465.86,308.7,1010,3059,1124,3032,1353,1891
6299708,454.74,311.55,465.94,308.775,1006,3059,1125,3033,1352,1893
6299710,454.66,310.35,465.94,308.25,1006,3046,1125,3027,1354,1891
6299712,453.94,310.35,465.46,308.775,997,3046,1119,3032,1351,1889
6299714,454.1,311.175,465.14,308.55,999,3054,1116,3029,1357,1892
6299716,453.86,309.825,465.22,308.025,996,3039,1116,3024,1356,1890
6299718,453.86,310.2,465.3,308.4,996,3044,1117,3028,1358,1893
6299720,453.94,309.375,465.06,307.95,997,3035,1115,3023,1356,1888
6299722,454.58,308.475,464.9,308.475,1004,3025,1112,3029,1352,1890
6299724,453.86,310.275,465.22,308.475,995,3044,1115,3029,1353,1892
6299726,453.46,309.675,465.06,308.25,991,3038,1114,3026,1360,1890
6299728,454.26,308.775,465.14,308.4,999,3028,1114,3028,1351,1891
6299730,453.78,308.4,464.98,308.1,994,3024,1112,3024,1348,1892
6299732,454.42,308.625,465.38,307.65,1000,3026,1116,3019,1349,1893
6299734,454.34,309,465.46,307.875,999,3030,1117,3021,1349,1892
6299736,454.26,308.7,465.3,308.325,998,3027,1115,3026,1350,1889
6299738,454.74,308.4,464.9,307.2,1003,3024,1111,3014,1348,1890
6299740,454.82,307.5,464.9,308.025,1004,3013,1110,3022,1345,1892
6299742,454.34,307.95,465.06,307.95,998,3017,1111,3021,1347,1891
6299744,454.98,308.325,464.58,307.8,1005,3022,1106,3019,1347,1889
6299746,454.66,307.8,465.14,307.05,1001,3016,1112,3011,1354,1894
6299748,453.54,307.575,464.98,307.275,989,3013,1109,3013,1350,1889
6299750,453.94,307.65,465.46,307.425,993,3014,1114,3015,1351,1893
6299752,454.9,307.725,465.86,308.4,1003,3015,1118,3026,1349,1893
6299754,454.58,308.25,465.54,307.875,999,3020,1115,3020,1352,1893
6299756,454.82,309.45,466.18,308.175,1001,3033,1121,3023,1354,1890
6299758,454.82,308.325,465.86,308.325,1002,3021,1118,3024,1351,1895
6299760,455.06,308.55,466.34,307.95,1003,3023,1122,3020,1351,1893
6299762,454.58,308.55,465.78,308.325,999,3022,1116,3024,1350,1892
6299764,455.94,309.9,466.42,308.925,1012,3038,1123,3030,1349,1897
6299766,455.7,308.925,465.86,308.25,1010,3027,1117,3022,1353,1892
6299768,455.22,309,466.5,308.775,1005,3027,1124,3029,1349,1893
6299770,454.9,308.325,466.74,308.925,1002,3019,1127,3030,1348,1897
6299772,455.06,310.425,466.42,308.625,1003,3042,1124,3027,1352,1897
6299774,455.22,309.675,466.66,309.225,1005,3034,1125,3033,1353,1896
6299776,454.98,307.95,466.66,309.15,1003,3015,1126,3032,1350,1896
6299778,456.26,310.725,467.06,309.075,1016,3046,1130,3031,1353,1895
6299780,456.42,309.75,466.98,308.85,1018,3035,1129,3029,1349,1894
6299782,455.54,309.6,466.98,309.45,1009,3033,1129,3035,1358,1896
6299784,455.38,309.6,467.22,309.3,1007,3033,1132,3034,1363,1898
6299786,455.14,310.95,467.06,309.675,1004,3047,1130,3038,1365,1899
6299788,454.98,311.025,467.46,309.9,1003,3048,1134,3040,1363,1899
6299790,455.86,310.5,467.3,309.6,1012,3043,1133,3037,1362,1900
6299792,455.78,310.5,467.3,309.6,1012,3043,1133,3037,1361,1900
6299794,456.58,310.5,466.9,309.45,1021,3043,1130,3036,1355,1898
6299796,456.26,309.975,467.46,309.525,1017,3038,1136,3036,1358,1896
6299798,455.38,311.55,467.46,309.225,1008,3054,1136,3033,1365,1898
6299800,455.78,311.025,467.38,309.75,1012,3049,1135,3039,1360,1897
6299802,455.3,309.825,467.62,309.75,1008,3036,1138,3039,1358,1898
6299804,456.34,311.175,467.14,309.225,1018,3051,1134,3033,1360,1897
6299806,455.86,309.525,467.86,309.15,1014,3033,1141,3033,1359,1897
6299808,455.62,310.5,467.46,309.15,1012,3043,1137,3033,1361,1897
6299810,456.34,310.05,466.82,308.85,1020,3039,1130,3029,1356,1894
6299812,455.94,309.9,467.14,309.15,1016,3037,1134,3033,1361,1898
6299814,455.06,309.075,467.46,309.45,1007,3028,1137,3036,1362,1898
6299816,455.14,309.75,466.9,308.775,1008,3035,1132,3029,1365,1896
6299818,456.02,309.975,467.46,309.075,1017,3038,1137,3032,1361,1897
6299820,455.94,309.75,467.46,309.225,1016,3036,1138,3034,1361,1897
6299822,456.1,311.025,467.14,309,1018,3050,1135,3032,1360,1898
6299824,455.94,308.325,467.22,308.7,1017,3020,1135,3028,1356,1898
6299826,455.78,309.75,467.22,309.15,1015,3036,1136,3033,1360,1898
6299828,456.42,310.275,466.66,308.7,1022,3042,1130,3028,1362,1898
6299830,455.7,308.55,466.98,308.85,1015,3022,1133,3029,1362,1895
6299832,455.62,309.525,466.98,309,1013,3033,1134,3031,1362,1896
6299834,456.02,308.925,466.98,308.925,1018,3027,1134,3031,1355,1895
6299836,456.5,309.15,467.22,309.375,1023,3029,1136,3035,1356,1899
6299838,455.78,309.45,466.74,308.475,1015,3032,1132,3025,1360,1892
6299840,455.38,309.9,466.74,308.4,1011,3037,1131,3024,1358,1895
6299842,456.1,309.075,467.22,309.075,1019,3028,1136,3032,1356,1895
6299844,456.1,307.8,466.9,309,1020,3014,1134,3031,1356,1895
6299846,456.02,308.85,466.98,309.075,1019,3025,1134,3032,1357,1897
6299848,456.26,308.7,466.9,309.075,1022,3024,1134,3031,1349,1897
6299850,456.1,308.925,467.22,309.45,1020,3026,1137,3036,1356,1898
6299852,455.86,309.675,467.22,309.225,1018,3034,1138,3033,1356,1897
6299854,456.58,308.775,466.98,309.825,1026,3024,1135,3040,1353,1899
6299856,455.62,309.45,466.98,309.6,1016,3032,1136,3037,1358,1898
6299858,455.86,308.775,467.06,308.925,1019,3025,1137,3030,1359,1897
6299860,455.7,309.3,466.58,309,1017,3030,1132,3031,1357,1892
6299862,455.06,310.725,467.14,309.375,1009,3046,1137,3035,1367,1897
6299864,454.26,308.925,466.74,309.225,1002,3025,1134,3033,1366,1897
6299866,455.86,310.2,466.98,309.3,1019,3041,1136,3034,1360,1897
6299868,455.62,309.375,467.06,309.45,1017,3032,1137,3036,1362,1899
6299870,455.62,309.525,466.98,309.525,1017,3033,1136,3037,1364,1897
6299872,456.02,308.325,466.74,309.375,1021,3020,1134,3035,1357,1896
6299874,455.86,309.375,466.82,309.825,1019,3031,1134,3040,1360,1895
6299876,455.62,309.375,467.14,309.225,1017,3032,1138,3034,1365,1897
6299878,455.3,310.5,466.74,309.75,1013,3044,1134,3040,1361,1897
6299880,455.94,309.75,467.22,309.825,1020,3036,1139,3041,1360,1897
6299882,455.06,309.525,467.22,310.2,1011,3033,1139,3046,1366,1896
6299884,455.86,309.525,466.98,309.825,1020,3034,1137,3042,1361,1899
6299886,455.46,311.4,466.9,309.975,1015,3055,1135,3043,1374,1899
6299888,455.06,311.4,466.98,310.05,1011,3055,1137,3044,1373,1898
6299890,454.98,311.1,467.14,310.05,1010,3052,1138,3044,1368,1897
6299892,455.54,310.2,466.9,309.45,1016,3042,1136,3038,1374,1900
6299894,454.66,309.675,467.38,309.45,1007,3037,1142,3039,1371,1897
6299896,455.3,310.725,467.06,309.675,1014,3049,1138,3041,1370,1899
6299898,455.46,310.725,467.14,309.3,1015,3049,1139,3037,1371,1897
6299900,455.06,311.7,467.3,309.3,1011,3059,1141,3037,1370,1897
6299902,455.46,310.275,467.14,309.45,1015,3044,1139,3039,1369,1898
6299904,455.46,310.2,467.06,310.125,1015,3044,1138,3046,1371,1897
6299906,455.38,311.475,467.38,309.45,1014,3058,1141,3039,1371,1895
6299908,455.14,309.45,467.06,309.45,1013,3035,1138,3040,1364,1898
6299910,454.74,309.3,467.46,309.6,1008,3034,1142,3042,1370,1897
6299912,455.38,311.1,467.38,309.525,1014,3054,1142,3040,1371,1896
6299914,454.98,309.225,467.22,309.675,1011,3033,1140,3042,1369,1897
6299916,455.62,310.125,467.22,309.525,1018,3043,1140,3041,1369,1896
6299918,455.38,310.725,466.98,309.075,1015,3050,1138,3036,1369,1897
6299920,455.54,309.6,467.22,308.925,1018,3038,1141,3035,1369,1898
6299922,455.54,310.05,467.14,310.05,1017,3043,1139,3047,1369,1896
6299924,455.22,309.675,467.38,309.225,1015,3039,1143,3038,1367,1897
6299926,455.94,310.425,467.14,308.925,1021,3047,1140,3035,1369,1898
6299928,455.54,310.65,467.38,309.3,1017,3049,1143,3039,1369,1894
6299930,456.5,310.275,467.14,308.7,1028,3045,1140,3032,1369,1897
6299932,455.7,309.675,467.86,309,1020,3038,1148,3035,1370,1897
6299934,456.18,308.775,468.1,309.15,1025,3029,1151,3037,1363,1897
6299936,456.1,309.075,468.1,309.3,1025,3033,1151,3038,1361,1896
6299938,456.74,308.25,467.7,309.225,1032,3023,1147,3038,1359,1896
6299940,455.86,309.9,468.34,308.85,1022,3041,1154,3034,1364,1896
6299942,455.94,310.05,468.1,308.85,1023,3042,1151,3034,1364,1892
6299944,456.98,310.35,468.18,309.375,1034,3046,1152,3040,1362,1896
6299946,455.78,308.775,467.94,309,1022,3029,1150,3035,1362,1896
6299948,456.26,309.225,468.1,309.3,1028,3034,1152,3039,1363,1898
6299950,455.78,309,468.26,309.375,1023,3031,1154,3040,1363,1899
6299952,455.62,309.675,468.26,308.7,1021,3039,1155,3033,1365,1895
6299954,455.7,307.95,468.34,308.775,1023,3020,1156,3033,1366,1896
6299956,456.98,309.75,468.34,308.925,1036,3040,1156,3035,1361,1896
6299958,455.22,309.6,468.42,308.55,1018,3038,1157,3031,1367,1897
6299960,456.1,308.625,468.5,309,1028,3027,1158,3036,1360,1899
6299962,456.34,309.15,468.5,308.925,1030,3033,1158,3035,1370,1901
6299964,456.5,309,468.26,308.775,1032,3031,1156,3033,1367,1896
6299966,456.42,308.925,468.26,308.7,1031,3031,1156,3032,1366,1900
6299968,456.58,309.525,468.42,309.6,1033,3037,1158,3042,1357,1900
6299970,456.42,308.55,468.74,308.55,1032,3027,1162,3030,1361,1898
6299972,456.82,309,468.58,308.25,1036,3032,1160,3027,1364,1897
6299974,456.34,307.725,468.74,308.85,1032,3017,1162,3034,1358,1902
6299976,456.34,308.775,468.66,308.55,1032,3029,1162,3030,1358,1898
6299978,456.5,308.775,468.66,308.175,1034,3029,1163,3026,1367,1901
6299980,456.42,308.1,468.9,308.55,1034,3021,1165,3030,1360,1900
6299982,456.9,308.025,468.66,308.475,1039,3021,1163,3030,1367,1899
6299984,455.94,308.925,468.66,308.7,1029,3030,1164,3032,1369,1900
6299986,456.18,309.825,468.98,309,1032,3040,1167,3035,1377,1903
6299988,455.86,309.75,468.66,308.7,1029,3039,1164,3032,1378,1900
6299990,455.94,309.825,468.74,308.625,1030,3040,1165,3031,1376,1900
6299992,456.18,309.75,468.74,308.775,1033,3039,1165,3033,1368,1901
6299994,456.26,310.35,468.42,308.55,1034,3046,1162,3030,1375,1903
6299996,456.74,309.825,468.74,309.075,1039,3040,1166,3036,1377,1899
6299998,456.02,310.725,468.66,308.775,1032,3050,1165,3033,1370,1900
6300000,456.66,310.05,468.5,308.925,1038,3043,1163,3034,1375,1901
6300002,456.5,310.125,468.42,308.625,1036,3043,1162,3031,1376,1902
6300004,456.02,309.15,468.74,308.4,1032,3033,1166,3028,1371,1902
6300006,455.94,310.5,468.58,308.85,1030,3047,1165,3033,1373,1903
6300008,455.78,311.25,468.82,309.45,1029,3055,1167,3040,1377,1901
6300010,457.38,311.4,468.26,309.075,1046,3057,1161,3035,1369,1902
6300012,456.42,309.9,468.42,309.9,1037,3040,1163,3045,1368,1904
6300014,455.54,310.5,468.34,309.975,1027,3047,1162,3045,1372,1901
6300016,457.22,310.125,468.26,309.075,1045,3043,1161,3036,1366,1902
6300018,456.5,310.125,468.1,309.6,1037,3043,1159,3041,1372,1901
6300020,455.3,310.95,467.78,309.675,1025,3052,1157,3042,1369,1900
6300022,455.86,309.525,468.58,309.375,1031,3036,1165,3039,1364,1902
6300024,455.62,310.2,468.26,309.825,1028,3043,1161,3044,1372,1904
6300026,456.74,310.725,468.18,309.975,1040,3050,1160,3046,1368,1903
6300028,457.22,309.825,468.02,309.9,1045,3040,1158,3045,1365,1902
6300030,456.1,310.35,467.86,310.05,1033,3046,1156,3046,1375,1901
6300032,456.34,311.325,468.26,310.05,1034,3057,1161,3046,1373,1900
6300034,456.26,308.85,468.02,310.05,1035,3029,1158,3046,1357,1904
6300036,455.78,310.875,468.02,310.2,1028,3051,1158,3048,1365,1901
6300038,455.86,311.325,467.86,309.9,1030,3056,1156,3045,1367,1901
6300040,455.94,309.675,467.86,310.2,1030,3038,1156,3048,1361,1902
6300042,456.5,311.1,468.26,310.5,1035,3054,1159,3051,1365,1904
6300044,455.78,309.45,467.78,310.05,1028,3035,1154,3046,1365,1900
6300046,455.22,309.525,467.94,310.35,1022,3036,1155,3050,1362,1901
6300048,456.18,310.575,468.1,309.75,1031,3048,1157,3043,1363,1902
6300050,456.1,309.3,467.86,310.125,1031,3034,1154,3047,1365,1903
6300052,455.3,309.9,467.86,309.975,1021,3041,1154,3045,1363,1902
6300054,455.3,309.975,467.94,309.675,1021,3041,1155,3042,1371,1907
6300056,456.34,310.05,468.02,309.6,1032,3042,1155,3041,1370,1902
6300058,455.62,309.45,467.86,309.9,1025,3035,1153,3044,1368,1904
6300060,455.3,309.45,468.02,309.6,1020,3035,1154,3041,1368,1903
6300062,455.62,308.7,467.94,309.3,1024,3027,1154,3037,1374,1903
6300064,455.86,309.375,468.18,309.675,1026,3034,1155,3042,1367,1902
6300066,455.38,309.075,468.1,309.15,1021,3030,1155,3035,1364,1905
6300068,455.62,309,467.7,309.15,1024,3030,1151,3035,1361,1906
6300070,455.86,307.575,467.78,309.225,1027,3014,1151,3036,1360,1905
6300072,456.1,308.7,467.7,308.775,1028,3025,1150,3031,1363,1903
6300074,456.34,307.275,467.86,309.45,1031,3010,1152,3038,1360,1906
6300076,456.1,308.475,467.86,309.675,1028,3023,1151,3040,1362,1906
6300078,455.22,309.3,467.7,310.275,1018,3031,1149,3046,1367,1908
6300080,455.62,309.15,467.54,310.05,1023,3030,1147,3044,1364,1907
6300082,455.06,308.55,467.38,309.675,1017,3023,1146,3040,1368,1907
6300084,455.46,308.85,467.54,309.975,1021,3026,1148,3042,1366,1911
6300086,455.3,310.5,467.62,310.05,1019,3044,1149,3044,1377,1908
6300088,455.86,311.025,467.54,310.95,1024,3050,1147,3053,1371,1908
6300090,455.38,310.275,467.38,310.5,1019,3042,1146,3048,1372,1907
6300092,455.94,311.4,467.38,311.025,1025,3054,1146,3054,1374,1906
6300094,455.94,311.7,467.62,311.025,1025,3057,1148,3053,1373,1910
6300096,456.42,311.4,468.02,310.875,1030,3053,1152,3052,1371,1907
6300098,455.46,312.075,467.54,311.025,1020,3060,1148,3053,1378,1910
6300100,456.66,311.925,467.94,312.15,1033,3059,1151,3065,1374,1909
6300102,456.1,311.625,467.54,311.7,1027,3055,1148,3060,1374,1908
6300104,456.42,312.225,467.46,311.7,1031,3062,1147,3060,1377,1911
6300106,456.26,311.475,467.46,311.7,1029,3054,1147,3060,1372,1911
6300108,457.14,311.475,467.78,311.7,1038,3054,1150,3060,1371,1910
6300110,456.58,312.3,467.7,311.4,1033,3063,1150,3057,1376,1909
6300112,456.5,311.1,467.78,311.4,1032,3050,1151,3057,1372,1909
6300114,456.74,311.85,467.62,311.475,1034,3058,1149,3058,1375,1909
6300116,457.22,312.225,467.62,311.775,1040,3062,1149,3061,1375,1910
6300118,457.46,311.325,467.78,310.65,1042,3052,1152,3048,1371,1911
6300120,456.42,311.025,468.02,310.575,1032,3049,1155,3047,1372,1907
6300122,456.9,309.9,467.94,310.05,1037,3036,1153,3042,1372,1908
6300124,457.46,311.025,467.7,309.975,1044,3049,1152,3040,1372,1911
6300126,456.58,310.35,467.94,309.825,1035,3040,1155,3039,1369,1908
6300128,457.78,308.7,467.94,310.575,1048,3023,1155,3047,1364,1908
6300130,457.46,310.2,468.18,309.825,1045,3039,1157,3039,1369,1909
6300132,456.9,307.425,468.58,309.9,1040,3008,1162,3039,1362,1907
6300134,458.02,309.825,468.42,309.15,1051,3035,1161,3031,1365,1906
6300136,458.18,309.15,468.18,309.15,1053,3027,1159,3030,1365,1907
6300138,458.1,309.075,468.58,309.075,1052,3026,1163,3030,1365,1905
6300140,457.3,309.225,468.74,309.15,1045,3027,1166,3030,1363,1907
6300142,457.78,308.55,468.42,308.925,1050,3020,1163,3028,1358,1907
6300144,458.74,306.75,468.34,309,1062,2999,1163,3027,1357,1906
6300146,457.7,308.1,468.98,309,1050,3014,1169,3027,1364,1906
6300148,458.26,307.95,468.66,309,1058,3012,1167,3027,1361,1906
6300150,458.5,307.875,468.9,309.075,1060,3011,1169,3028,1360,1905
6300152,458.1,308.025,468.98,309.525,1057,3012,1171,3032,1361,1910
6300154,457.94,309.825,468.82,309.75,1055,3032,1169,3035,1365,1910
6300156,458.82,309.075,469.38,309.825,1066,3023,1177,3035,1367,1911
6300158,458.98,309.525,469.38,310.05,1067,3028,1176,3038,1364,1910
6300160,458.98,309.975,469.7,310.2,1068,3033,1180,3039,1367,1913
6300162,458.66,309.675,469.06,310.575,1065,3029,1174,3043,1365,1915
6300164,458.58,311.625,469.54,311.1,1064,3051,1180,3049,1364,1915
6300166,458.9,310.05,469.7,310.95,1068,3034,1181,3047,1362,1913
6300168,458.02,311.025,469.78,310.8,1059,3044,1183,3045,1366,1912
6300170,459.38,311.25,469.54,311.025,1074,3047,1180,3048,1354,1915
6300172,458.02,309.375,469.46,311.325,1061,3025,1181,3051,1358,1912
6300174,458.98,311.775,469.38,311.25,1070,3052,1180,3049,1358,1913
6300176,458.1,312.6,469.62,311.4,1061,3060,1183,3052,1358,1912
6300178,459.38,312.6,469.7,312.45,1075,3061,1184,3063,1364,1913
6300180,458.34,312.075,469.3,311.925,1065,3055,1181,3057,1364,1911
6300182,457.78,312.375,469.3,312.15,1059,3058,1180,3060,1365,1916
6300184,457.86,310.2,469.38,312.75,1062,3035,1182,3067,1365,1914
6300186,458.18,312.375,469.54,311.7,1064,3059,1184,3055,1369,1914
6300188,458.5,311.55,469.22,311.7,1068,3050,1181,3055,1369,1914
6300190,458.02,312.45,469.62,311.475,1063,3060,1186,3053,1367,1914
6300192,458.74,312.375,469.3,311.775,1071,3060,1182,3057,1368,1912
6300194,458.66,312.075,469.38,311.625,1070,3057,1183,3055,1371,1914
6300196,457.94,311.85,468.5,311.7,1062,3054,1174,3056,1365,1910
6300198,458.1,312.225,469.14,311.625,1064,3059,1181,3056,1371,1914
6300200,458.82,311.775,469.38,311.325,1072,3054,1183,3053,1369,1914
6300202,458.58,312,469.14,311.775,1070,3057,1181,3058,1369,1911
6300204,458.18,311.55,469.22,311.7,1066,3053,1182,3058,1368,1913
6300206,458.26,311.325,468.66,311.175,1066,3050,1177,3052,1371,1911
6300208,458.26,312.075,468.34,312,1067,3059,1173,3061,1370,1914
6300210,457.54,311.775,469.06,311.85,1059,3055,1181,3060,1370,1914
6300212,457.54,311.4,468.58,311.625,1059,3051,1176,3058,1368,1911
6300214,458.26,311.925,468.18,311.775,1067,3057,1171,3059,1366,1911
6300216,457.22,311.325,468.66,311.85,1056,3050,1177,3060,1367,1909
6300218,457.62,311.4,468.34,311.85,1060,3052,1173,3060,1369,1909
6300220,458.02,311.25,467.94,312.45,1065,3050,1168,3067,1366,1912
6300222,457.7,313.95,468.58,312.3,1060,3080,1175,3065,1373,1913
6300224,457.86,311.925,468.34,312.3,1062,3058,1173,3066,1373,1912
6300226,458.02,311.775,467.62,312.15,1063,3057,1165,3064,1365,1912
6300228,457.46,312.525,467.86,312.3,1057,3065,1167,3066,1364,1909
6300230,457.7,313.125,467.86,312.45,1060,3072,1167,3068,1363,1911
6300232,457.78,312.375,467.78,312.15,1060,3064,1166,3064,1366,1912
6300234,457.54,312.675,468.34,312.825,1058,3067,1171,3072,1363,1905
6300236,457.3,312.375,467.78,313.2,1055,3063,1165,3076,1366,1908
6300238,457.54,312.825,467.86,313.575,1057,3068,1166,3080,1361,1905
6300240,457.3,311.025,467.7,312.3,1055,3049,1164,3066,1360,1907
6300242,457.94,313.2,467.62,313.35,1061,3073,1163,3077,1362,1909
6300244,457.86,311.25,467.3,313.125,1060,3051,1158,3075,1355,1906
6300246,457.3,313.05,467.14,313.275,1053,3071,1157,3077,1364,1907
6300248,457.62,313.8,467.62,313.65,1055,3079,1161,3081,1368,1907
6300250,457.38,313.575,466.66,313.875,1053,3077,1151,3083,1368,1905
6300252,457.06,314.4,467.22,313.425,1049,3086,1156,3078,1366,1907
6300254,456.98,312.9,467.46,314.175,1048,3069,1158,3086,1363,1904
6300256,457.46,314.4,466.5,313.725,1052,3086,1147,3082,1367,1902
6300258,457.3,313.95,467.3,314.325,1050,3081,1155,3088,1365,1904
6300260,456.82,314.025,467.06,314.55,1045,3081,1152,3091,1371,1906
6300262,457.54,314.1,466.66,314.1,1052,3082,1149,3085,1370,1904
6300264,457.22,313.65,467.14,314.325,1048,3077,1152,3088,1365,1905
6300266,457.38,313.95,466.82,314.775,1050,3080,1149,3093,1367,1905
6300268,457.78,313.8,466.74,314.85,1054,3079,1147,3094,1365,1904
6300270,456.5,314.4,466.82,315.225,1040,3085,1148,3098,1369,1906
6300272,457.38,314.475,466.82,315.3,1048,3086,1148,3098,1368,1906
6300274,457.06,313.575,466.98,315.525,1045,3076,1149,3101,1364,1905
6300276,457.38,313.35,466.98,314.925,1048,3073,1148,3094,1366,1906
6300278,457.14,314.55,466.58,315.825,1045,3086,1144,3104,1365,1904
6300280,457.14,313.875,466.58,314.925,1045,3078,1143,3093,1359,1904
6300282,457.38,314.025,466.58,314.475,1047,3080,1143,3088,1366,1903
6300284,458.02,314.325,466.34,315.375,1053,3083,1140,3098,1366,1901
6300286,457.7,314.175,466.66,315.075,1049,3082,1144,3095,1364,1904
6300288,456.82,313.725,466.34,315,1040,3077,1139,3093,1368,1903
6300290,456.98,313.35,466.58,314.85,1042,3072,1142,3092,1365,1905
6300292,457.62,314.7,466.5,314.925,1048,3087,1142,3093,1367,1904
6300294,457.62,313.5,466.18,315.3,1048,3074,1138,3097,1369,1902
6300296,457.86,314.4,466.5,315.225,1050,3084,1141,3095,1369,1902
6300298,457.78,314.1,466.66,315.225,1050,3080,1143,3096,1362,1901
6300300,458.1,313.65,466.5,315.3,1053,3076,1141,3096,1365,1901
6300302,457.38,314.775,466.74,315.45,1045,3087,1144,3098,1368,1901
6300304,458.1,315.225,467.22,316.05,1052,3092,1148,3105,1366,1903
6300306,457.86,314.85,467.14,315.825,1050,3088,1147,3102,1368,1902
6300308,457.62,315.15,466.9,316.35,1047,3092,1144,3108,1366,1901
6300310,457.78,315.3,467.22,316.35,1048,3093,1147,3108,1366,1903
6300312,458.34,314.7,467.3,316.725,1054,3087,1148,3112,1366,1900
6300314,458.26,316.725,466.98,316.35,1052,3109,1145,3108,1369,1899
6300316,458.18,316.2,467.3,316.35,1052,3103,1149,3108,1364,1900
6300318,457.7,315.675,467.46,316.8,1047,3097,1150,3114,1364,1901
6300320,459.38,316.275,467.7,317.1,1065,3105,1153,3116,1362,1899
6300322,458.98,315.75,467.86,316.95,1061,3099,1154,3115,1360,1901
6300324,460.02,315.675,467.86,317.25,1072,3098,1154,3118,1362,1900
6300326,459.54,316.65,467.86,317.175,1067,3109,1155,3118,1360,1898
6300328,459.94,317.025,468.18,317.1,1071,3113,1158,3117,1358,1898
6300330,459.54,315.6,467.78,317.325,1067,3098,1154,3119,1361,1900
6300332,459.86,317.55,468.26,317.175,1070,3119,1159,3118,1360,1898
6300334,460.02,317.025,467.78,317.175,1072,3114,1154,3118,1358,1898
6300336,460.58,316.575,468.5,316.875,1079,3109,1162,3115,1361,1896
6300338,460.42,316.275,469.06,317.325,1077,3106,1168,3120,1356,1894
6300340,460.34,316.275,468.42,316.95,1077,3106,1162,3116,1357,1898
6300342,460.5,316.5,468.42,316.65,1078,3109,1161,3113,1354,1900
6300344,461.06,316.05,468.5,317.25,1084,3104,1163,3120,1356,1897
6300346,460.5,315.825,468.82,317.4,1079,3101,1166,3122,1360,1897
6300348,460.5,316.05,468.34,316.8,1080,3104,1162,3116,1361,1896
6300350,460.74,315.975,468.82,317.25,1082,3104,1167,3120,1363,1897
6300352,461.3,315.975,468.66,317.025,1089,3104,1166,3118,1360,1895
6300354,460.66,316.425,468.18,317.175,1082,3108,1161,3119,1361,1896
6300356,460.82,315.45,468.74,317.175,1085,3099,1168,3120,1358,1894
6300358,460.74,316.425,468.74,316.875,1084,3109,1168,3117,1358,1900
6300360,460.1,315.6,468.58,316.95,1078,3100,1167,3117,1361,1897
6300362,460.74,315.9,469.06,316.875,1085,3103,1172,3117,1356,1896
6300364,461.54,316.425,468.42,316.725,1094,3109,1167,3115,1356,1899
6300366,460.34,315.45,468.26,316.95,1082,3098,1165,3118,1358,1893
6300368,460.98,315.825,468.74,317.625,1089,3103,1171,3125,1359,1897
6300370,461.78,315.525,468.74,317.625,1098,3100,1171,3126,1358,1895
6300372,460.82,316.125,468.26,317.325,1088,3107,1166,3122,1360,1895
6300374,460.02,317.1,468.58,317.025,1079,3117,1170,3119,1358,1896
6300376,461.06,316.725,468.5,317.25,1091,3113,1170,3122,1359,1895
6300378,461.22,316.725,468.02,317.925,1093,3114,1165,3128,1361,1896
6300380,460.58,317.475,469.06,317.55,1087,3121,1176,3125,1363,1894
6300382,460.74,315.9,468.26,318.075,1089,3104,1168,3131,1359,1898
6300384,460.74,317.1,468.02,317.925,1089,3118,1166,3129,1363,1897
6300386,460.1,317.1,468.58,318.075,1082,3117,1172,3131,1363,1895
6300388,460.1,317.7,468.18,317.85,1084,3124,1169,3128,1362,1899
6300390,460.42,316.125,468.02,318.3,1087,3107,1166,3134,1362,1894
6300392,460.18,317.625,468.02,318.6,1085,3123,1167,3137,1362,1896
6300394,460.1,318.375,468.1,318.825,1084,3132,1168,3140,1364,1889
6300396,460.34,317.625,468.18,319.05,1087,3124,1169,3142,1363,1894
6300398,460.02,318.675,468.1,318.9,1083,3135,1168,3141,1366,1896
6300400,460.58,318.45,467.78,319.35,1090,3134,1166,3146,1361,1891
6300402,460.02,318.375,468.34,319.275,1084,3132,1171,3145,1362,1895
6300404,459.14,318.825,467.86,319.575,1074,3138,1167,3149,1369,1893
6300406,459.7,318.45,467.62,318.975,1081,3133,1164,3142,1364,1897
6300408,460.1,318.675,468.02,320.475,1085,3136,1168,3159,1366,1890
6300410,459.3,318.45,467.62,319.8,1077,3133,1164,3152,1364,1894
6300412,459.46,318.15,467.62,318.525,1079,3131,1164,3138,1364,1894
6300414,459.78,318.75,467.62,319.65,1082,3137,1164,3150,1359,1893
6300416,459.7,317.775,467.7,318.675,1081,3127,1165,3140,1362,1893
6300418,459.7,317.925,467.14,318.6,1081,3128,1159,3138,1362,1894
6300420,460.1,317.4,467.22,318.675,1086,3123,1161,3140,1359,1896
6300422,459.62,317.625,466.9,319.05,1081,3126,1157,3144,1361,1892
6300424,459.62,318.3,467.14,318.6,1080,3134,1160,3139,1362,1892
6300426,459.62,317.475,466.82,318.45,1081,3124,1157,3137,1361,1893
6300428,459.62,316.95,466.42,318.225,1081,3119,1152,3135,1362,1890
6300430,458.98,316.875,466.5,318,1074,3118,1153,3133,1364,1891
6300432,459.22,317.85,467.22,318.075,1076,3128,1160,3134,1363,1890
6300434,459.38,317.55,466.42,318.075,1078,3125,1152,3134,1364,1890
6300436,459.38,317.925,466.26,318.225,1078,3130,1150,3135,1362,1895
6300438,458.58,317.85,465.46,318.525,1069,3128,1142,3138,1358,1889
6300440,459.62,317.325,466.5,318.375,1081,3123,1152,3136,1365,1894
6300442,458.9,316.95,466.34,318.075,1073,3119,1151,3133,1363,1893
6300444,458.58,317.625,465.94,317.85,1069,3126,1146,3131,1361,1893
6300446,459.22,316.575,466.66,318,1076,3114,1154,3132,1362,1892
6300448,459.86,317.85,466.1,317.85,1082,3128,1148,3131,1361,1891
6300450,458.9,317.025,466.02,317.85,1073,3119,1147,3131,1361,1894
6300452,459.7,317.85,466.5,317.85,1081,3129,1152,3130,1360,1890
6300454,459.38,317.4,466.42,318.075,1077,3123,1151,3133,1365,1893
6300456,458.82,317.55,465.78,317.625,1071,3124,1144,3128,1363,1892
6300458,459.3,318.375,466.34,318.15,1076,3133,1150,3134,1362,1896
6300460,459.38,317.925,465.94,317.925,1076,3128,1146,3131,1361,1893
6300462,458.9,317.1,466.02,318.075,1072,3120,1146,3133,1365,1895
6300464,459.7,317.4,466.34,318,1080,3123,1149,3132,1361,1892
6300466,459.14,317.325,465.86,317.85,1074,3122,1144,3130,1359,1892
6300468,458.98,316.2,465.78,318.375,1073,3109,1144,3135,1359,1893
6300470,460.18,317.175,466.42,318,1085,3120,1150,3132,1362,1894
6300472,459.78,317.025,466.18,318.825,1080,3119,1148,3141,1362,1889
6300474,458.74,317.1,465.94,318.15,1069,3119,1145,3133,1365,1893
6300476,459.62,317.7,466.26,319.125,1079,3126,1149,3144,1365,1893
6300478,459.78,317.775,466.1,319.575,1080,3127,1147,3149,1365,1888
6300480,459.14,318.15,466.02,318.9,1074,3131,1146,3142,1361,1890
6300482,460.34,318.825,466.66,318.3,1086,3139,1153,3136,1369,1896
6300484,459.7,319.05,466.66,319.5,1079,3142,1153,3149,1367,1889
6300486,460.42,317.325,466.9,319.8,1087,3123,1155,3152,1366,1893
6300488,459.78,319.425,466.42,318.825,1080,3146,1151,3142,1371,1889
6300490,459.62,319.275,467.22,318.9,1079,3144,1159,3142,1373,1892
6300492,460.74,318.9,467.22,320.55,1091,3141,1158,3161,1369,1887
6300494,460.1,319.575,467.54,319.725,1083,3147,1162,3152,1373,1886
6300496,460.42,319.8,467.14,319.95,1087,3150,1158,3154,1370,1892
6300498,460.58,318.675,467.78,320.55,1090,3138,1165,3162,1369,1888
6300500,460.9,319.425,467.62,320.775,1093,3147,1163,3165,1374,1891
6300502,460.1,318.225,467.62,320.7,1085,3134,1163,3164,1370,1885
6300504,461.06,319.125,468.26,321.3,1095,3145,1171,3171,1372,1887
6300506,460.1,319.125,468.1,320.625,1085,3144,1169,3164,1369,1887
6300508,460.58,319.425,468.26,320.4,1090,3148,1171,3162,1375,1888
6300510,460.98,319.35,468.42,319.875,1095,3148,1173,3156,1372,1891
6300512,461.06,318.45,468.1,320.1,1096,3138,1170,3159,1372,1885
6300514,460.42,318.525,468.34,320.1,1090,3139,1172,3159,1368,1887
6300516,460.58,319.425,468.5,320.025,1091,3149,1174,3159,1369,1888
6300518,460.74,319.05,468.26,319.5,1093,3145,1172,3153,1371,1886
6300520,460.26,318.525,468.74,319.275,1089,3140,1179,3151,1372,1891
6300522,460.42,318.45,468.5,319.65,1091,3139,1175,3156,1372,1887
6300524,460.34,318.75,468.74,319.35,1090,3143,1179,3153,1373,1888
6300526,460.02,317.85,468.42,319.2,1087,3134,1176,3151,1369,1889
6300528,460.26,318.675,468.58,319.725,1090,3143,1177,3158,1369,1886
6300530,459.78,318.225,468.42,319.05,1086,3138,1176,3150,1371,1887
6300532,460.74,318.75,468.74,318.975,1096,3144,1180,3149,1373,1886
6300534,460.02,317.475,468.74,318.15,1089,3130,1180,3140,1368,1889
6300536,460.02,317.1,468.34,318.825,1089,3126,1177,3148,1366,1889
6300538,460.5,317.55,468.18,318.225,1094,3131,1175,3141,1370,1887
6300540,459.86,317.85,468.26,318.675,1088,3135,1176,3147,1368,1888
6300542,459.62,317.25,468.18,318.975,1085,3128,1175,3150,1370,1888
6300544,460.18,318.375,468.02,318.675,1092,3141,1174,3147,1372,1887
6300546,459.78,318.075,468.18,318.3,1087,3137,1176,3143,1371,1890
6300548,459.54,317.925,468.34,319.275,1085,3135,1177,3153,1368,1885
6300550,460.26,317.775,468.18,319.2,1093,3134,1176,3153,1372,1886
6300552,459.86,317.475,467.7,318.675,1089,3131,1171,3147,1368,1887
6300554,459.86,318.225,468.18,319.425,1089,3139,1176,3156,1372,1887
6300556,459.78,319.5,468.18,319.2,1087,3153,1176,3153,1369,1886
6300558,459.86,318.225,467.7,319.275,1089,3140,1171,3154,1372,1884
6300560,459.54,318.75,468.02,320.175,1085,3145,1174,3164,1371,1883
6300562,459.22,319.65,467.3,319.875,1082,3154,1167,3160,1368,1884
6300564,459.22,318.975,467.46,320.175,1082,3147,1168,3163,1368,1884
6300566,458.9,317.25,466.98,320.325,1079,3129,1163,3165,1367,1885
6300568,459.06,317.925,466.98,320.475,1080,3136,1162,3167,1372,1885
6300570,458.9,318.675,467.14,320.175,1078,3144,1164,3163,1374,1886
6300572,459.22,317.625,467.46,320.85,1081,3132,1167,3171,1368,1882
6300574,459.3,318.225,467.22,320.175,1082,3139,1165,3163,1372,1885
6300576,458.5,318.675,466.9,320.1,1073,3144,1161,3162,1371,1881
6300578,458.82,319.35,467.06,319.8,1076,3152,1163,3159,1370,1884
6300580,458.74,318.3,467.06,320.25,1075,3139,1162,3164,1371,1882
6300582,458.66,318.225,467.14,320.55,1074,3139,1163,3168,1370,1881
6300584,458.5,318.825,466.98,320.025,1072,3145,1161,3161,1374,1882
6300586,458.9,318.75,466.66,319.425,1076,3145,1158,3154,1370,1885
6300588,459.06,317.85,467.38,319.575,1077,3135,1164,3156,1367,1882
6300590,459.54,317.85,467.14,318.975,1082,3135,1162,3150,1373,1886
6300592,458.58,317.925,467.3,319.275,1072,3136,1163,3153,1373,1885
6300594,459.14,317.925,467.22,318.825,1077,3135,1163,3148,1370,1886
6300596,458.82,318.15,466.98,319.2,1074,3138,1159,3152,1369,1884
6300598,458.66,316.35,467.38,318.675,1072,3118,1163,3147,1372,1887
6300600,459.06,317.475,467.3,318.525,1075,3130,1163,3144,1376,1885
6300602,458.98,318.75,467.22,318.3,1075,3144,1162,3142,1374,1887
6300604,458.82,317.475,467.38,318.6,1072,3130,1162,3145,1371,1887
6300606,459.14,318,466.98,318.525,1076,3136,1158,3144,1372,1888
6300608,458.82,319.05,467.38,318.225,1072,3147,1162,3141,1379,1887
6300610,458.82,317.4,467.14,318,1072,3129,1160,3138,1375,1890
6300612,459.86,317.925,467.62,318.075,1082,3135,1164,3140,1374,1890
6300614,458.5,317.475,467.38,318.15,1069,3130,1162,3140,1383,1887
6300616,458.82,318,467.7,317.4,1071,3136,1165,3132,1377,1887
6300618,458.58,317.475,467.86,317.625,1068,3129,1166,3134,1378,1891
6300620,458.82,318.15,467.46,318.15,1071,3137,1161,3140,1379,1884
6300622,459.38,317.175,467.62,317.325,1077,3127,1164,3131,1371,1886
6300624,458.9,317.625,468.34,317.85,1071,3131,1170,3137,1374,1885
6300626,458.58,317.85,467.7,318.3,1067,3134,1163,3141,1371,1882
6300628,459.54,317.025,467.7,317.7,1077,3124,1163,3135,1373,1887
6300630,459.3,317.1,467.7,317.775,1075,3126,1163,3136,1374,1884
6300632,458.66,317.175,468.66,318.3,1067,3126,1172,3142,1374,1884
6300634,459.86,317.85,468.58,318,1080,3134,1172,3138,1373,1885
6300636,458.98,317.325,468.26,318.45,1071,3127,1168,3143,1376,1884
6300638,459.06,317.4,468.18,317.625,1072,3129,1168,3134,1372,1885
6300640,459.46,318,468.74,319.275,1075,3135,1172,3153,1375,1881
6300642,459.94,318.075,468.42,318.15,1080,3136,1170,3140,1373,1882
6300644,459.14,317.85,469.06,318.225,1071,3133,1176,3141,1375,1881
6300646,460.1,317.925,468.58,318,1081,3135,1171,3138,1374,1884
6300648,459.54,317.175,467.94,317.925,1075,3126,1164,3137,1379,1884
6300650,459.3,318.675,468.58,317.625,1072,3142,1171,3134,1378,1884
6300652,459.22,318.075,468.66,317.925,1072,3135,1171,3137,1376,1884
6300654,459.38,317.025,468.26,317.325,1073,3123,1167,3130,1378,1884
6300656,459.46,318.45,468.18,318.375,1073,3139,1165,3141,1373,1884
6300658,458.9,317.25,468.74,318.3,1068,3126,1171,3141,1383,1886
6300660,459.78,317.625,468.42,317.625,1077,3130,1168,3133,1378,1887
6300662,459.78,317.4,468.82,317.925,1076,3128,1172,3137,1378,1883
6300664,459.38,317.625,469.3,317.7,1072,3130,1177,3134,1378,1882
6300666,458.66,317.475,468.1,318,1064,3128,1164,3137,1377,1887
6300668,459.54,318.375,468.74,316.95,1073,3139,1170,3126,1378,1890
6300670,459.54,317.25,468.42,317.4,1073,3126,1167,3131,1379,1890
6300672,459.3,316.425,468.74,317.925,1071,3117,1170,3137,1378,1884
6300674,459.54,316.8,468.98,317.175,1073,3121,1172,3129,1378,1887
6300676,459.3,317.25,468.98,317.55,1070,3125,1172,3132,1379,1887
6300678,459.54,317.175,468.74,316.575,1073,3125,1169,3122,1378,1890
6300680,459.7,316.65,468.82,317.325,1074,3119,1170,3130,1379,1887
6300682,459.14,317.85,468.66,317.1,1068,3132,1169,3127,1382,1886
6300684,459.38,316.65,469.22,317.4,1069,3119,1173,3130,1382,1884
6300686,458.5,316.8,469.06,316.95,1061,3121,1172,3126,1381,1888
6300688,459.14,316.725,468.66,316.725,1067,3119,1167,3122,1381,1889
6300690,459.46,317.025,469.14,316.65,1070,3123,1172,3122,1377,1887
6300692,459.14,316.725,469.3,316.725,1066,3119,1173,3123,1382,1887
6300694,458.9,316.125,468.5,316.2,1064,3112,1165,3117,1382,1888
6300696,458.74,316.125,468.74,316.425,1061,3113,1166,3119,1380,1894
6300698,459.06,317.175,468.58,316.65,1064,3124,1165,3122,1381,1888
6300700,458.74,317.25,468.74,316.35,1060,3125,1166,3119,1387,1888
6300702,458.58,317.625,468.42,317.1,1058,3129,1162,3127,1385,1890
6300704,458.5,315.975,468.74,316.875,1057,3111,1165,3124,1383,1889
6300706,458.82,316.875,468.5,316.425,1061,3121,1162,3120,1379,1890
6300708,457.62,316.2,469.14,315.6,1047,3113,1168,3110,1382,1890
6300710,458.34,316.35,468.74,316.35,1055,3115,1164,3118,1384,1889
6300712,457.86,316.35,468.58,315.975,1049,3114,1162,3114,1384,1892
6300714,458.1,315.675,468.26,316.425,1052,3107,1158,3119,1380,1890
6300716,458.1,315.6,468.74,316.2,1050,3106,1162,3117,1384,1891
6300718,458.34,317.175,468.34,317.025,1053,3123,1158,3125,1386,1891
6300720,458.26,316.2,468.26,316.875,1051,3113,1157,3124,1389,1887
6300722,458.58,316.2,468.42,316.425,1054,3113,1158,3119,1386,1890
6300724,458.42,316.425,468.02,316.875,1052,3116,1153,3124,1383,1889
6300726,457.78,316.8,468.34,317.1,1045,3120,1156,3127,1386,1890
6300728,458.26,316.125,467.94,316.875,1050,3113,1152,3124,1382,1891
6300730,458.18,316.65,468.18,317.25,1048,3118,1154,3128,1386,1889
6300732,457.94,316.125,468.5,316.65,1046,3112,1157,3122,1387,1889
6300734,457.7,317.175,468.42,317.1,1043,3124,1156,3127,1387,1890
6300736,457.78,316.125,468.34,317.625,1043,3113,1154,3133,1383,1887
6300738,457.14,316.275,468.5,317.1,1036,3115,1156,3128,1384,1888
6300740,457.54,316.65,468.66,316.95,1039,3118,1157,3126,1387,1889
6300742,458.34,316.275,468.66,316.95,1048,3115,1157,3126,1386,1887
6300744,457.94,315.975,468.66,317.025,1043,3112,1156,3127,1388,1890
6300746,457.78,317.25,468.58,316.95,1041,3126,1155,3126,1385,1891
6300748,458.1,317.175,468.66,316.95,1044,3125,1156,3126,1381,1890
6300750,458.34,315.675,468.9,316.575,1047,3109,1158,3122,1384,1892
6300752,458.1,316.125,468.82,316.65,1043,3114,1156,3123,1384,1891
6300754,457.7,316.35,468.82,316.425,1040,3116,1157,3121,1387,1890
6300756,458.42,315.75,468.98,316.35,1047,3110,1158,3120,1387,1891
6300758,458.42,315.75,468.98,316.65,1046,3110,1158,3123,1389,1891
6300760,457.78,315.45,469.06,317.1,1040,3107,1158,3129,1385,1891
6300762,458.34,315.75,468.98,316.2,1045,3110,1158,3120,1389,1893
6300764,458.18,315.45,469.06,316.425,1044,3108,1158,3122,1386,1893
6300766,458.34,316.05,469.38,316.5,1045,3114,1161,3123,1392,1893
6300768,458.18,314.7,469.06,316.275,1044,3100,1158,3120,1388,1891
6300770,458.34,315.45,468.98,316.275,1046,3108,1157,3120,1388,1895
6300772,457.86,315.6,469.3,316.275,1040,3110,1160,3121,1384,1891
6300774,458.9,315.375,469.22,315.6,1051,3107,1160,3113,1384,1891
6300776,458.02,315.375,469.3,315.975,1042,3107,1161,3118,1384,1891
6300778,458.26,315.45,469.38,315.9,1044,3109,1161,3117,1389,1891
6300780,457.38,315.225,469.06,316.35,1035,3106,1158,3122,1388,1893
6300782,458.66,315.45,469.06,316.275,1048,3109,1157,3121,1389,1895
6300784,458.26,314.925,469.38,315.9,1045,3103,1161,3117,1392,1891
6300786,458.42,315.375,470.18,316.275,1046,3108,1170,3122,1388,1896
6300788,458.02,315,469.7,316.35,1042,3104,1165,3123,1389,1895
6300790,458.26,315.225,469.94,316.05,1045,3106,1167,3119,1392,1895
6300792,457.86,315.675,470.26,316.275,1041,3112,1171,3122,1390,1897
6300794,458.82,315.15,469.7,315.825,1051,3106,1165,3117,1395,1893
6300796,458.66,316.875,469.94,315.825,1049,3125,1168,3118,1398,1896
6300798,458.34,314.85,470.82,316.35,1046,3103,1178,3124,1389,1896
6300800,457.86,315,469.94,316.8,1041,3104,1168,3129,1391,1894
6300802,458.5,315,470.42,315.975,1049,3105,1173,3120,1388,1898
6300804,458.02,314.7,470.58,316.35,1044,3101,1175,3124,1391,1897
6300806,458.42,315.225,470.82,316.2,1048,3107,1178,3122,1389,1897
6300808,458.18,315.525,470.18,316.575,1045,3111,1171,3127,1391,1895
6300810,458.02,315.75,471.46,316.2,1044,3113,1185,3123,1393,1894
6300812,459.06,315.825,470.66,316.275,1055,3115,1177,3124,1393,1896
6300814,458.58,315.525,470.9,316.35,1050,3111,1180,3125,1398,1899
6300816,458.1,315.6,471.14,316.2,1045,3112,1183,3123,1396,1895
6300818,458.82,315.45,471.14,316.65,1053,3111,1182,3128,1395,1897
6300820,458.18,315.9,470.66,317.025,1046,3115,1178,3132,1396,1899
6300822,458.26,314.925,471.3,316.125,1047,3105,1185,3123,1391,1894
6300824,458.98,315.15,470.98,316.125,1055,3108,1182,3123,1392,1896
6300826,459.46,314.775,470.66,316.125,1061,3104,1178,3123,1393,1895
6300828,459.14,313.95,471.54,316.05,1058,3095,1188,3122,1391,1895
6300830,460.1,314.7,471.22,316.05,1068,3103,1185,3123,1391,1894
6300832,458.82,314.85,471.3,316.125,1055,3105,1186,3123,1392,1892
6300834,458.82,315,471.38,315.975,1055,3107,1187,3122,1399,1896
6300836,458.5,315.075,471.62,316.65,1052,3108,1189,3130,1396,1896
6300838,458.34,315.6,471.06,316.125,1049,3114,1183,3124,1395,1901
6300840,458.82,315,471.3,316.275,1055,3107,1186,3126,1395,1899
6300842,458.42,313.95,471.86,315.675,1052,3096,1193,3119,1397,1897
6300844,458.9,314.625,471.14,315.6,1057,3103,1186,3119,1396,1896
6300846,458.18,314.625,471.38,316.05,1049,3103,1188,3123,1391,1901
6300848,459.22,314.25,471.22,315.675,1061,3100,1187,3120,1384,1898
6300850,459.22,314.85,470.98,316.125,1061,3107,1184,3125,1393,1902
6300852,458.66,313.95,470.74,316.125,1056,3096,1183,3124,1396,1899
6300854,458.5,314.25,471.62,316.275,1054,3100,1192,3127,1395,1899
6300856,459.06,314.625,471.06,315.975,1061,3104,1187,3123,1397,1900
6300858,459.14,314.4,471.22,315.975,1062,3102,1188,3124,1395,1900
6300860,459.06,314.625,471.54,315.45,1062,3104,1193,3118,1398,1901
6300862,458.66,314.175,471.3,315.45,1058,3099,1190,3118,1404,1902
6300864,458.34,315.3,471.14,315.825,1054,3111,1189,3122,1404,1904
6300866,457.94,313.275,471.54,315.9,1051,3089,1193,3122,1397,1900
6300868,459.06,314.85,471.38,316.05,1063,3107,1192,3124,1400,1901
6300870,458.9,314.025,471.3,315.45,1061,3097,1191,3118,1400,1906
6300872,458.18,315.075,471.3,316.2,1054,3109,1192,3126,1400,1901
6300874,458.18,314.1,471.14,315.45,1054,3098,1190,3117,1390,1902
6300876,457.94,314.775,470.5,315.975,1051,3106,1184,3123,1388,1902
6300878,458.26,315,471.06,316.05,1055,3108,1189,3124,1392,1904
6300880,458.02,314.85,471.46,317.1,1053,3107,1194,3136,1395,1907
6300882,458.26,314.475,471.22,316.125,1055,3102,1192,3125,1398,1901
6300884,458.5,314.625,470.82,316.35,1058,3104,1188,3127,1401,1907
6300886,458.74,313.575,470.9,316.275,1061,3092,1189,3126,1402,1908
6300888,457.38,314.55,471.06,316.275,1047,3102,1190,3127,1403,1900
6300890,458.34,314.25,470.98,316.575,1057,3099,1189,3130,1398,1910
6300892,458.74,314.925,470.9,316.95,1061,3107,1188,3133,1399,1909
6300894,457.54,314.925,471.14,316.125,1049,3107,1191,3124,1399,1906
6300896,457.46,316.2,470.98,317.325,1047,3121,1189,3138,1400,1911
6300898,458.18,314.625,471.06,317.25,1055,3104,1190,3137,1403,1911
6300900,458.18,315,470.74,317.4,1055,3108,1187,3139,1396,1910
6300902,458.18,316.2,471.14,317.4,1055,3121,1191,3139,1401,1914
6300904,457.94,315.6,471.14,318.675,1052,3114,1191,3153,1407,1914
6300906,458.02,314.925,471.22,318.3,1054,3107,1192,3149,1403,1911
6300908,458.02,315.45,471.06,317.1,1053,3113,1190,3135,1402,1910
6300910,457.38,315.375,471.06,318.225,1047,3112,1190,3148,1401,1916
6300912,457.7,315.3,470.98,317.1,1050,3110,1189,3136,1405,1909
6300914,457.94,316.95,470.98,318.075,1052,3129,1189,3146,1404,1915
6300916,458.42,315.675,471.22,317.7,1057,3115,1191,3142,1408,1918
6300918,456.82,314.7,470.98,317.55,1041,3104,1189,3141,1406,1918
6300920,458.74,316.275,470.98,316.875,1060,3122,1189,3133,1408,1912
6300922,457.3,315.375,470.98,316.725,1045,3111,1189,3131,1401,1914
6300924,457.62,314.25,470.98,317.55,1049,3099,1189,3140,1399,1917
6300926,457.94,314.55,470.66,316.8,1052,3102,1185,3131,1402,1915
6300928,458.1,315.375,470.74,316.2,1053,3111,1186,3125,1402,1914
6300930,458.42,314.55,470.58,315.675,1057,3103,1185,3119,1401,1915
6300932,457.62,313.875,470.5,316.2,1048,3094,1183,3124,1400,1914
6300934,457.3,314.4,470.66,315.225,1044,3100,1185,3114,1401,1911
6300936,458.42,313.425,470.98,316.275,1056,3089,1188,3125,1403,1915
6300938,457.62,314.25,470.9,315.525,1048,3098,1188,3117,1404,1911
6300940,457.78,315.075,470.82,315.525,1049,3106,1187,3116,1402,1913
6300942,457.62,312.9,470.66,315.525,1048,3083,1185,3116,1395,1913
6300944,456.98,314.7,470.66,314.775,1040,3102,1185,3107,1396,1913
6300946,457.94,313.8,470.5,314.55,1051,3092,1183,3105,1398,1913
6300948,457.38,314.625,470.98,315.75,1044,3101,1188,3118,1398,1916
6300950,457.78,313.425,470.66,314.1,1049,3088,1184,3100,1394,1914
6300952,457.94,314.625,470.9,315.975,1050,3100,1186,3120,1397,1916
6300954,457.54,314.7,471.06,316.575,1046,3101,1188,3127,1405,1922
6300956,457.54,315.075,470.58,315.3,1046,3105,1183,3112,1402,1919
6300958,457.14,314.25,470.9,315,1042,3096,1186,3109,1404,1917
6300960,457.7,314.175,471.3,315.975,1048,3095,1191,3119,1405,1926
6300962,458.02,315,471.22,314.775,1051,3104,1190,3106,1408,1920
6300964,457.46,314.55,471.14,315.9,1046,3098,1189,3118,1409,1918
6300966,458.18,313.65,471.86,315.975,1054,3089,1197,3119,1405,1926
6300968,458.34,313.725,470.98,315.825,1055,3089,1187,3117,1408,1922
6300970,457.46,314.775,471.22,315.375,1045,3100,1190,3112,1400,1921
6300972,458.26,314.55,471.62,316.725,1054,3098,1194,3127,1402,1927
6300974,458.58,314.85,471.38,315.3,1057,3102,1192,3111,1399,1919
6300976,457.94,314.325,471.46,316.275,1051,3096,1193,3122,1398,1927
6300978,457.54,313.725,471.14,314.25,1047,3088,1190,3099,1399,1918
6300980,458.58,314.1,471.3,315.75,1058,3093,1191,3116,1397,1920
6300982,457.7,314.7,471.46,316.5,1048,3099,1193,3124,1405,1928
6300984,457.54,314.85,471.22,316.125,1046,3101,1190,3120,1404,1925
6300986,458.9,314.775,471.86,317.1,1060,3100,1197,3131,1410,1927
6300988,458.1,315.375,471.38,317.775,1052,3107,1191,3138,1405,1931
6300990,457.3,313.875,471.62,317.325,1044,3090,1194,3133,1409,1933
6300992,457.7,315.9,471.38,317.4,1047,3112,1191,3134,1408,1930
6300994,457.46,314.925,471.46,316.875,1045,3102,1192,3128,1410,1932
6300996,457.3,314.025,471.54,316.65,1044,3091,1193,3126,1406,1929
6300998,457.62,316.35,471.62,318,1046,3118,1194,3141,1409,1932
6301000,456.98,315,471.54,317.925,1040,3103,1192,3140,1409,1935
6301002,457.46,315.3,471.86,317.175,1045,3106,1196,3131,1411,1934
6301004,456.42,316.125,471.38,317.85,1034,3114,1190,3139,1413,1933
6301006,457.62,314.475,471.38,317.925,1047,3097,1191,3140,1408,1935
6301008,456.42,314.4,471.38,317.925,1033,3096,1191,3140,1408,1934
6301010,457.54,315,471.86,317.7,1045,3103,1195,3137,1414,1935
6301012,457.7,315.225,471.78,316.725,1047,3105,1195,3127,1407,1935
6301014,456.82,315.45,471.62,317.7,1038,3107,1193,3138,1409,1939
6301016,457.46,315.6,471.86,317.325,1044,3110,1195,3134,1404,1935
6301018,458.5,315.075,471.3,316.725,1055,3104,1190,3127,1411,1936
6301020,458.02,315.825,471.22,317.325,1049,3112,1188,3134,1410,1935
6301022,457.94,313.725,471.78,317.475,1049,3090,1194,3136,1405,1933
6301024,457.54,313.65,471.54,317.325,1045,3089,1191,3134,1402,1938
6301026,458.18,313.275,471.62,316.35,1052,3085,1192,3124,1406,1938
6301028,458.1,314.4,471.7,315.9,1051,3098,1193,3119,1405,1933
6301030,457.46,314.925,471.7,316.8,1043,3103,1193,3128,1411,1935
6301032,458.02,315.375,471.14,316.575,1049,3108,1187,3127,1408,1942
6301034,457.38,313.125,471.46,315.975,1043,3083,1191,3120,1408,1934
6301036,457.62,313.95,471.38,316.425,1046,3093,1190,3125,1402,1936
6301038,457.7,313.725,471.78,315.975,1047,3090,1194,3120,1406,1937
6301040,457.06,313.5,471.3,314.475,1040,3087,1190,3104,1400,1934
6301042,457.7,313.125,471.46,315.675,1047,3084,1191,3116,1404,1939
6301044,456.74,313.275,471.54,314.775,1036,3085,1192,3107,1397,1936
6301046,457.86,313.425,471.3,315.3,1048,3087,1189,3112,1402,1933
6301048,455.94,313.5,471.7,315.9,1028,3088,1193,3119,1407,1937
6301050,456.58,312.75,471.78,314.925,1035,3079,1194,3108,1406,1939
6301052,457.46,314.1,471.22,314.775,1043,3095,1188,3107,1408,1935
6301054,456.98,314.175,471.22,315.075,1038,3096,1188,3111,1411,1936
6301056,457.54,314.7,471.06,315.825,1044,3101,1186,3119,1408,1942
6301058,457.06,314.025,471.3,316.125,1039,3094,1188,3122,1412,1940
6301060,455.7,314.925,471.14,316.8,1024,3103,1186,3129,1413,1941
6301062,456.66,314.4,471.46,316.8,1035,3098,1190,3129,1414,1948
6301064,456.58,314.4,471.94,316.875,1034,3098,1195,3131,1413,1942
6301066,456.66,314.4,471.78,317.025,1035,3098,1193,3132,1410,1947
6301068,457.54,314.175,471.06,317.475,1044,3096,1186,3137,1408,1948
6301070,456.34,315.375,471.78,317.4,1031,3109,1193,3137,1409,1946
6301072,456.82,314.7,471.3,317.475,1036,3102,1188,3138,1404,1949
6301074,456.74,315.225,471.54,318,1036,3108,1190,3144,1403,1942
6301076,456.02,314.175,471.94,317.85,1028,3096,1194,3142,1406,1946
6301078,456.82,315.75,471.62,318.75,1036,3114,1191,3152,1403,1943
6301080,456.34,315.6,471.3,318.675,1030,3113,1187,3151,1403,1946
6301082,456.02,316.725,472.02,317.925,1026,3124,1195,3143,1415,1946
6301084,456.34,315.525,471.94,318.3,1030,3112,1193,3148,1413,1946
6301086,455.22,315,471.7,318.45,1018,3106,1191,3150,1411,1946
6301088,455.62,317.1,472.02,318.225,1022,3129,1194,3147,1415,1945
6301090,456.42,317.475,471.62,318.375,1030,3133,1190,3149,1414,1949
6301092,456.9,316.35,471.7,318.45,1035,3122,1190,3150,1408,1947
6301094,455.78,317.475,471.86,318.075,1023,3133,1192,3146,1418,1950
6301096,455.86,316.875,471.62,318.6,1023,3127,1189,3151,1414,1947
6301098,456.1,315.75,471.78,318.375,1027,3115,1191,3150,1410,1950
6301100,455.46,317.175,471.78,317.85,1019,3130,1190,3144,1418,1948
6301102,455.54,316.575,471.38,318.075,1020,3124,1186,3146,1418,1948
6301104,455.38,314.85,471.06,318.075,1019,3105,1182,3146,1412,1949
6301106,455.78,315.3,471.78,317.4,1022,3110,1190,3139,1413,1948
6301108,455.3,315.6,471.62,317.325,1017,3114,1189,3138,1417,1952
6301110,454.5,316.425,471.14,317.85,1008,3122,1183,3143,1418,1950
6301112,454.82,315.15,471.54,317.25,1011,3108,1188,3136,1411,1951
6301114,454.9,314.7,471.06,317.4,1013,3103,1183,3138,1413,1952
6301116,454.42,316.35,471.14,317.175,1007,3120,1183,3136,1414,1949
6301118,454.82,315.75,471.14,316.575,1011,3114,1183,3129,1416,1953
6301120,454.82,314.55,471.38,317.175,1012,3100,1186,3135,1412,1949
6301122,454.5,314.175,471.22,317.1,1008,3096,1184,3135,1410,1952
6301124,454.98,314.55,470.9,317.025,1013,3100,1180,3133,1413,1945
6301126,455.22,315.6,471.14,317.55,1016,3111,1182,3139,1410,1953
6301128,455.14,314.625,471.46,317.475,1015,3100,1186,3137,1407,1953
6301130,454.5,314.475,471.22,317.775,1008,3099,1183,3141,1410,1949
6301132,454.58,315.9,471.38,317.625,1008,3113,1185,3139,1415,1950
6301134,454.34,313.8,471.06,317.325,1007,3090,1182,3135,1405,1949
6301136,454.34,314.325,471.14,318.075,1006,3095,1182,3142,1407,1950
6301138,454.02,316.125,471.46,318.225,1003,3115,1186,3145,1405,1951
6301140,454.98,314.85,471.38,317.775,1013,3101,1185,3139,1408,1950
6301142,454.74,315.075,471.22,318.15,1011,3103,1183,3142,1406,1950
6301144,454.82,315.525,471.22,318.225,1011,3107,1182,3143,1408,1949
6301146,454.34,315.525,471.22,318.225,1006,3107,1183,3143,1401,1948
6301148,454.66,316.2,471.3,318.825,1008,3114,1183,3148,1407,1948
6301150,455.06,315.975,471.22,318.525,1013,3111,1182,3145,1410,1949
6301152,455.46,316.275,471.38,319.05,1017,3114,1184,3150,1411,1949
6301154,454.18,316.425,471.7,319.05,1004,3115,1187,3150,1416,1952
6301156,454.9,316.125,471.7,318.9,1011,3111,1187,3148,1409,1948
6301158,456.02,316.35,471.54,319.575,1023,3114,1185,3155,1409,1954
6301160,455.14,316.275,471.94,319.125,1014,3113,1190,3150,1411,1950
6301162,454.5,316.875,472.1,318.225,1007,3119,1192,3140,1413,1952
6301164,455.06,316.725,471.62,319.275,1012,3117,1187,3151,1416,1952
6301166,454.9,316.725,472.26,318.975,1011,3116,1193,3147,1411,1949
6301168,455.14,317.325,472.1,318.825,1014,3122,1192,3145,1411,1949
6301170,454.9,316.95,472.18,318.6,1011,3119,1193,3143,1407,1953
6301172,455.46,317.025,472.34,318.75,1018,3119,1195,3144,1409,1949
6301174,455.62,315.375,471.94,318.45,1020,3101,1190,3140,1407,1952
6301176,455.46,315.75,472.26,319.05,1018,3105,1194,3146,1403,1951
6301178,455.94,315.975,472.26,317.925,1023,3107,1195,3135,1404,1951
6301180,456.02,316.725,472.18,318.375,1025,3115,1195,3138,1404,1952
6301182,455.3,316.575,473.06,318,1017,3113,1204,3135,1414,1951
6301184,455.94,317.175,472.74,318.225,1024,3119,1201,3137,1414,1948
6301186,455.54,316.125,472.9,317.925,1020,3107,1203,3134,1412,1951
6301188,455.94,316.65,473.14,317.775,1024,3113,1206,3131,1410,1954
6301190,456.1,316.35,472.98,317.925,1026,3110,1204,3134,1411,1951
6301192,456.1,316.125,473.3,317.85,1027,3107,1208,3133,1408,1950
6301194,457.54,315.75,473.46,318.225,1042,3104,1209,3136,1415,1950
6301196,457.62,316.275,473.62,317.625,1044,3109,1212,3130,1411,1949
6301198,458.26,315.3,473.86,318.525,1051,3099,1214,3139,1406,1950
6301200,457.54,315.675,473.22,318.45,1044,3103,1208,3138,1404,1946
6301202,459.22,317.325,473.22,318.525,1061,3121,1208,3139,1413,1947
6301204,459.78,316.725,473.46,318.45,1067,3115,1211,3138,1412,1946
6301206,459.54,316.575,473.78,318.525,1065,3113,1214,3140,1408,1947
6301208,460.02,317.55,473.38,318.675,1071,3124,1211,3141,1407,1948
6301210,460.66,317.4,473.06,319.575,1077,3122,1207,3151,1406,1944
6301212,461.54,317.925,473.3,320.175,1087,3129,1210,3158,1405,1941
6301214,461.78,318.15,473.06,320.25,1089,3131,1208,3159,1408,1941
6301216,462.42,319.35,472.82,320.925,1096,3145,1206,3166,1406,1942
6301218,463.94,319.575,472.34,320.925,1112,3148,1201,3166,1400,1940
6301220,464.58,318.75,471.7,321.9,1119,3139,1193,3176,1395,1936
6301222,466.1,320.4,471.62,322.05,1136,3158,1193,3178,1399,1935
6301224,467.94,320.1,471.06,323.25,1156,3156,1188,3191,1390,1931
6301226,469.94,319.575,469.7,322.65,1176,3150,1173,3184,1388,1930
6301228,471.86,319.2,468.66,322.125,1197,3147,1163,3178,1384,1927
6301230,474.9,318.375,466.5,321.525,1230,3139,1140,3171,1392,1925
6301232,477.86,318.6,464.98,322.2,1261,3143,1124,3178,1380,1925
6301234,479.46,324,463.46,324.75,1277,3203,1108,3206,1360,1906
6301236,482.66,337.05,461.3,325.575,1307,3349,1085,3214,1318,1897
6301238,485.46,349.125,460.98,331.875,1333,3484,1080,3284,1269,1858
6301240,486.18,373.2,456.98,348.6,1334,3753,1033,3469,1185,1774
6301242,486.42,406.425,452.9,376.65,1328,4128,980,3780,1082,1649
6301244,487.14,428.7,448.98,406.275,1330,4383,928,4114,982,1511
6301246,487.94,449.775,443.7,433.05,1332,4625,862,4415,888,1376
6301248,488.58,480.225,437.54,466.35,1330,4977,784,4796,777,1210
6301250,489.94,498.975,433.7,500.475,1339,5196,729,5190,702,1034
6301252,493.86,533.625,428.1,534.975,1372,5604,654,5592,590,861
6301254,501.54,554.925,425.86,566.7,1450,5860,617,5967,508,687
6301256,503.06,582.975,419.78,597.675,1459,6196,538,6337,406,528
6301258,NaN,NaN,NaN,NaN,NaN,NaN,NaN,NaN,0,0
6301260,NaN,NaN,NaN,NaN,NaN,NaN,NaN,NaN,0,0
6301262,NaN,NaN,NaN,NaN,NaN,NaN,NaN,NaN,0,0
6301264,NaN,NaN,NaN,NaN,NaN,NaN,NaN,NaN,0,0
6301266,NaN,NaN,NaN,NaN,NaN,NaN,NaN,NaN,0,0
6301268,NaN,NaN,NaN,NaN,NaN,NaN,NaN,NaN,0,0
6301270,NaN,NaN,NaN,NaN,NaN,NaN,NaN,NaN,0,0
6301272,NaN,NaN,NaN,NaN,NaN,NaN,NaN,NaN,0,0
6301274,NaN,NaN,NaN,NaN,NaN,NaN,NaN,NaN,0,0
6301276,NaN,NaN,NaN,NaN,NaN,NaN,NaN,NaN,0,0
6301278,NaN,NaN,NaN,NaN,NaN,NaN,NaN,NaN,0,0
6301280,NaN,NaN,NaN,NaN,NaN,NaN,NaN,NaN,0,0
6301282,NaN,NaN,NaN,NaN,NaN,NaN,NaN,NaN,0,0
6301284,NaN,NaN,NaN,NaN,NaN,NaN,NaN,NaN,0,0
6301286,NaN,NaN,NaN,NaN,NaN,NaN,NaN,NaN,0,0
6301288,NaN,NaN,NaN,NaN,NaN,NaN,NaN,NaN,0,0
6301290,NaN,NaN,NaN,NaN,NaN,NaN,NaN,NaN,0,0
6301292,NaN,NaN,NaN,NaN,NaN,NaN,NaN,NaN,0,0
6301294,NaN,NaN,NaN,NaN,NaN,NaN,NaN,NaN,0,0
6301296,NaN,NaN,NaN,NaN,NaN,NaN,NaN,NaN,0,0
6301298,NaN,NaN,NaN,NaN,NaN,NaN,NaN,NaN,0,0
6301300,NaN,NaN,NaN,NaN,NaN,NaN,NaN,NaN,0,0
6301302,NaN,NaN,NaN,NaN,NaN,NaN,NaN,NaN,0,0
6301304,NaN,NaN,NaN,NaN,NaN,NaN,NaN,NaN,0,0
6301306,NaN,NaN,NaN,NaN,NaN,NaN,NaN,NaN,0,0
6301308,NaN,NaN,NaN,NaN,NaN,NaN,NaN,NaN,0,0
6301310,NaN,NaN,NaN,NaN,NaN,NaN,NaN,NaN,0,0
6301312,NaN,NaN,NaN,NaN,NaN,NaN,NaN,NaN,0,0
6301314,NaN,NaN,NaN,NaN,NaN,NaN,NaN,NaN,0,0
6301316,NaN,NaN,NaN,NaN,NaN,NaN,NaN,NaN,0,0
6301318,NaN,NaN,NaN,NaN,NaN,NaN,NaN,NaN,0,0
6301320,NaN,NaN,NaN,NaN,NaN,NaN,NaN,NaN,0,0
6301322,NaN,NaN,NaN,NaN,NaN,NaN,NaN,NaN,0,0
6301324,NaN,NaN,NaN,NaN,NaN,NaN,NaN,NaN,0,0
6301326,NaN,NaN,NaN,NaN,NaN,NaN,NaN,NaN,0,0
6301328,NaN,NaN,NaN,NaN,NaN,NaN,NaN,NaN,0,0
6301330,NaN,NaN,NaN,NaN,NaN,NaN,NaN,NaN,0,0
6301332,NaN,NaN,NaN,NaN,NaN,NaN,NaN,NaN,0,0
6301334,NaN,NaN,NaN,NaN,NaN,NaN,NaN,NaN,0,0
6301336,NaN,NaN,NaN,NaN,NaN,NaN,NaN,NaN,0,0
6301338,NaN,NaN,NaN,NaN,NaN,NaN,NaN,NaN,0,0
6301340,NaN,NaN,NaN,NaN,NaN,NaN,NaN,NaN,0,0
6301342,NaN,NaN,NaN,NaN,NaN,NaN,NaN,NaN,0,0
6301344,NaN,NaN,NaN,NaN,NaN,NaN,NaN,NaN,0,0
6301346,NaN,NaN,NaN,NaN,NaN,NaN,NaN,NaN,0,0
6301348,NaN,NaN,NaN,NaN,NaN,NaN,NaN,NaN,0,0
6301350,NaN,NaN,NaN,NaN,NaN,NaN,NaN,NaN,0,0
6301352,NaN,NaN,NaN,NaN,NaN,NaN,NaN,NaN,0,0
6301354,451.14,553.725,444.82,614.1,891,5827,798,6547,366,336
6301356,451.22,553.725,444.82,614.1,891,5827,798,6548,366,336
6301358,449.3,533.55,444.5,595.125,878,5587,802,6318,430,420
6301360,447.38,513.225,444.18,575.925,865,5348,805,6088,495,504
6301362,449.54,496.875,447.06,556.575,894,5159,844,5859,561,585
6301364,448.26,484.725,450.18,537.9,884,5016,885,5640,616,672
6301366,444.58,466.425,454.98,521.25,851,4804,944,5446,679,753
6301368,446.18,450.075,456.82,505.575,874,4616,969,5263,731,841
6301370,440.9,434.775,459.22,490.575,823,4439,1000,5090,788,923
6301372,441.94,424.575,459.86,474.225,838,4324,1013,4901,832,1011
6301374,442.1,407.55,461.14,457.2,846,4130,1032,4705,890,1090
6301376,444.9,391.5,461.46,440.85,882,3950,1041,4517,935,1166
6301378,443.06,388.725,463.94,427.2,863,3919,1073,4362,972,1236
6301380,444.18,373.8,466.82,413.7,881,3751,1108,4210,1029,1299
6301382,444.98,364.05,468.74,401.4,893,3643,1133,4071,1056,1361
6301384,445.38,354.6,469.06,387.825,901,3538,1141,3918,1103,1426
6301386,445.14,344.025,469.46,375.15,902,3421,1149,3777,1148,1487
6301388,446.34,335.625,472.26,364.425,918,3328,1182,3658,1167,1537
6301390,447.3,327.675,472.74,351,931,3240,1192,3508,1206,1596
6301392,449.22,317.025,472.9,338.4,954,3123,1197,3369,1237,1652
6301394,449.54,313.875,475.3,328.5,959,3090,1226,3260,1261,1700
6301396,450.1,306.375,475.46,318.375,967,3008,1230,3148,1280,1739
6301398,450.1,299.475,475.78,309.3,970,2932,1237,3049,1297,1778
6301400,450.58,293.925,475.3,303.975,977,2871,1233,2990,1322,1802
6301402,449.86,291.075,475.06,295.275,970,2841,1234,2895,1335,1833
6301404,449.38,286.95,474.66,290.775,967,2796,1231,2846,1346,1852
6301406,448.9,287.25,474.1,287.325,962,2799,1226,2809,1352,1867
6301408,448.82,283.95,473.46,285.825,963,2763,1220,2792,1358,1878
6301410,448.58,283.5,473.22,286.5,960,2759,1218,2800,1357,1876
6301412,448.34,282.75,472.98,285.225,958,2751,1216,2786,1356,1880
6301414,448.5,284.175,472.82,285.825,959,2766,1213,2792,1359,1881
6301416,448.74,283.8,472.34,286.275,962,2762,1209,2797,1365,1886
6301418,448.74,283.65,472.18,286.125,962,2760,1207,2796,1365,1883
6301420,448.26,285,472.1,286.65,957,2775,1206,2802,1368,1884
6301422,449.22,284.175,471.62,286.35,967,2767,1201,2798,1362,1886
6301424,447.22,284.325,471.46,286.875,946,2767,1199,2804,1370,1884
6301426,447.94,284.7,471.3,287.325,954,2772,1198,2809,1363,1886
6301428,448.42,284.625,471.22,287.775,959,2772,1197,2814,1369,1887
6301430,448.1,286.5,471.22,288.075,955,2792,1197,2817,1368,1885
6301432,447.46,285.9,470.9,288.6,949,2785,1194,2822,1366,1888
6301434,447.62,286.35,470.66,289.5,951,2790,1191,2832,1365,1885
6301436,446.9,286.275,470.74,291.75,943,2789,1191,2857,1368,1888
6301438,447.38,286.2,470.02,292.425,948,2787,1183,2864,1366,1884
6301440,447.7,287.7,470.18,294.6,951,2804,1185,2887,1364,1883
6301442,448.26,287.175,469.86,295.575,957,2799,1182,2898,1366,1883
6301444,447.14,287.925,469.86,296.1,946,2806,1181,2903,1367,1887
6301446,447.7,290.4,469.38,296.475,951,2833,1177,2907,1368,1887
6301448,446.98,290.625,469.46,297.15,943,2835,1177,2914,1366,1892
6301450,446.9,290.325,469.22,297.6,943,2832,1175,2919,1367,1890
6301452,447.3,292.05,469.46,299.1,946,2851,1176,2936,1377,1890
6301454,447.38,291.9,469.46,299.7,948,2849,1177,2942,1373,1888
6301456,447.3,293.1,468.82,299.55,946,2862,1170,2940,1379,1889
6301458,446.9,294.6,468.9,300.225,942,2879,1171,2947,1374,1889
6301460,446.82,293.4,468.9,300.6,941,2865,1171,2952,1374,1888
6301462,447.14,295.35,468.74,300.9,944,2886,1170,2955,1374,1888
6301464,447.06,294.375,468.42,301.95,944,2876,1165,2966,1369,1886
6301466,447.3,293.625,468.98,301.65,947,2868,1172,2963,1370,1888
6301468,447.86,296.475,468.58,302.175,951,2899,1168,2969,1376,1885
6301470,447.46,296.55,468.42,302.775,947,2900,1166,2975,1376,1886
6301472,447.14,294.45,468.1,302.925,945,2876,1162,2977,1375,1883
6301474,447.94,296.7,468.02,303.225,952,2901,1162,2980,1375,1882
6301476,447.94,295.575,467.78,303.6,953,2889,1159,2984,1375,1879
6301478,447.38,296.55,467.22,303.675,948,2900,1153,2985,1373,1881
6301480,447.3,296.1,467.54,303.525,947,2895,1157,2983,1376,1881
6301482,448.26,296.775,467.3,304.2,957,2902,1154,2991,1380,1878
6301484,447.78,295.725,466.9,303.825,952,2890,1150,2987,1379,1877
6301486,447.3,297.975,466.98,303.975,946,2915,1151,2988,1378,1876
6301488,447.94,297.225,466.98,304.35,953,2908,1151,2992,1379,1877
6301490,447.22,298.275,466.66,304.65,945,2919,1147,2995,1379,1875
6301492,447.62,299.025,466.42,304.725,949,2927,1145,2996,1377,1877
6301494,447.22,297.3,466.58,304.95,945,2907,1147,2999,1376,1872
6301496,447.38,299.025,466.42,304.65,947,2927,1145,2995,1377,1876
6301498,448.02,298.95,465.94,305.1,954,2926,1139,2999,1378,1871
6301500,447.46,298.575,466.02,305.175,947,2922,1140,3000,1379,1869
6301502,446.9,298.425,465.7,305.175,941,2919,1137,3000,1379,1868
6301504,447.06,299.175,465.54,305.325,943,2928,1135,3001,1377,1869
6301506,447.14,298.35,465.14,305.625,944,2918,1131,3005,1375,1870
6301508,447.22,299.175,464.82,305.55,945,2927,1127,3003,1381,1866
6301510,447.54,300.225,464.9,307.05,947,2939,1127,3019,1371,1865
6301512,447.86,299.925,465.22,307.275,951,2936,1131,3023,1382,1865
6301514,448.34,299.85,464.74,307.575,956,2935,1126,3025,1376,1860
6301516,447.62,301.95,464.26,308.175,947,2958,1121,3032,1374,1859
6301518,448.1,301.725,464.42,307.95,953,2955,1122,3029,1369,1862
6301520,447.3,300.6,464.34,308.7,944,2942,1121,3037,1365,1860
6301522,447.46,302.475,464.26,308.55,945,2963,1120,3036,1363,1855
6301524,447.14,301.05,463.78,309.075,942,2947,1115,3041,1370,1854
6301526,446.9,301.65,463.86,309.825,939,2954,1115,3049,1364,1854
6301528,447.62,302.85,464.34,309.6,946,2967,1119,3047,1363,1856
6301530,447.62,304.35,463.86,309.45,945,2983,1114,3045,1367,1854
6301532,447.62,303.525,463.94,309.75,946,2975,1115,3048,1370,1854
6301534,447.94,303.675,463.62,310.35,948,2976,1111,3055,1363,1848
6301536,446.98,304.275,463.54,310.575,938,2982,1110,3058,1362,1852
6301538,447.3,303.6,463.86,310.35,942,2975,1113,3055,1369,1850
6301540,446.34,303.75,463.78,310.95,931,2976,1112,3061,1355,1847
6301542,447.3,303.9,463.14,310.65,941,2979,1105,3058,1358,1849
6301544,448.18,304.8,463.46,310.8,949,2989,1108,3060,1368,1844
6301546,448.1,303.975,463.54,311.175,949,2980,1109,3064,1358,1846
6301548,447.22,303.675,463.38,311.325,939,2976,1107,3065,1360,1847
6301550,447.94,306.525,463.54,310.95,946,3008,1108,3062,1368,1840
6301552,447.06,304.5,463.54,311.175,937,2985,1108,3065,1364,1842
6301554,447.06,306,463.22,311.25,935,3003,1104,3065,1363,1842
6301556,448.18,304.875,463.54,311.1,948,2991,1108,3064,1363,1843
6301558,447.46,306.3,463.3,311.4,939,3006,1104,3067,1367,1838
6301560,447.3,305.55,462.66,311.025,938,2997,1097,3063,1359,1839
6301562,447.54,306.225,462.9,311.4,939,3005,1099,3068,1365,1840
6301564,447.94,306.6,462.5,311.625,943,3010,1094,3070,1358,1833
6301566,448.18,305.475,462.9,311.1,945,2997,1099,3065,1358,1835
6301568,447.86,306.3,462.18,311.925,942,3006,1091,3073,1360,1835
6301570,447.94,304.65,462.98,311.55,942,2988,1099,3070,1355,1829
6301572,448.1,304.65,463.06,311.475,945,2989,1099,3069,1356,1828
6301574,447.38,305.925,462.1,312.45,936,3002,1088,3079,1350,1821
6301576,448.18,304.8,461.94,312.45,944,2991,1087,3079,1349,1824
6301578,447.7,306.075,462.5,312.525,937,3004,1092,3080,1350,1822
6301580,447.7,307.8,462.5,313.425,937,3023,1091,3090,1358,1821
6301582,448.26,306.6,462.1,312.75,943,3011,1086,3083,1358,1821
6301584,448.1,307.05,462.66,313.5,941,3016,1092,3091,1352,1821
6301586,448.58,307.725,462.34,312.825,945,3023,1087,3084,1346,1817
6301588,449.22,306.225,462.42,313.2,951,3007,1088,3088,1353,1818
6301590,448.58,307.875,462.98,313.725,944,3025,1094,3094,1354,1814
6301592,449.06,307.35,462.26,312.9,949,3020,1086,3086,1351,1812
6301594,448.5,306.9,462.18,313.35,942,3015,1085,3090,1348,1815
6301596,448.18,307.725,462.74,313.725,939,3024,1090,3095,1351,1811
6301598,448.9,306.9,462.02,313.65,945,3015,1082,3094,1342,1810
6301600,448.5,306.6,461.86,313.725,942,3011,1080,3094,1346,1810
6301602,448.66,307.575,462.42,313.95,943,3022,1085,3097,1350,1808
6301604,448.26,308.025,461.86,313.725,938,3027,1079,3095,1345,1808
6301606,448.74,306.9,462.34,313.875,943,3015,1083,3097,1345,1807
6301608,449.14,308.4,462.34,313.95,946,3031,1083,3097,1349,1804
6301610,449.46,309.225,461.62,314.1,949,3041,1075,3099,1345,1804
6301612,449.06,306.9,462.42,313.575,946,3015,1084,3093,1346,1805
6301614,449.22,307.425,462.58,313.65,946,3021,1085,3094,1343,1806
6301616,448.34,307.725,462.1,313.65,937,3024,1080,3094,1347,1806
6301618,448.98,306.675,462.02,313.65,943,3013,1078,3095,1341,1804
6301620,449.22,306.525,462.02,312.825,946,3012,1079,3085,1341,1804
6301622,450.34,306.75,461.94,313.95,958,3014,1077,3098,1345,1803
6301624,450.02,307.35,461.94,313.8,954,3021,1078,3096,1336,1800
6301626,449.86,307.125,461.86,313.125,952,3018,1077,3088,1338,1802
6301628,450.42,306.3,462.02,313.275,958,3010,1078,3090,1332,1802
6301630,450.42,307.05,461.86,313.8,958,3018,1077,3096,1336,1802
6301632,449.3,306.675,462.18,313.575,946,3013,1079,3094,1337,1799
6301634,449.62,306.075,462.18,313.35,950,3006,1080,3090,1336,1799
6301636,449.62,305.25,462.18,313.5,951,2997,1080,3092,1332,1798
6301638,450.02,306.3,461.62,313.2,954,3009,1074,3089,1332,1794
6301640,449.7,307.05,462.1,313.2,950,3017,1078,3089,1333,1796
6301642,450.66,306.825,462.1,313.2,961,3015,1078,3089,1327,1796
6301644,450.58,306.075,461.7,314.175,960,3006,1074,3099,1329,1793
6301646,449.78,306.525,462.42,313.8,951,3010,1081,3095,1334,1801
6301648,450.74,306.675,461.86,314.1,961,3013,1076,3098,1333,1799
6301650,450.58,307.95,462.42,313.725,959,3027,1081,3094,1329,1796
6301652,450.58,307.65,462.18,313.725,959,3023,1079,3094,1336,1794
6301654,450.58,307.95,462.34,313.5,959,3027,1081,3092,1334,1794
6301656,449.94,306.525,462.02,313.05,953,3010,1078,3087,1334,1792
6301658,450.02,307.8,462.26,314.025,954,3024,1080,3097,1334,1793
6301660,450.98,307.875,461.86,313.875,964,3025,1076,3095,1334,1795
6301662,450.98,309.075,462.18,314.175,963,3038,1079,3098,1332,1792
6301664,450.42,307.725,462.5,313.35,958,3023,1084,3089,1330,1792
6301666,450.74,308.25,462.02,314.1,961,3029,1078,3097,1328,1792
6301668,451.06,308.85,462.42,313.65,964,3035,1082,3092,1333,1795
6301670,450.98,309.225,462.1,314.325,963,3039,1078,3099,1331,1792
6301672,451.54,307.275,462.34,313.35,970,3018,1082,3089,1326,1786
6301674,451.06,308.025,462.82,313.725,964,3026,1086,3093,1327,1790
6301676,451.38,308.625,462.34,313.65,968,3033,1081,3092,1325,1790
6301678,452.26,307.275,462.26,313.275,977,3018,1081,3088,1323,1786
6301680,451.06,307.5,462.66,314.325,964,3021,1084,3099,1331,1786
6301682,451.3,309.225,462.98,313.05,967,3040,1088,3086,1324,1785
6301684,451.54,308.1,462.58,313.05,969,3027,1084,3085,1327,1784
6301686,452.26,307.725,462.74,313.95,977,3023,1086,3095,1320,1788
6301688,451.46,309.225,462.66,312.9,968,3040,1085,3084,1326,1785
6301690,450.66,307.8,462.26,312.825,961,3024,1081,3083,1326,1784
6301692,450.98,308.1,462.9,312.675,964,3027,1088,3081,1327,1786
6301694,451.62,308.325,462.9,312.15,971,3029,1088,3076,1326,1780
6301696,451.14,307.8,462.74,311.475,966,3024,1087,3068,1324,1779
6301698,451.46,307.875,462.82,313.05,970,3024,1088,3085,1327,1781
6301700,452.02,308.25,462.74,312.75,976,3029,1087,3082,1323,1781
6301702,451.46,308.325,462.66,313.05,970,3029,1086,3085,1323,1780
6301704,451.46,306.6,462.82,312.975,970,3010,1088,3084,1323,1785
6301706,451.7,308.7,462.9,313.95,972,3033,1088,3095,1323,1777
6301708,452.02,307.8,463.38,312.975,976,3023,1094,3084,1319,1776
6301710,451.54,308.925,463.38,312.525,971,3036,1094,3079,1322,1777
6301712,452.18,308.4,462.9,312.825,977,3030,1089,3083,1323,1773
6301714,452.5,308.4,462.74,312.45,981,3030,1088,3078,1316,1774
6301716,452.1,307.8,462.82,312.525,977,3024,1089,3079,1321,1775
6301718,452.1,309.75,463.06,314.025,978,3044,1092,3095,1326,1774
6301720,452.18,308.85,462.9,312.975,978,3035,1090,3084,1315,1774
6301722,451.46,308.55,462.98,313.35,972,3031,1092,3088,1320,1775
6301724,452.1,308.775,462.58,314.025,978,3034,1087,3095,1318,1776
6301726,452.02,309.075,462.98,312.675,978,3036,1092,3080,1320,1771
6301728,451.06,308.85,462.74,313.05,968,3034,1090,3084,1318,1771
6301730,452.58,308.925,462.82,313.125,984,3035,1090,3085,1313,1767
6301732,453.22,308.85,462.58,312.975,991,3034,1089,3083,1314,1766
6301734,452.66,308.25,462.82,311.775,986,3027,1091,3069,1313,1762
6301736,452.82,308.7,462.42,312.525,988,3032,1087,3078,1312,1759
6301738,453.22,307.8,462.26,311.325,992,3022,1086,3064,1311,1760
6301740,453.22,308.7,462.5,311.4,992,3032,1089,3065,1308,1765
6301742,453.46,308.55,462.42,312.15,994,3030,1088,3073,1302,1759
6301744,453.06,308.4,462.26,311.625,991,3028,1087,3067,1309,1761
6301746,451.94,308.25,462.18,311.55,979,3026,1086,3066,1307,1758
6301748,453.46,308.55,462.58,312,995,3030,1090,3071,1306,1760
6301750,453.22,307.575,462.74,311.775,993,3019,1092,3068,1308,1759
6301752,452.18,308.1,462.9,311.1,983,3024,1094,3061,1309,1757
6301754,453.3,308.4,462.82,311.325,995,3028,1093,3063,1309,1760
6301756,452.66,307.725,462.9,310.95,987,3020,1095,3059,1308,1756
6301758,452.98,309,462.98,311.55,991,3033,1096,3065,1309,1758
6301760,453.54,307.8,462.74,311.4,997,3021,1093,3064,1304,1756
6301762,453.38,307.725,463.06,311.25,996,3019,1096,3061,1305,1753
6301764,453.3,307.8,462.82,311.175,995,3020,1094,3060,1301,1754
6301766,452.98,308.475,462.9,311.025,992,3027,1095,3059,1303,1754
6301768,453.46,308.475,463.22,311.4,997,3027,1099,3062,1303,1754
6301770,452.9,308.25,462.98,311.625,992,3024,1096,3065,1302,1752
6301772,452.9,309.525,462.9,311.775,991,3038,1095,3066,1295,1750
6301774,453.3,309.75,463.06,311.475,996,3040,1098,3062,1301,1751
6301776,453.54,308.325,462.98,312.6,998,3025,1096,3075,1296,1747
6301778,453.54,308.775,463.38,312.75,999,3029,1101,3077,1298,1745
6301780,452.5,308.325,463.54,312,988,3024,1103,3068,1294,1749
6301782,453.54,309,463.38,312.375,999,3031,1101,3072,1298,1749
6301784,452.82,309.525,463.22,312.975,991,3037,1099,3078,1298,1746
6301786,452.82,309.6,463.38,312.3,992,3038,1102,3071,1300,1747
6301788,452.58,308.4,463.38,313.05,989,3024,1101,3079,1293,1744
6301790,452.9,309.225,463.46,312.825,993,3033,1103,3076,1299,1746
6301792,452.42,309.3,463.38,312.225,987,3034,1102,3070,1293,1744
6301794,452.66,309.225,463.54,313.2,991,3033,1104,3081,1294,1741
6301796,452.9,310.2,463.38,313.275,993,3044,1102,3081,1294,1744
6301798,452.66,309.9,463.38,313.125,991,3040,1102,3080,1294,1741
6301800,452.42,309.975,463.3,313.35,988,3041,1101,3082,1294,1739
6301802,452.58,310.725,463.22,313.95,989,3049,1100,3088,1294,1740
6301804,452.82,310.875,463.3,312.225,992,3051,1102,3070,1296,1743
6301806,452.9,310.575,463.38,314.1,993,3048,1102,3090,1295,1739
6301808,452.42,310.95,463.3,313.875,989,3052,1101,3088,1296,1736
6301810,453.3,310.725,463.54,314.1,998,3049,1104,3090,1292,1737
6301812,453.14,310.725,463.38,313.65,996,3049,1103,3085,1295,1735
6301814,452.5,310.575,463.7,313.875,990,3048,1107,3088,1296,1732
6301816,452.5,310.35,463.7,313.725,989,3046,1107,3086,1290,1737
6301818,452.82,310.8,464.18,313.125,994,3051,1112,3080,1288,1734
6301820,452.74,309.375,463.86,313.65,993,3035,1109,3086,1287,1733
6301822,453.22,308.175,463.38,314.025,998,3022,1104,3090,1285,1734
6301824,453.38,310.125,464.02,312.975,999,3043,1111,3078,1285,1736
6301826,453.62,309.675,464.42,313.5,1003,3038,1115,3084,1286,1731
6301828,453.86,309.225,464.1,313.125,1006,3034,1112,3080,1282,1732
6301830,452.98,310.5,464.18,312.6,996,3047,1114,3074,1286,1734
6301832,454.1,311.475,464.26,313.425,1008,3058,1114,3084,1285,1732
6301834,453.78,309.675,464.34,312.525,1005,3038,1116,3073,1286,1732
6301836,454.1,309.825,464.42,311.25,1009,3040,1117,3059,1277,1732
6301838,453.7,308.925,464.58,312.9,1006,3030,1118,3077,1275,1724
6301840,453.54,309.375,464.66,312.375,1003,3034,1119,3071,1282,1733
6301842,454.58,309.075,463.7,312,1015,3032,1110,3067,1276,1726
6301844,453.38,309.375,464.34,312.525,1002,3035,1116,3073,1281,1726
6301846,453.62,309.525,464.42,312,1005,3036,1118,3067,1277,1729
6301848,453.62,310.275,464.18,312.075,1005,3044,1116,3068,1282,1727
6301850,453.22,309.825,464.1,312.75,1001,3039,1115,3075,1277,1725
6301852,452.9,309.6,464.1,312.075,998,3036,1115,3067,1281,1730
6301854,453.3,310.725,464.18,311.775,1002,3049,1116,3064,1281,1725
6301856,453.78,310.2,463.62,312.45,1007,3043,1110,3071,1279,1724
6301858,453.54,308.625,464.26,311.325,1006,3025,1117,3059,1274,1727
6301860,453.54,309.375,464.1,311.775,1006,3033,1115,3064,1275,1725
6301862,452.82,310.95,463.94,312.45,998,3050,1114,3071,1275,1721
6301864,453.86,310.275,463.86,311.925,1008,3043,1113,3065,1265,1722
6301866,454.02,308.85,463.22,312.075,1010,3027,1106,3066,1263,1722
6301868,453.62,310.275,463.54,311.55,1006,3043,1110,3060,1266,1718
6301870,454.26,310.95,463.54,312.075,1013,3050,1110,3066,1269,1718
6301872,453.62,310.2,463.62,312.3,1007,3041,1111,3069,1265,1719
6301874,454.02,310.275,463.86,313.2,1010,3043,1113,3078,1265,1717
6301876,453.7,309.525,463.7,312.675,1007,3034,1111,3072,1267,1715
6301878,452.9,311.025,463.54,313.425,999,3051,1109,3081,1274,1716
6301880,452.98,311.85,463.54,313.425,999,3060,1110,3081,1272,1715
6301882,454.1,312.225,463.3,313.95,1010,3064,1107,3087,1265,1713
6301884,453.14,309.825,463.46,313.8,1001,3038,1108,3085,1268,1716
6301886,453.38,311.175,463.46,314.4,1003,3053,1108,3092,1266,1712
6301888,452.74,310.875,463.38,313.8,996,3050,1107,3085,1268,1713
6301890,452.66,310.95,463.46,314.25,996,3051,1108,3091,1270,1713
6301892,453.3,312.525,463.38,314.475,1002,3068,1108,3093,1263,1712
6301894,452.34,312.825,463.54,315.075,991,3072,1108,3100,1266,1708
6301896,452.42,313.35,463.78,315.6,992,3077,1110,3106,1265,1707
6301898,452.82,313.2,463.3,315.225,996,3076,1106,3102,1264,1708
6301900,452.58,313.725,463.06,315.45,993,3082,1103,3105,1265,1707
6301902,452.5,312.825,463.3,315.9,993,3073,1105,3110,1261,1708
6301904,452.9,314.4,463.54,315.525,996,3090,1108,3106,1264,1706
6301906,453.06,314.175,464.18,316.275,997,3088,1114,3115,1261,1704
6301908,452.66,312.45,463.94,315.675,994,3069,1112,3108,1264,1706
6301910,452.1,312.825,463.86,316.95,988,3073,1110,3123,1262,1702
6301912,452.66,313.575,463.54,316.725,993,3082,1107,3120,1261,1701
6301914,453.3,313.725,463.3,315.3,1000,3084,1105,3105,1263,1705
6301916,452.66,313.575,463.14,316.275,993,3082,1103,3116,1257,1701
6301918,453.38,314.25,463.22,316.125,1000,3091,1103,3115,1258,1703
6301920,452.42,314.4,463.06,316.35,990,3092,1101,3117,1262,1702
6301922,452.82,314.85,463.86,316.575,994,3097,1110,3120,1255,1701
6301924,453.06,312.525,463.38,316.05,997,3072,1105,3114,1250,1702
6301926,453.14,314.1,463.14,316.05,997,3090,1102,3115,1254,1700
6301928,453.78,314.025,462.98,316.125,1004,3089,1100,3115,1254,1699
6301930,453.54,313.8,463.38,315.9,1001,3086,1104,3113,1254,1699
6301932,453.38,314.475,463.22,316.125,999,3094,1102,3115,1245,1699
6301934,453.54,314.775,463.38,316.35,1001,3097,1103,3118,1242,1697
6301936,452.82,312.975,462.98,315.9,994,3077,1100,3112,1249,1701
6301938,453.54,313.5,462.98,316.2,1001,3083,1099,3116,1247,1695
6301940,454.02,312.975,463.22,316.05,1006,3077,1102,3114,1238,1700
6301942,454.18,314.4,463.14,316.275,1007,3093,1100,3117,1241,1698
6301944,453.7,313.65,462.5,316.125,1002,3085,1094,3115,1243,1697
6301946,453.06,312.15,462.98,316.5,995,3068,1098,3118,1242,1699
6301948,453.3,311.325,462.34,316.125,998,3058,1092,3114,1245,1696
6301950,452.98,312.675,462.58,316.275,994,3073,1094,3116,1248,1697
6301952,453.46,313.2,462.66,317.175,999,3078,1094,3125,1243,1693
6301954,453.62,313.05,462.34,316.875,1000,3077,1091,3122,1241,1696
6301956,453.46,313.125,462.9,316.575,999,3077,1097,3118,1240,1692
6301958,453.38,314.4,462.98,316.95,996,3091,1097,3122,1242,1694
6301960,453.38,314.025,462.82,316.575,997,3086,1096,3117,1238,1694
6301962,453.3,313.725,462.9,317.175,996,3083,1096,3124,1234,1693
6301964,452.82,315.45,462.98,316.35,990,3101,1097,3115,1231,1693
6301966,452.98,314.85,462.82,317.325,993,3094,1095,3125,1230,1690
6301968,454.26,315.375,463.06,317.4,1006,3100,1098,3126,1228,1694
6301970,452.9,314.4,463.06,316.875,992,3088,1098,3119,1229,1693
6301972,454.02,314.625,463.54,317.025,1003,3091,1103,3121,1226,1694
6301974,453.46,314.25,463.38,317.7,997,3086,1101,3127,1224,1690
6301976,454.18,315.375,463.22,317.025,1005,3099,1099,3120,1227,1694
6301978,454.1,314.775,463.38,317.175,1004,3092,1100,3121,1226,1692
6301980,453.46,315.75,463.46,317.4,997,3102,1102,3124,1232,1690
6301982,454.02,316.2,463.3,317.475,1002,3107,1100,3124,1231,1693
6301984,455.06,316.125,463.54,317.4,1013,3106,1102,3123,1234,1693
6301986,454.5,316.05,463.54,318.225,1007,3105,1102,3131,1231,1691
6301988,454.42,317.1,463.7,317.85,1006,3116,1104,3128,1233,1690
6301990,455.38,316.275,463.78,317.925,1017,3107,1104,3128,1229,1687
6301992,454.5,314.7,463.94,317.775,1008,3090,1107,3127,1229,1688
6301994,454.66,316.5,463.94,317.775,1010,3109,1106,3126,1228,1691
6301996,454.82,316.125,463.54,317.925,1011,3105,1102,3128,1228,1690
6301998,454.98,316.575,463.62,318.15,1013,3110,1104,3131,1223,1686
6302000,455.54,316.5,463.62,317.775,1019,3110,1103,3126,1229,1689
6302002,455.7,316.35,463.54,318.15,1021,3107,1103,3131,1228,1689
6302004,455.06,316.65,463.86,318.225,1014,3111,1107,3131,1225,1690
6302006,455.14,317.025,463.86,317.85,1015,3114,1107,3127,1225,1689
6302008,454.98,316.125,463.94,317.25,1014,3105,1108,3120,1228,1689
6302010,456.02,317.325,463.86,318,1025,3118,1108,3128,1224,1687
6302012,455.78,315.6,464.02,317.475,1023,3099,1109,3122,1224,1688
6302014,454.34,316.65,464.26,317.925,1008,3110,1111,3128,1223,1688
6302016,455.7,316.275,463.78,317.775,1022,3107,1106,3126,1226,1686
6302018,455.14,315.525,464.1,318.6,1017,3098,1111,3135,1223,1684
6302020,455.38,315.075,464.02,317.775,1019,3093,1110,3126,1223,1687
6302022,454.82,316.5,463.94,318.45,1014,3109,1109,3134,1223,1685
6302024,455.78,315,464.1,317.775,1025,3093,1112,3126,1222,1687
6302026,455.54,315.15,463.78,318.45,1023,3094,1109,3133,1223,1685
6302028,455.06,317.775,463.62,318.6,1017,3123,1108,3135,1217,1685
6302030,455.22,316.35,464.02,318.225,1020,3107,1113,3131,1211,1684
6302032,454.98,316.275,463.86,318,1018,3106,1111,3128,1215,1688
6302034,455.06,316.65,463.7,318.225,1020,3111,1110,3131,1214,1685
6302036,455.14,316.725,463.86,318.15,1021,3111,1112,3130,1210,1686
6302038,455.54,317.175,463.78,318.15,1026,3116,1112,3130,1213,1686
6302040,455.86,317.1,463.38,318.675,1029,3115,1108,3136,1215,1685
6302042,456.02,317.85,464.02,318.525,1031,3123,1116,3134,1207,1682
6302044,456.66,317.4,463.54,318.375,1038,3119,1111,3132,1218,1687
6302046,455.46,317.025,463.7,318.375,1026,3114,1113,3132,1217,1685
6302048,455.86,317.475,463.7,318.6,1030,3120,1113,3135,1216,1684
6302050,456.1,316.875,463.7,318.9,1034,3113,1114,3138,1215,1688
6302052,456.42,317.85,463.22,319.2,1037,3124,1108,3142,1215,1683
6302054,456.34,316.875,463.78,319.275,1037,3113,1115,3142,1219,1685
6302056,456.02,318,463.46,318.825,1034,3125,1112,3138,1213,1685
6302058,456.26,317.625,463.38,318.825,1037,3122,1112,3137,1209,1687
6302060,456.1,317.775,463.46,318.375,1035,3123,1113,3132,1215,1687
6302062,455.94,317.1,463.14,318.45,1035,3116,1111,3133,1215,1684
6302064,455.86,316.95,463.46,318.3,1035,3114,1114,3131,1205,1685
6302066,456.18,317.4,463.46,318.6,1039,3119,1115,3135,1205,1683
6302068,456.02,316.95,463.38,318.525,1036,3114,1114,3134,1212,1685
6302070,455.62,317.55,463.94,318.525,1033,3121,1120,3135,1207,1682
6302072,456.18,316.425,463.54,318.3,1039,3109,1116,3132,1205,1683
6302074,455.94,317.1,463.62,318.675,1037,3116,1118,3136,1204,1681
6302076,456.74,316.125,463.46,318.9,1045,3105,1116,3138,1209,1681
6302078,456.1,317.55,463.46,318.75,1039,3122,1116,3138,1201,1684
6302080,456.66,317.325,463.54,318.525,1045,3119,1117,3135,1206,1683
6302082,456.18,317.925,463.3,318.3,1040,3126,1115,3132,1210,1683
6302084,456.02,318.225,463.62,317.625,1038,3129,1119,3125,1207,1683
6302086,456.5,317.175,463.54,318.525,1044,3118,1118,3135,1209,1685
6302088,456.34,316.575,463.7,318.825,1043,3111,1120,3138,1205,1684
6302090,455.78,318.6,463.38,318.45,1037,3134,1117,3134,1205,1683
6302092,457.14,316.725,462.9,318.525,1052,3113,1112,3135,1208,1684
6302094,455.78,317.1,463.38,317.7,1038,3116,1118,3126,1204,1686
6302096,455.94,316.425,463.46,317.925,1040,3109,1119,3128,1200,1687
6302098,456.26,317.025,463.22,318.6,1044,3116,1116,3136,1203,1682
6302100,456.02,316.5,463.54,318.6,1041,3110,1120,3136,1203,1682
6302102,456.42,318.3,463.46,318.15,1045,3130,1119,3132,1206,1683
6302104,455.62,316.65,463.14,318.675,1037,3112,1116,3137,1200,1685
6302106,456.26,318,462.74,318.075,1044,3127,1113,3130,1202,1685
6302108,455.3,318.675,463.46,318.375,1034,3134,1120,3134,1200,1680
6302110,455.94,316.875,462.74,318.45,1041,3115,1112,3135,1199,1686
6302112,454.82,317.25,462.9,318.825,1029,3118,1114,3139,1202,1682
6302114,455.14,316.425,462.66,318.6,1032,3110,1111,3136,1199,1683
6302116,455.94,317.325,462.98,318.9,1041,3120,1115,3139,1200,1683
6302118,456.58,319.2,462.58,318.6,1047,3141,1110,3136,1199,1683
6302120,455.78,320.475,462.98,318.375,1038,3155,1115,3134,1196,1681
6302122,455.3,318.075,462.58,318.3,1034,3127,1110,3132,1199,1682
6302124,455.38,320.1,462.34,319.05,1034,3150,1108,3141,1190,1683
6302126,455.62,319.65,462.5,318.675,1037,3145,1110,3136,1188,1684
6302128,455.86,319.2,462.42,318.375,1040,3140,1109,3133,1191,1686
6302130,454.74,318.675,462.42,318.375,1028,3134,1108,3133,1191,1684
6302132,455.22,319.05,462.82,318.225,1033,3138,1113,3132,1193,1684
6302134,455.46,318.45,462.5,318.45,1035,3132,1109,3134,1189,1684
6302136,455.06,319.35,462.58,317.775,1030,3141,1110,3127,1190,1683
6302138,455.14,318.975,462.66,318.075,1031,3137,1111,3130,1185,1681
6302140,455.7,316.125,462.5,317.775,1038,3106,1109,3126,1187,1683
6302142,455.62,318,462.18,318.75,1036,3126,1105,3137,1188,1681
6302144,454.58,317.1,462.34,318.6,1025,3116,1107,3136,1191,1685
6302146,455.06,317.4,462.42,318.525,1030,3120,1107,3135,1191,1684
6302148,454.9,318,462.26,318.45,1029,3126,1105,3134,1198,1682
6302150,455.62,317.475,462.18,318.9,1035,3120,1104,3139,1190,1684
6302152,455.7,318.15,462.26,318.675,1036,3128,1105,3137,1193,1683
6302154,454.98,317.7,462.26,318.975,1028,3123,1104,3140,1194,1682
6302156,454.58,317.025,462.42,318.9,1024,3115,1106,3139,1185,1684
6302158,455.22,317.55,462.5,318.975,1030,3122,1106,3139,1191,1682
6302160,455.14,317.1,462.18,318.825,1029,3116,1103,3138,1186,1684
6302162,455.38,319.95,462.5,318.9,1031,3148,1106,3139,1176,1684
6302164,454.98,317.4,462.66,318.675,1027,3120,1107,3137,1186,1681
6302166,455.78,319.5,462.42,318.75,1034,3143,1105,3137,1182,1684
6302168,455.54,319.275,462.34,318.9,1032,3140,1104,3139,1179,1684
6302170,455.38,319.35,462.5,318.675,1030,3141,1105,3137,1181,1681
6302172,455.78,318.3,462.5,318.675,1034,3130,1105,3137,1183,1681
6302174,455.06,319.725,462.74,318.6,1026,3146,1107,3136,1179,1683
6302176,454.9,317.175,462.5,318.9,1025,3118,1104,3139,1188,1682
6302178,455.38,318.6,462.66,318.825,1029,3134,1106,3139,1180,1686
6302180,455.62,319.425,462.66,318.975,1032,3143,1106,3141,1184,1685
6302182,455.86,320.4,462.66,318.975,1033,3154,1105,3141,1185,1683
6302184,456.1,319.875,462.74,318.825,1036,3149,1107,3139,1187,1686
6302186,455.7,321.9,462.66,318.9,1030,3171,1105,3141,1184,1685
6302188,455.78,318.975,462.74,318.675,1032,3139,1106,3138,1188,1684
6302190,455.94,319.725,463.06,318.675,1033,3147,1109,3138,1189,1687
6302192,455.46,321,462.82,319.425,1028,3162,1106,3146,1184,1683
6302194,455.94,320.475,462.82,319.35,1033,3156,1106,3146,1186,1683
6302196,456.18,320.025,462.9,319.125,1036,3151,1107,3144,1182,1685
6302198,456.02,320.7,462.58,319.275,1034,3159,1103,3145,1186,1685
6302200,456.34,320.925,462.66,319.425,1037,3162,1104,3147,1182,1684
6302202,456.5,320.475,463.22,318.825,1039,3158,1110,3141,1182,1687
6302204,456.5,320.025,462.98,319.05,1039,3152,1107,3144,1182,1685
6302206,455.94,320.625,462.98,318.975,1032,3159,1107,3144,1181,1685
6302208,456.1,321.225,462.82,318.75,1033,3166,1106,3141,1185,1685
6302210,456.18,321.75,462.9,318.75,1034,3173,1106,3142,1186,1687
6302212,455.7,320.625,463.06,318.75,1030,3160,1108,3142,1181,1684
6302214,456.02,320.325,462.9,319.125,1033,3157,1106,3146,1178,1683
6302216,456.1,319.725,463.06,318.6,1034,3151,1108,3141,1176,1686
6302218,456.5,320.4,463.06,318.375,1038,3159,1107,3139,1177,1686
6302220,456.02,320.025,462.82,318.9,1033,3155,1105,3144,1175,1684
6302222,455.62,320.4,462.98,318.675,1028,3159,1107,3142,1181,1685
6302224,456.58,320.7,463.06,318.525,1038,3162,1108,3141,1179,1686
6302226,456.26,320.325,463.06,318.675,1035,3158,1107,3143,1181,1686
6302228,456.58,319.275,462.82,318.9,1039,3147,1105,3145,1175,1686
6302230,455.86,320.025,463.22,318.675,1032,3155,1110,3143,1179,1687
6302232,456.26,320.175,462.9,319.05,1035,3157,1106,3147,1177,1683
6302234,455.46,320.325,463.3,319.125,1027,3158,1110,3148,1178,1687
6302236,455.94,319.425,463.38,318.675,1032,3148,1112,3143,1178,1688
6302238,456.1,319.425,462.58,318.9,1034,3149,1103,3146,1177,1685
6302240,456.58,318.825,462.9,318.825,1040,3142,1107,3144,1177,1688
6302242,456.9,320.475,463.06,318.6,1043,3161,1108,3142,1178,1690
6302244,456.82,320.475,462.42,318.75,1042,3161,1102,3144,1183,1687
6302246,456.5,319.2,463.38,318.6,1039,3147,1112,3143,1185,1689
6302248,456.1,319.8,463.54,318.675,1035,3153,1114,3144,1180,1689
6302250,456.42,318.375,463.06,318.45,1039,3137,1109,3141,1189,1687
6302252,456.34,318.45,463.38,318.75,1038,3138,1112,3144,1185,1688
6302254,456.58,319.95,463.14,318.675,1040,3155,1110,3143,1182,1688
6302256,456.26,320.325,463.06,318.525,1037,3159,1109,3142,1178,1689
6302258,456.58,319.8,463.14,319.05,1040,3153,1110,3147,1177,1689
6302260,455.54,320.1,463.3,318.675,1030,3156,1111,3143,1178,1690
6302262,456.26,319.2,463.62,318.975,1037,3146,1115,3145,1180,1691
6302264,456.1,319.2,463.06,318.9,1036,3146,1110,3145,1176,1691
6302266,456.42,319.95,463.22,318.525,1040,3154,1111,3141,1178,1688
6302268,456.34,319.2,463.38,318.6,1039,3146,1113,3141,1180,1689
6302270,456.18,319.5,463.78,319.05,1037,3148,1117,3146,1176,1692
6302272,456.66,319.2,463.62,318.6,1042,3145,1116,3141,1177,1691
6302274,456.26,319.65,463.38,319.125,1038,3150,1113,3147,1180,1692
6302276,456.34,319.2,463.54,318.825,1039,3145,1115,3143,1173,1692
6302278,456.02,320.55,463.54,318.45,1035,3159,1115,3139,1179,1692
6302280,456.82,320.25,463.94,318.9,1043,3156,1120,3144,1181,1695
6302282,456.58,320.025,463.7,319.5,1042,3153,1117,3151,1183,1693
6302284,456.5,320.55,463.7,318.9,1040,3160,1117,3143,1182,1691
6302286,456.66,320.85,464.34,318.825,1042,3162,1123,3142,1185,1697
6302288,457.06,320.925,464.02,318.75,1046,3163,1120,3141,1183,1696
6302290,456.5,319.875,464.26,318.45,1041,3151,1123,3138,1183,1694
6302292,456.58,319.125,464.1,318.75,1041,3143,1121,3142,1179,1696
6302294,456.66,319.8,464.02,318.975,1043,3150,1120,3143,1179,1696
6302296,456.02,318.9,464.1,318.975,1036,3140,1121,3143,1186,1696
6302298,456.5,320.475,463.7,319.2,1041,3158,1117,3146,1184,1694
6302300,456.82,320.7,463.86,319.575,1045,3160,1119,3150,1180,1696
6302302,456.66,320.475,464.18,319.275,1043,3157,1123,3147,1184,1697
6302304,456.26,319.65,464.26,319.35,1039,3148,1124,3148,1184,1697
6302306,456.82,320.7,464.18,319.125,1044,3159,1123,3144,1186,1699
6302308,456.9,319.725,464.58,318.675,1046,3148,1127,3140,1184,1698
6302310,457.3,321.075,464.1,318.9,1050,3163,1122,3143,1186,1694
6302312,456.58,318.825,463.86,319.2,1043,3139,1120,3146,1189,1697
6302314,456.02,320.925,464.34,318.9,1037,3162,1125,3142,1183,1696
6302316,456.58,319.875,464.34,318.675,1043,3150,1125,3140,1179,1696
6302318,457.22,320.175,464.5,319.05,1050,3154,1127,3144,1177,1699
6302320,456.26,319.95,464.9,318.6,1040,3151,1131,3139,1178,1700
6302322,456.5,320.55,464.34,319.275,1043,3157,1126,3146,1180,1696
6302324,456.34,320.55,464.26,319.125,1041,3157,1125,3144,1179,1698
6302326,456.58,320.7,464.18,318.75,1044,3159,1125,3140,1179,1700
6302328,456.42,320.025,464.1,318.975,1042,3151,1124,3143,1182,1699
6302330,456.82,320.475,464.42,318.975,1046,3157,1127,3143,1179,1699
6302332,456.9,320.625,464.66,318.75,1047,3158,1130,3140,1182,1701
6302334,456.42,320.7,464.1,319.05,1043,3159,1125,3143,1180,1698
6302336,456.66,318.975,464.5,318.975,1046,3140,1129,3142,1182,1702
6302338,456.02,318.675,464.58,318.975,1040,3136,1130,3143,1186,1703
6302340,456.18,320.4,464.42,319.2,1041,3155,1128,3145,1182,1700
6302342,456.42,318.525,464.34,318.9,1044,3134,1128,3141,1188,1702
6302344,456.42,320.625,464.58,318.375,1044,3158,1130,3136,1182,1704
6302346,456.66,318.375,464.58,318.525,1047,3133,1130,3137,1187,1702
6302348,455.86,318.975,464.58,318.45,1038,3139,1130,3137,1181,1702
6302350,456.5,319.2,464.42,318.6,1045,3142,1129,3138,1181,1703
6302352,456.66,318.6,464.5,318.825,1048,3135,1130,3140,1190,1705
6302354,456.5,320.55,464.74,318.6,1044,3156,1132,3138,1181,1703
6302356,456.42,320.1,464.9,318.825,1044,3151,1134,3140,1181,1706
6302358,456.5,319.2,464.74,318.825,1045,3142,1132,3140,1181,1705
6302360,457.14,320.175,464.58,318.825,1052,3152,1131,3140,1180,1704
6302362,457.06,319.95,464.34,319.05,1051,3150,1128,3143,1187,1704
6302364,456.42,321.3,464.66,318.975,1044,3164,1132,3142,1186,1706
6302366,456.26,319.95,464.66,318.45,1042,3150,1132,3136,1177,1705
6302368,457.14,320.55,465.06,318.975,1052,3157,1136,3142,1182,1704
6302370,456.82,320.25,464.66,319.275,1048,3154,1131,3145,1181,1708
6302372,456.82,322.425,464.66,319.125,1048,3177,1131,3143,1179,1706
6302374,456.1,320.475,464.74,319.275,1040,3155,1132,3145,1181,1706
6302376,456.1,320.325,464.66,319.425,1041,3154,1131,3147,1183,1706
6302378,456.82,321.45,464.5,319.125,1048,3167,1129,3143,1184,1707
6302380,456.58,321.225,464.82,319.275,1045,3164,1133,3145,1188,1708
6302382,456.58,321.45,464.9,319.425,1045,3167,1134,3147,1186,1707
6302384,456.98,321,464.26,319.125,1049,3162,1127,3143,1189,1709
6302386,455.86,321.075,464.66,318.975,1038,3162,1131,3142,1186,1710
6302388,456.82,320.7,464.66,319.5,1048,3158,1131,3148,1189,1709
6302390,457.86,321.75,464.42,319.125,1059,3171,1128,3143,1189,1712
6302392,456.82,321.3,464.9,319.2,1048,3165,1133,3145,1184,1709
6302394,456.5,321.15,464.98,318.675,1044,3163,1134,3139,1186,1708
6302396,457.06,320.7,464.26,318.975,1050,3159,1126,3142,1186,1709
6302398,456.5,320.025,464.42,319.425,1044,3151,1128,3147,1187,1710
6302400,456.26,318.825,464.74,319.35,1042,3138,1131,3146,1191,1712
6302402,455.86,320.55,464.58,318.675,1037,3157,1130,3139,1184,1710
6302404,456.5,319.275,464.26,319.05,1045,3143,1126,3143,1186,1713
6302406,455.62,320.325,464.74,318.225,1035,3154,1132,3134,1190,1710
6302408,456.42,319.425,464.5,318.9,1043,3144,1128,3141,1182,1704
6302410,456.34,320.325,464.1,317.85,1042,3154,1124,3129,1183,1714
6302412,456.1,319.875,464.82,317.625,1039,3149,1132,3127,1185,1711
6302414,456.26,320.4,464.5,318.15,1040,3155,1127,3133,1185,1712
6302416,455.86,318.525,464.26,318.075,1036,3135,1125,3132,1182,1712
6302418,456.66,319.95,464.34,317.475,1044,3150,1126,3126,1181,1717
6302420,455.78,319.275,463.94,318.6,1035,3142,1122,3138,1186,1711
6302422,455.86,319.875,464.34,317.475,1036,3149,1126,3125,1183,1713
6302424,455.3,319.275,464.1,317.925,1030,3142,1123,3130,1188,1715
6302426,455.86,319.2,464.66,318.45,1036,3141,1128,3136,1182,1716
6302428,455.86,320.025,464.1,317.55,1036,3150,1123,3126,1185,1718
6302430,456.1,318.75,464.34,318.15,1038,3136,1125,3132,1184,1714
6302432,455.3,319.2,463.86,318.525,1030,3141,1120,3136,1185,1717
6302434,455.86,320.175,463.78,318.675,1035,3151,1119,3137,1186,1716
6302436,455.3,318.675,464.1,318.3,1029,3135,1122,3133,1195,1716
6302438,455.54,319.35,463.94,318.975,1031,3142,1121,3141,1185,1715
6302440,455.7,321.3,463.86,318,1032,3164,1120,3130,1193,1717
6302442,454.82,319.05,464.42,317.7,1024,3138,1125,3126,1194,1718
6302444,455.06,320.025,464.74,318,1026,3149,1129,3130,1191,1717
6302446,456.1,319.35,464.34,318,1037,3142,1124,3129,1192,1721
6302448,455.06,317.325,464.18,317.925,1027,3119,1122,3128,1200,1722
6302450,455.78,320.475,464.02,317.925,1033,3153,1120,3128,1190,1718
6302452,454.82,317.775,464.82,317.4,1023,3123,1129,3123,1198,1721
6302454,455.62,319.275,464.26,318.375,1031,3140,1122,3133,1197,1719
6302456,455.3,319.2,464.42,317.1,1028,3138,1124,3119,1187,1720
6302458,454.98,317.775,464.5,317.25,1026,3123,1126,3120,1191,1719
6302460,455.14,317.55,464.9,316.575,1027,3120,1130,3112,1190,1722
6302462,455.38,318.6,464.26,316.575,1029,3131,1123,3112,1189,1719
6302464,454.82,317.175,464.42,317.475,1024,3115,1125,3122,1194,1720
6302466,454.98,316.725,465.06,316.425,1026,3111,1132,3111,1189,1722
6302468,455.38,318.45,464.82,316.725,1029,3129,1129,3114,1190,1722
6302470,455.06,318.15,464.98,316.725,1026,3126,1131,3113,1186,1722
6302472,455.22,315.9,465.3,316.35,1029,3101,1135,3110,1193,1724
6302474,454.74,318.45,465.38,316.725,1022,3128,1135,3113,1182,1721
6302476,455.3,316.875,464.98,316.425,1029,3112,1131,3110,1196,1721
6302478,455.22,316.425,465.38,315.9,1028,3106,1135,3104,1186,1726
6302480,455.54,315.825,465.22,316.95,1032,3100,1133,3116,1201,1724
6302482,455.62,317.85,465.54,317.175,1033,3123,1137,3118,1200,1724
6302484,455.38,316.275,465.54,316.8,1030,3105,1138,3114,1198,1726
6302486,455.7,317.4,465.06,315.9,1034,3117,1133,3104,1199,1725
6302488,455.22,317.025,465.54,316.35,1028,3113,1137,3109,1199,1725
6302490,455.22,317.625,465.62,316.2,1029,3120,1139,3108,1197,1724
6302492,455.7,316.65,465.38,316.95,1035,3109,1136,3116,1201,1723
6302494,456.9,317.625,465.22,316.725,1047,3121,1135,3113,1206,1724
6302496,455.94,315.675,465.54,317.25,1038,3099,1138,3119,1204,1729
6302498,455.38,317.775,465.62,317.4,1032,3122,1139,3121,1204,1731
6302500,455.3,316.875,465.54,317.775,1031,3112,1138,3126,1204,1728
6302502,456.34,318.45,466.18,317.475,1042,3129,1146,3122,1203,1731
6302504,455.38,317.775,465.94,317.25,1032,3122,1144,3120,1203,1729
6302506,454.98,318.225,466.02,317.55,1028,3127,1145,3123,1202,1728
6302508,456.42,317.475,465.7,317.625,1044,3119,1141,3124,1201,1728
6302510,455.3,318.9,466.5,316.95,1032,3135,1151,3118,1196,1727
6302512,455.22,318.525,466.1,317.025,1031,3131,1146,3118,1197,1729
6302514,455.86,317.325,465.94,316.8,1039,3119,1145,3116,1199,1728
6302516,455.46,318.825,466.02,316.8,1034,3135,1146,3116,1198,1735
6302518,454.98,320.1,465.94,316.125,1029,3149,1145,3109,1197,1732
6302520,455.22,317.1,466.18,316.275,1032,3116,1148,3111,1199,1732
6302522,454.98,318.825,465.94,315.525,1029,3135,1146,3103,1193,1734
6302524,455.38,318.375,465.86,316.35,1034,3131,1145,3112,1200,1731
6302526,455.62,317.55,466.18,315.675,1037,3122,1149,3105,1204,1733
6302528,455.22,316.95,465.94,315.075,1033,3115,1146,3098,1199,1733
6302530,455.06,317.625,466.58,315.225,1031,3123,1154,3100,1202,1736
6302532,455.94,316.2,466.18,314.925,1041,3108,1149,3097,1213,1737
6302534,455.06,315.15,465.7,315,1033,3096,1144,3098,1211,1740
6302536,454.1,315.525,466.02,314.7,1022,3099,1149,3095,1210,1735
6302538,455.38,314.4,465.7,314.175,1036,3088,1145,3089,1211,1742
6302540,455.7,313.8,466.42,313.95,1040,3081,1153,3087,1211,1738
6302542,456.34,314.325,465.62,314.775,1046,3087,1144,3096,1213,1738
6302544,455.14,315.375,465.86,314.4,1034,3098,1147,3091,1211,1741
6302546,455.46,314.475,466.18,314.475,1037,3089,1151,3092,1209,1738
6302548,454.26,314.85,466.1,314.175,1025,3093,1150,3089,1205,1745
6302550,454.66,314.325,465.7,314.4,1029,3087,1145,3091,1204,1741
6302552,455.78,314.925,465.22,314.475,1041,3093,1140,3092,1206,1741
6302554,455.22,315.975,465.78,314.625,1035,3105,1147,3094,1209,1743
6302556,454.5,313.725,466.02,314.325,1029,3080,1150,3090,1203,1741
6302558,454.58,314.625,465.94,314.175,1029,3090,1149,3088,1209,1743
6302560,454.42,315.75,465.94,314.475,1027,3102,1149,3092,1205,1742
6302562,453.46,315.3,465.86,314.7,1017,3097,1148,3095,1208,1743
6302564,455.46,316.65,465.78,315.6,1038,3112,1147,3104,1206,1739
6302566,455.54,317.475,465.3,315.3,1038,3121,1142,3101,1208,1745
6302568,453.94,315.225,465.78,315.45,1022,3096,1147,3103,1205,1745
6302570,454.66,316.875,465.94,315.975,1029,3115,1148,3109,1208,1743
6302572,454.58,318.45,465.38,315.225,1028,3133,1143,3100,1207,1744
6302574,453.86,315.9,465.7,316.35,1021,3104,1146,3113,1216,1747
6302576,454.74,318.075,465.78,316.725,1030,3128,1146,3117,1210,1747
6302578,455.06,317.4,465.46,316.2,1033,3121,1143,3112,1210,1747
6302580,454.5,317.475,465.94,316.8,1027,3122,1148,3118,1219,1753
6302582,454.58,317.775,465.54,315.975,1027,3126,1143,3110,1213,1750
6302584,455.14,317.1,465.7,315.375,1033,3119,1145,3103,1220,1749
6302586,453.54,316.65,465.38,316.725,1017,3114,1141,3118,1213,1752
6302588,454.9,317.625,465.3,316.875,1030,3125,1140,3120,1214,1756
6302590,455.06,317.1,465.06,315.675,1032,3119,1138,3108,1213,1751
6302592,454.34,317.025,465.3,316.125,1024,3119,1140,3112,1218,1755
6302594,454.1,316.8,464.74,315.075,1022,3117,1135,3101,1218,1752
6302596,454.74,315.975,465.62,315.675,1029,3107,1144,3108,1221,1753
6302598,454.26,316.65,465.3,314.775,1023,3115,1140,3098,1218,1755
6302600,454.66,315.075,465.14,315.15,1028,3098,1138,3102,1220,1752
6302602,454.66,315.45,464.58,315.15,1027,3103,1131,3102,1219,1754
6302604,454.02,316.35,464.74,313.95,1020,3112,1134,3090,1214,1754
6302606,453.86,315.75,464.74,314.55,1018,3106,1133,3096,1213,1756
6302608,453.78,315,465.3,314.4,1018,3098,1139,3095,1218,1754
6302610,454.58,316.425,465.14,313.575,1025,3114,1137,3086,1216,1759
6302612,454.66,313.5,464.98,314.4,1027,3082,1135,3095,1215,1759
6302614,454.5,315.225,464.98,313.35,1024,3101,1135,3083,1217,1754
6302616,454.66,315.45,465.06,313.275,1026,3104,1136,3083,1216,1754
6302618,454.82,312.9,465.22,313.95,1027,3075,1137,3090,1219,1759
6302620,454.5,315.225,465.22,313.65,1024,3100,1137,3087,1212,1759
6302622,454.58,314.25,465.46,313.65,1025,3090,1139,3087,1219,1755
6302624,453.94,314.775,464.82,313.425,1018,3096,1133,3084,1220,1760
6302626,454.34,314.925,465.22,312.825,1022,3097,1137,3078,1214,1758
6302628,455.14,314.55,465.06,312.375,1030,3093,1136,3073,1220,1757
6302630,454.02,316.2,465.14,314.175,1018,3111,1136,3092,1222,1760
6302632,454.98,316.05,465.38,313.575,1028,3110,1139,3086,1224,1764
6302634,454.5,315.6,464.9,314.025,1023,3104,1133,3090,1228,1764
6302636,454.74,314.475,465.38,314.85,1027,3091,1138,3099,1228,1765
6302638,454.66,314.475,465.46,313.125,1026,3091,1140,3080,1225,1760
6302640,454.26,314.775,465.7,314.625,1022,3094,1142,3096,1225,1766
6302642,455.22,313.575,465.7,315.075,1032,3081,1142,3101,1228,1762
6302644,454.58,315.3,465.86,314.25,1025,3100,1144,3092,1226,1764
6302646,455.06,315.675,465.3,315.225,1030,3104,1138,3103,1229,1767
6302648,454.9,316.65,465.86,314.775,1028,3115,1144,3098,1219,1763
6302650,454.34,315.75,465.62,313.8,1023,3105,1142,3087,1224,1764
6302652,455.3,315.375,465.78,315.45,1033,3100,1144,3105,1225,1766
6302654,454.82,315.6,466.42,315,1029,3102,1151,3100,1224,1770
6302656,454.18,315.6,465.78,314.175,1022,3103,1144,3090,1222,1761
6302658,454.82,315.15,465.54,314.85,1029,3098,1142,3098,1221,1765
6302660,454.58,315.75,465.94,314.55,1027,3104,1146,3094,1225,1762
6302662,455.22,315.975,466.1,314.625,1034,3106,1148,3095,1224,1766
6302664,455.06,315.375,466.1,315.3,1032,3099,1149,3103,1226,1768
6302666,454.66,315.675,466.1,313.95,1028,3103,1149,3088,1222,1766
6302668,454.58,315.975,466.26,314.625,1027,3106,1150,3095,1228,1768
6302670,455.06,315.375,466.26,314.85,1032,3099,1151,3098,1230,1774
6302672,454.42,316.05,466.74,315,1025,3106,1155,3099,1228,1770
6302674,454.58,316.05,466.34,313.65,1028,3107,1152,3085,1229,1764
6302676,454.9,315.15,466.34,314.25,1032,3097,1152,3091,1232,1770
6302678,455.62,315.075,466.5,313.8,1040,3096,1154,3086,1231,1770
6302680,455.54,313.875,466.1,314.175,1039,3083,1151,3090,1238,1773
6302682,454.9,315,466.34,314.1,1032,3095,1153,3089,1236,1774
6302684,456.02,314.775,466.9,314.25,1044,3093,1159,3092,1240,1772
6302686,454.5,314.925,466.58,313.65,1028,3095,1156,3084,1239,1774
6302688,454.98,314.775,466.58,314.4,1033,3093,1156,3093,1238,1775
6302690,454.42,315.6,466.58,313.425,1028,3102,1157,3082,1233,1773
6302692,454.18,314.775,466.26,313.8,1026,3093,1153,3086,1240,1778
6302694,455.22,315.525,466.74,313.875,1036,3102,1158,3087,1238,1773
6302696,454.66,314.4,466.74,313.35,1031,3089,1159,3082,1239,1776
6302698,454.26,313.125,466.82,313.725,1027,3075,1160,3085,1242,1779
6302700,454.5,313.65,466.58,313.35,1030,3081,1157,3082,1243,1775
6302702,455.14,313.275,466.5,313.65,1037,3077,1156,3085,1244,1780
6302704,454.98,314.625,466.74,312.975,1035,3092,1159,3078,1238,1772
6302706,455.3,315.45,466.58,314.025,1038,3101,1157,3089,1235,1777
6302708,455.38,314.175,466.9,313.2,1039,3087,1161,3081,1238,1780
6302710,454.74,314.25,466.02,312.9,1033,3088,1152,3078,1236,1775
6302712,454.9,314.625,466.58,312.825,1034,3092,1158,3077,1237,1780
6302714,454.42,314.625,466.5,313.5,1030,3093,1157,3085,1237,1780
6302716,454.74,314.025,466.98,313.8,1033,3086,1162,3088,1237,1780
6302718,454.42,315.3,466.42,313.35,1030,3101,1157,3083,1239,1779
6302720,454.26,316.2,466.66,313.95,1028,3110,1159,3090,1240,1782
6302722,454.66,314.85,467.06,314.175,1032,3096,1164,3093,1241,1781
6302724,455.06,314.175,466.98,314.325,1037,3088,1162,3095,1243,1783
6302726,453.78,314.025,466.5,314.1,1024,3087,1158,3092,1238,1783
6302728,454.74,314.025,467.06,314.4,1034,3087,1164,3096,1246,1784
6302730,453.94,316.275,466.82,314.775,1026,3112,1162,3100,1247,1782
6302732,454.26,313.875,466.34,315.75,1030,3086,1156,3111,1249,1786
6302734,453.62,314.25,466.9,315,1024,3090,1163,3103,1245,1787
6302736,453.46,314.925,466.74,315.225,1022,3098,1161,3106,1247,1783
6302738,452.74,315.375,466.9,316.05,1014,3103,1163,3115,1248,1783
6302740,454.34,315,466.5,316.125,1031,3099,1159,3116,1242,1787
6302742,454.34,315.825,467.06,315.9,1031,3109,1165,3114,1243,1785
6302744,454.26,315,467.22,316.725,1030,3100,1166,3124,1246,1787
6302746,454.66,316.125,467.06,315.675,1034,3113,1166,3112,1240,1785
6302748,454.1,315.825,467.14,316.8,1029,3110,1166,3125,1246,1787
6302750,453.3,317.325,467.14,316.5,1020,3126,1166,3122,1244,1786
6302752,453.3,315.975,467.38,315.375,1020,3111,1169,3110,1243,1789
6302754,453.3,316.575,467.94,315.975,1021,3119,1175,3117,1243,1787
6302756,453.7,315.975,467.78,315.675,1025,3112,1173,3114,1247,1786
6302758,452.74,317.7,467.46,315.975,1015,3132,1170,3117,1251,1786
6302760,453.46,316.5,467.06,316.425,1022,3118,1166,3122,1252,1790
6302762,453.14,316.95,467.22,316.425,1019,3124,1167,3122,1247,1790
6302764,453.54,317.625,467.22,315.975,1023,3131,1167,3117,1246,1787
6302766,453.3,316.35,467.22,317.1,1020,3117,1167,3131,1247,1790
6302768,453.54,317.625,467.14,315.9,1022,3132,1166,3118,1253,1791
6302770,452.66,316.875,467.14,316.8,1013,3124,1166,3128,1249,1787
6302772,452.82,316.5,467.38,317.1,1015,3119,1169,3131,1249,1791
6302774,452.58,316.575,467.38,315.6,1012,3120,1169,3115,1249,1788
6302776,452.66,317.775,467.46,315.525,1013,3134,1169,3114,1255,1791
6302778,451.78,315.375,466.9,316.35,1004,3107,1163,3124,1251,1790
6302780,452.66,316.275,467.06,315.225,1013,3118,1165,3111,1251,1792
6302782,451.7,317.475,467.22,315.675,1002,3131,1166,3116,1257,1793
6302784,451.22,315.9,467.14,316.5,998,3113,1166,3125,1255,1793
6302786,452.26,316.725,466.74,315.675,1008,3122,1161,3116,1256,1795
6302788,450.98,315.6,467.06,315.375,995,3109,1165,3113,1261,1793
6302790,451.38,316.125,466.66,316.2,999,3115,1160,3122,1255,1793
6302792,451.38,315.75,466.9,315.525,999,3111,1162,3115,1261,1796
6302794,451.78,314.85,466.34,316.425,1003,3101,1156,3123,1258,1799
6302796,451.7,316.725,466.26,314.925,1002,3122,1155,3107,1259,1798
6302798,451.06,316.05,466.74,316.425,995,3114,1160,3124,1256,1794
6302800,451.86,315.3,466.58,315.3,1003,3106,1159,3111,1262,1800
6302802,451.54,317.175,466.66,314.775,999,3127,1159,3105,1253,1800
6302804,451.54,315,466.74,314.775,1000,3102,1160,3105,1254,1799
6302806,451.54,315.075,466.42,315.225,1000,3102,1156,3109,1263,1799
6302808,450.82,316.5,466.42,314.925,992,3118,1156,3106,1262,1795
6302810,451.46,315.45,467.22,315.525,998,3106,1164,3112,1256,1796
6302812,451.06,314.85,466.82,315.375,994,3099,1160,3110,1262,1800
6302814,451.14,316.65,466.02,316.125,994,3118,1151,3117,1260,1801
6302816,451.86,315.45,466.66,316.275,1002,3105,1158,3119,1259,1802
6302818,451.06,315.525,466.74,316.575,993,3105,1158,3122,1262,1805
6302820,451.94,314.325,466.74,316.125,1003,3092,1158,3117,1262,1803
6302822,451.78,315.375,467.3,315.825,1001,3103,1164,3113,1255,1802
6302824,450.98,314.925,466.74,316.575,992,3098,1158,3121,1260,1807
6302826,451.38,316.5,466.5,316.725,996,3114,1156,3122,1263,1803
6302828,451.46,314.475,467.22,316.65,998,3092,1163,3122,1265,1805
6302830,450.98,315.975,466.5,317.775,993,3107,1155,3133,1268,1802
6302832,450.74,318.225,467.06,316.275,989,3132,1162,3116,1267,1801
6302834,450.9,316.275,467.22,317.325,991,3110,1163,3127,1267,1804
6302836,450.98,315.525,467.06,317.025,992,3101,1161,3123,1268,1806
6302838,451.78,317.775,467.14,316.95,1000,3126,1163,3121,1265,1807
6302840,450.9,315.3,467.3,317.1,992,3098,1164,3123,1266,1806
6302842,451.7,316.8,467.06,316.575,1000,3114,1162,3117,1268,1809
6302844,451.54,315.075,467.06,317.325,999,3095,1162,3125,1264,1803
6302846,452.02,316.65,467.06,316.95,1003,3112,1162,3120,1268,1807
6302848,451.62,317.325,467.3,317.1,999,3119,1165,3122,1268,1809
6302850,451.62,315.15,467.3,317.175,1000,3094,1164,3122,1265,1809
6302852,452.74,316.05,467.54,316.725,1011,3104,1167,3117,1265,1807
6302854,452.5,316.725,467.7,316.35,1009,3111,1169,3113,1269,1804
6302856,451.62,315.525,467.54,317.025,1000,3098,1168,3120,1268,1807
6302858,451.7,317.025,467.78,316.425,1001,3114,1170,3113,1266,1809
6302860,451.94,315.825,467.78,316.8,1004,3100,1171,3116,1272,1806
6302862,452.02,314.7,467.86,316.725,1006,3088,1172,3115,1265,1806
6302864,451.62,315.9,468.02,316.8,1001,3101,1173,3116,1271,1810
6302866,451.38,316.8,467.7,317.4,999,3110,1171,3122,1269,1806
6302868,452.26,315.6,467.7,316.575,1009,3098,1171,3113,1274,1810
6302870,451.46,317.325,468.02,317.175,1000,3116,1175,3119,1273,1810
6302872,451.54,316.875,468.1,316.5,1001,3110,1176,3112,1272,1808
6302874,452.1,315.6,468.1,317.55,1007,3096,1176,3123,1271,1809
6302876,451.62,316.725,468.42,317.55,1003,3108,1179,3124,1272,1811
6302878,451.54,318.3,468.34,317.25,1001,3126,1178,3120,1270,1809
6302880,451.7,316.35,468.26,317.775,1004,3105,1177,3126,1271,1811
6302882,451.3,316.575,468.34,317.775,1000,3107,1179,3126,1270,1810
6302884,452.02,318.3,468.26,317.7,1007,3126,1178,3125,1270,1813
6302886,451.7,317.325,468.02,318.075,1004,3115,1176,3129,1271,1813
6302888,451.14,317.1,468.26,317.55,998,3113,1179,3124,1276,1813
6302890,450.9,317.025,468.42,318.525,996,3112,1180,3134,1277,1817
6302892,451.3,318.075,468.34,317.925,1000,3124,1180,3128,1275,1815
6302894,451.46,317.1,468.1,318.15,1002,3113,1178,3130,1279,1814
6302896,451.38,316.5,468.02,318.675,1002,3107,1176,3136,1274,1812
6302898,451.46,317.625,467.86,317.925,1003,3119,1176,3128,1272,1814
6302900,451.06,315.675,468.42,318.675,1000,3098,1182,3137,1275,1818
6302902,451.7,316.8,468.5,318.6,1006,3111,1183,3136,1271,1813
6302904,450.9,317.025,468.42,318.45,998,3113,1182,3135,1276,1812
6302906,451.22,317.475,468.34,318.225,1001,3118,1181,3132,1276,1814
6302908,451.14,316.125,468.34,318.225,1001,3103,1182,3132,1278,1817
6302910,451.38,317.325,468.58,318.15,1003,3117,1184,3132,1271,1812
6302912,450.98,317.325,468.02,318,999,3117,1178,3130,1276,1816
6302914,451.06,317.325,468.74,318.75,1000,3117,1185,3139,1271,1818
6302916,451.62,317.85,468.42,318.3,1005,3123,1183,3134,1278,1814
6302918,451.38,318.15,468.5,318.15,1003,3127,1184,3132,1275,1817
6302920,451.62,316.275,468.74,318.9,1006,3106,1186,3141,1280,1821
6302922,451.46,317.4,469.06,318.75,1005,3119,1189,3139,1275,1817
6302924,450.82,317.325,468.58,319.425,998,3117,1184,3147,1277,1822
6302926,450.9,317.025,468.66,318.75,999,3114,1186,3140,1275,1819
6302928,450.82,317.475,468.5,318.975,998,3120,1184,3142,1276,1818
6302930,450.74,318.15,469.06,319.275,997,3127,1190,3146,1281,1820
6302932,451.22,318.75,468.82,319.275,1002,3134,1187,3145,1280,1820
6302934,450.82,319.05,468.82,319.65,998,3137,1188,3150,1276,1819
6302936,451.06,317.25,468.58,319.275,1001,3117,1185,3146,1280,1821
6302938,450.98,318.375,468.58,319.875,1000,3130,1185,3152,1280,1819
6302940,451.38,319.05,468.5,319.2,1004,3137,1184,3145,1279,1820
6302942,450.74,318.9,468.42,318.9,997,3135,1184,3141,1276,1816
6302944,450.34,317.55,469.22,319.2,994,3120,1191,3145,1275,1817
6302946,450.74,317.925,468.42,319.35,998,3124,1183,3146,1279,1818
6302948,450.66,318.675,468.66,318.9,996,3133,1186,3141,1278,1815
6302950,450.42,318.975,467.7,319.05,994,3135,1176,3142,1277,1820
6302952,450.58,318,468.02,318.825,996,3125,1179,3140,1285,1821
6302954,450.18,317.4,467.94,318.075,992,3118,1179,3131,1278,1816
6302956,450.98,318.225,468.1,319.125,1000,3127,1180,3143,1280,1820
6302958,450.98,317.4,467.7,318.975,1001,3118,1176,3141,1280,1818
6302960,450.18,318.525,467.54,318.525,992,3130,1174,3136,1275,1820
6302962,450.18,318.375,467.86,318.675,992,3128,1178,3137,1279,1818
6302964,450.82,317.1,467.86,318.825,999,3114,1178,3140,1285,1822
6302966,450.66,317.925,467.06,318.15,996,3123,1170,3131,1279,1818
6302968,450.42,317.25,467.46,318.525,994,3115,1173,3135,1279,1816
6302970,450.02,317.4,467.62,318.525,989,3117,1175,3135,1285,1820
6302972,450.34,316.875,467.38,318,993,3112,1172,3129,1280,1819
6302974,449.78,317.325,466.26,318.75,987,3116,1160,3137,1281,1819
6302976,449.7,315.825,467.46,318.15,986,3099,1173,3131,1283,1818
6302978,450.9,317.325,466.9,318.375,998,3116,1167,3133,1281,1817
6302980,450.58,316.425,467.38,318.675,996,3106,1171,3136,1287,1824
6302982,450.02,317.625,466.9,319.35,989,3119,1167,3143,1286,1818
6302984,450.18,317.625,466.66,318.15,991,3118,1164,3130,1284,1816
6302986,450.1,317.325,466.82,318.75,990,3115,1165,3136,1286,1819
6302988,449.62,317.175,466.18,318.6,985,3113,1159,3135,1283,1821
6302990,449.7,316.125,466.26,317.55,986,3102,1159,3123,1284,1818
6302992,451.14,316.05,466.18,317.7,1001,3101,1159,3125,1283,1818
6302994,449.86,316.875,466.34,317.7,986,3109,1160,3124,1284,1815
6302996,450.74,315.6,466.58,318.15,996,3096,1162,3130,1284,1814
6302998,450.5,314.325,466.5,318.375,994,3081,1161,3131,1279,1814
6303000,450.18,316.275,465.78,317.625,989,3103,1153,3123,1283,1818
6303002,449.94,315.6,466.1,317.775,986,3095,1156,3125,1283,1818
6303004,450.26,314.475,466.18,317.85,990,3082,1157,3125,1285,1821
6303006,449.86,316.575,465.94,318.675,985,3105,1154,3134,1285,1816
6303008,450.1,315.825,466.5,317.7,988,3097,1160,3124,1285,1815
6303010,450.5,315.225,466.02,318.675,992,3090,1155,3134,1287,1814
6303012,450.1,316.275,466.34,318.075,988,3102,1158,3127,1284,1816
6303014,450.58,314.625,466.02,318.3,993,3084,1154,3129,1286,1818
6303016,449.62,315.75,466.34,318.675,983,3096,1158,3133,1284,1815
6303018,450.26,317.475,465.86,318.825,988,3115,1153,3136,1284,1814
6303020,449.94,316.65,466.58,318.3,985,3106,1160,3130,1285,1814
6303022,450.42,315.825,466.5,319.35,991,3097,1159,3141,1288,1814
6303024,449.94,317.55,466.5,319.65,985,3116,1159,3144,1284,1816
6303026,449.54,316.875,466.98,319.575,981,3108,1164,3144,1288,1811
6303028,451.46,315.825,466.34,320.25,1002,3097,1157,3151,1286,1815
6303030,450.26,315.675,466.9,319.65,989,3095,1163,3144,1284,1814
6303032,451.3,316.125,467.06,320.175,1000,3100,1165,3150,1288,1815
6303034,450.82,316.575,466.9,320.025,995,3105,1163,3149,1287,1816
6303036,450.5,317.7,467.3,319.575,991,3118,1167,3144,1284,1814
6303038,450.58,317.85,467.22,319.725,992,3119,1167,3146,1289,1813
6303040,450.82,317.4,467.14,320.4,995,3115,1166,3153,1287,1812
6303042,450.9,317.4,467.14,321.225,995,3114,1165,3163,1288,1813
6303044,451.3,317.475,467.38,320.175,999,3115,1168,3150,1290,1810
6303046,450.5,317.625,467.78,319.875,992,3117,1173,3148,1288,1809
6303048,451.22,316.65,467.7,319.8,1000,3106,1172,3147,1288,1816
6303050,450.5,317.7,467.46,320.55,992,3118,1170,3155,1288,1808
6303052,451.22,316.725,467.94,320.25,1000,3108,1175,3152,1290,1813
6303054,450.74,316.8,467.62,320.7,996,3109,1172,3157,1291,1812
6303056,451.62,317.1,467.14,321.45,1005,3112,1167,3165,1285,1809
6303058,450.9,316.725,467.46,319.5,997,3109,1171,3144,1288,1810
6303060,450.82,317.85,467.78,321,996,3121,1174,3162,1296,1810
6303062,450.5,318.075,467.54,320.1,993,3123,1172,3152,1286,1810
6303064,450.58,318.825,467.78,320.1,994,3132,1175,3152,1289,1815
6303066,450.9,315.525,467.3,321.15,998,3096,1170,3164,1289,1809
6303068,450.9,317.25,467.78,320.55,997,3115,1175,3157,1289,1811
6303070,451.3,316.875,467.86,320.775,1002,3111,1176,3160,1293,1810
6303072,451.22,315.525,467.7,321,1002,3097,1174,3162,1294,1812
6303074,450.66,316.875,467.38,319.8,995,3111,1171,3149,1287,1809
6303076,451.22,316.425,467.38,319.35,1002,3106,1172,3144,1291,1810
6303078,450.9,315.975,467.86,320.25,998,3102,1176,3155,1293,1810
6303080,450.42,316.425,467.54,320.175,994,3106,1173,3153,1293,1809
6303082,450.42,317.1,467.46,319.35,993,3114,1172,3145,1289,1808
6303084,450.42,316.725,467.46,320.175,993,3110,1172,3154,1298,1810
6303086,450.82,316.875,467.3,319.8,997,3112,1171,3150,1296,1811
6303088,450.9,316.35,466.98,319.5,999,3106,1167,3147,1294,1813
6303090,451.14,316.425,467.22,319.8,1001,3108,1170,3150,1294,1809
6303092,450.18,315.075,467.62,321.45,992,3092,1174,3168,1290,1808
6303094,450.42,316.2,466.9,320.25,993,3105,1167,3156,1287,1814
6303096,449.7,315.75,466.58,320.25,987,3100,1163,3155,1291,1809
6303098,450.18,315.45,466.9,320.325,992,3097,1166,3156,1289,1807
6303100,449.54,315.3,466.66,319.65,985,3095,1164,3149,1289,1806
6303102,450.66,315.675,466.9,319.275,996,3100,1166,3145,1294,1808
6303104,450.1,315.75,467.14,320.925,990,3100,1168,3163,1290,1811
6303106,450.5,315.3,466.1,320.55,995,3095,1157,3159,1292,1808
6303108,449.22,315.3,466.74,319.725,980,3095,1164,3150,1291,1807
6303110,449.78,315.675,467.22,320.775,986,3099,1168,3161,1292,1808
6303112,450.1,315.225,466.5,319.875,990,3095,1161,3152,1292,1812
6303114,449.06,316.05,466.5,319.575,978,3104,1161,3148,1292,1810
6303116,450.34,315.9,466.98,320.1,991,3103,1165,3155,1290,1806
6303118,449.54,316.575,466.74,320.325,983,3109,1163,3156,1293,1808
6303120,449.62,315.6,467.06,319.875,984,3099,1167,3152,1290,1811
6303122,449.78,315.825,466.74,321,986,3101,1163,3164,1290,1806
6303124,450.18,315.375,467.06,320.7,990,3096,1166,3161,1289,1810
6303126,449.54,316.725,466.98,320.175,983,3111,1165,3155,1293,1809
6303128,449.62,317.25,467.06,320.775,984,3117,1167,3161,1295,1807
6303130,449.3,315.45,466.74,321.075,981,3097,1163,3164,1291,1814
6303132,449.22,316.425,467.22,320.475,980,3107,1168,3158,1296,1813
6303134,449.86,316.05,467.22,320.775,986,3103,1168,3162,1292,1808
6303136,450.02,315.75,466.66,320.025,988,3101,1162,3153,1291,1814
6303138,449.94,316.575,466.9,321,988,3109,1164,3164,1292,1809
6303140,449.46,315.45,467.14,320.175,983,3097,1168,3155,1289,1810
6303142,449.3,316.65,466.9,319.5,980,3110,1165,3147,1291,1810
6303144,449.86,315,467.3,319.5,987,3092,1170,3147,1290,1808
6303146,449.86,315.75,467.06,319.65,987,3100,1167,3149,1291,1810
6303148,450.5,315,467.06,319.425,994,3092,1168,3147,1291,1811
6303150,450.5,315.975,467.38,320.1,995,3102,1171,3153,1298,1810
6303152,449.22,315.9,466.9,319.35,981,3102,1166,3145,1292,1812
6303154,448.74,315.975,467.14,319.875,976,3101,1169,3151,1293,1811
6303156,449.7,314.925,467.22,320.625,986,3091,1169,3160,1292,1808
6303158,449.94,315,467.46,320.1,989,3092,1173,3153,1293,1809
6303160,449.14,315.15,466.98,319.575,981,3093,1168,3148,1294,1813
6303162,449.86,315.375,467.62,320.625,989,3095,1174,3159,1292,1809
6303164,448.9,315.9,467.46,320.1,978,3101,1172,3153,1291,1809
6303166,450.1,316.35,467.62,320.55,991,3105,1175,3158,1296,1812
6303168,449.46,316.5,467.38,320.175,984,3107,1172,3153,1293,1813
6303170,448.58,316.575,467.14,320.55,975,3107,1170,3157,1293,1810
6303172,449.38,315.75,467.06,319.725,984,3099,1169,3148,1289,1810
6303174,449.38,315.225,467.14,320.7,985,3092,1169,3159,1291,1812
6303176,449.3,315.975,466.82,319.05,983,3100,1167,3141,1293,1809
6303178,449.54,315.225,466.98,318.225,986,3093,1169,3131,1287,1813
6303180,449.14,315.675,466.98,320.025,982,3097,1168,3151,1297,1813
6303182,448.82,316.35,467.06,319.725,978,3105,1170,3148,1293,1809
6303184,449.14,315.6,467.06,319.35,982,3096,1170,3143,1294,1814
6303186,449.22,316.275,467.3,319.125,983,3104,1172,3141,1295,1814
6303188,449.94,314.175,467.3,319.425,990,3081,1172,3144,1296,1812
6303190,449.3,315.375,467.22,319.5,984,3094,1171,3145,1292,1808
6303192,449.14,314.175,467.06,318.75,982,3080,1169,3136,1296,1817
6303194,449.86,314.7,467.38,318.9,989,3087,1173,3138,1297,1811
6303196,449.38,315.375,467.14,319.2,984,3093,1170,3142,1294,1810
6303198,448.9,314.775,467.62,318.675,979,3087,1175,3136,1295,1816
6303200,448.82,315.075,467.7,318.9,978,3090,1176,3138,1297,1813
6303202,449.94,315.825,467.3,319.35,990,3099,1172,3143,1297,1813
6303204,448.9,314.775,467.38,318.45,979,3086,1173,3133,1296,1818
6303206,448.9,314.175,467.38,318.825,980,3080,1173,3137,1292,1814
6303208,448.9,314.475,467.54,318.15,979,3083,1175,3130,1292,1814
6303210,449.46,313.5,467.14,318.3,986,3072,1171,3132,1293,1819
6303212,449.54,314.55,467.7,319.35,987,3084,1177,3143,1294,1817
6303214,449.3,314.025,467.22,318.675,984,3078,1172,3135,1293,1816
6303216,448.98,314.55,467.46,318.9,981,3084,1175,3138,1295,1817
6303218,449.54,315,467.78,318.9,987,3089,1178,3138,1293,1816
6303220,449.14,313.425,467.46,318.525,984,3071,1175,3134,1294,1817
6303222,448.82,314.925,466.9,318.675,980,3088,1169,3135,1292,1816
6303224,449.3,314.4,467.54,318.9,985,3082,1176,3137,1297,1816
6303226,448.82,314.175,467.38,318.3,981,3079,1175,3130,1289,1818
6303228,449.06,314.25,467.46,318.375,983,3080,1176,3131,1298,1817
6303230,448.9,314.85,467.78,318.45,982,3086,1180,3132,1295,1821
6303232,448.98,314.625,467.54,318.075,982,3084,1178,3128,1294,1821
6303234,449.14,313.5,467.46,318.675,985,3071,1177,3134,1298,1818
6303236,448.42,314.25,467.22,318.525,978,3079,1174,3132,1297,1815
6303238,448.66,314.925,467.3,317.85,980,3086,1176,3124,1298,1822
6303240,449.54,312.9,467.06,317.475,990,3064,1174,3120,1298,1820
6303242,448.98,314.7,467.3,317.325,985,3083,1177,3118,1296,1818
6303244,448.98,313.275,467.06,316.8,985,3067,1174,3112,1300,1821
6303246,447.46,312.975,467.06,317.25,970,3063,1175,3117,1298,1819
6303248,448.42,314.4,467.54,317.925,979,3079,1180,3124,1295,1821
6303250,448.58,313.65,466.9,317.55,982,3070,1174,3119,1296,1820
6303252,448.58,313.575,466.9,317.025,982,3069,1174,3113,1299,1822
6303254,447.86,314.85,466.9,316.8,974,3083,1175,3111,1304,1821
6303256,447.86,313.275,466.66,316.575,975,3066,1172,3108,1299,1821
6303258,449.3,313.65,466.98,317.175,990,3070,1176,3114,1298,1822
6303260,448.58,312.975,466.98,316.5,984,3062,1176,3107,1298,1818
6303262,449.06,314.25,467.14,317.025,988,3075,1178,3113,1299,1824
6303264,448.5,313.875,467.14,317.175,982,3071,1178,3115,1301,1824
6303266,448.42,313.725,467.62,317.4,982,3070,1183,3117,1301,1824
6303268,448.98,313.125,467.22,316.875,989,3063,1179,3110,1299,1823
6303270,447.94,312.9,466.82,317.775,978,3060,1175,3120,1297,1825
6303272,448.18,315.075,467.06,317.325,980,3084,1178,3115,1298,1823
6303274,448.42,313.05,467.54,317.55,983,3062,1184,3118,1302,1825
6303276,448.18,312.975,466.9,317.1,981,3061,1177,3113,1298,1825
6303278,447.06,313.8,467.38,317.55,969,3069,1183,3118,1301,1823
6303280,447.54,315.15,467.78,317.475,975,3085,1187,3117,1301,1827
6303282,448.1,314.775,467.78,317.175,981,3081,1188,3113,1300,1826
6303284,448.58,315.45,467.62,317.775,986,3088,1186,3120,1304,1827
6303286,448.42,315,467.62,317.4,985,3083,1186,3116,1300,1829
6303288,447.94,315.075,467.7,317.7,980,3083,1187,3120,1299,1828
6303290,448.34,314.625,467.62,318.15,985,3079,1186,3125,1299,1825
6303292,448.5,312.825,467.54,317.55,987,3059,1187,3117,1302,1826
6303294,448.18,314.7,467.3,317.25,983,3080,1185,3115,1302,1827
6303296,448.34,313.875,467.7,317.625,986,3070,1189,3119,1301,1828
6303298,448.02,313.275,467.7,317.175,983,3064,1189,3114,1301,1830
6303300,447.78,314.175,468.02,317.1,981,3074,1193,3113,1300,1830
6303302,448.1,314.025,467.86,317.4,984,3072,1192,3116,1301,1829
6303304,448.9,313.275,468.34,316.5,994,3064,1197,3107,1299,1829
6303306,447.7,313.2,468.42,317.25,982,3064,1199,3115,1303,1827
6303308,448.1,312.9,468.5,316.275,986,3060,1200,3104,1301,1828
6303310,449.22,312.375,468.42,316.125,999,3055,1200,3102,1301,1829
6303312,448.26,311.925,467.78,315.45,989,3050,1193,3095,1304,1830
6303314,448.74,310.8,468.66,315.525,995,3037,1204,3095,1302,1830
6303316,449.06,312.675,468.18,315.375,998,3057,1199,3094,1301,1829
6303318,449.22,312.15,468.66,315.075,1001,3052,1205,3090,1305,1826
6303320,448.02,312.075,468.1,315,988,3051,1199,3090,1305,1833
6303322,449.14,311.925,468.66,315.825,1002,3049,1206,3098,1304,1832
6303324,449.54,312.525,468.9,315.675,1005,3056,1208,3097,1305,1833
6303326,449.06,311.4,468.9,314.925,1001,3043,1210,3088,1305,1831
6303328,449.06,311.55,468.34,314.775,1001,3045,1204,3087,1302,1828
6303330,448.5,312.3,468.58,315.075,997,3052,1207,3090,1301,1834
6303332,448.82,312.3,468.9,315.075,1000,3052,1211,3090,1302,1830
6303334,447.7,313.725,468.74,315.45,989,3067,1210,3093,1301,1829
6303336,448.98,311.325,468.9,315.15,1004,3041,1212,3090,1305,1831
6303338,447.78,312.675,468.66,314.85,992,3055,1211,3086,1305,1830
6303340,448.42,312.525,468.26,314.4,999,3054,1207,3081,1306,1827
6303342,448.58,311.175,468.42,315.075,1002,3038,1210,3088,1299,1832
6303344,448.34,313.35,468.5,314.55,999,3062,1211,3083,1307,1831
6303346,448.18,311.85,468.18,315.15,999,3045,1209,3088,1304,1833
6303348,448.58,311.1,468.5,314.4,1003,3038,1212,3080,1306,1831
6303350,447.94,313.2,468.26,314.7,998,3059,1211,3083,1302,1831
6303352,448.9,312.9,468.58,314.7,1008,3057,1214,3083,1303,1830
6303354,448.42,312.525,468.66,314.925,1004,3052,1216,3085,1305,1829
6303356,447.7,312.525,468.58,314.85,997,3052,1216,3084,1305,1831
6303358,447.78,313.125,468.42,314.175,999,3058,1216,3077,1304,1831
6303360,449.06,312.15,468.02,314.85,1012,3048,1211,3083,1305,1832
6303362,448.74,313.35,468.02,314.925,1009,3060,1213,3084,1299,1831
6303364,448.5,313.2,468.5,314.325,1007,3059,1218,3078,1300,1831
6303366,448.74,312.075,468.42,314.625,1011,3046,1217,3081,1302,1829
6303368,448.82,313.575,468.58,314.4,1011,3063,1219,3078,1302,1831
6303370,447.7,311.475,468.26,314.625,1002,3039,1217,3080,1296,1829
6303372,449.06,312.75,468.42,314.025,1015,3053,1219,3074,1304,1830
6303374,448.18,313.2,468.5,314.25,1007,3058,1221,3076,1301,1832
6303376,448.02,312.675,468.02,314.1,1005,3052,1215,3074,1306,1836
6303378,448.66,311.85,468.1,314.55,1013,3044,1217,3080,1300,1831
6303380,448.34,313.575,468.5,314.7,1009,3062,1221,3081,1308,1836
6303382,448.34,313.05,468.58,315.3,1010,3057,1223,3088,1303,1837
6303384,448.02,312.6,467.7,314.55,1007,3052,1214,3080,1306,1832
6303386,448.74,312.525,468.1,314.85,1015,3052,1219,3084,1304,1835
6303388,447.62,312.3,468.18,314.4,1004,3049,1220,3079,1301,1839
6303390,448.02,313.125,467.86,314.1,1008,3058,1218,3075,1304,1835
6303392,448.5,312.375,468.1,314.55,1014,3050,1220,3081,1306,1836
6303394,447.62,312.15,467.7,314.25,1006,3047,1217,3077,1302,1834
6303396,448.02,312.6,467.54,314.325,1010,3052,1215,3078,1303,1833
6303398,448.18,312.3,467.7,313.875,1012,3049,1217,3073,1298,1835
6303400,446.98,312.675,468.1,313.65,999,3053,1221,3071,1304,1837
6303402,448.02,313.2,467.54,314.4,1010,3059,1216,3078,1304,1835
6303404,447.78,312.225,467.78,313.875,1008,3048,1218,3073,1302,1835
6303406,447.78,311.55,467.7,313.575,1009,3041,1219,3070,1302,1837
6303408,447.14,311.85,468.1,313.125,1002,3044,1222,3065,1302,1836
6303410,448.26,310.05,467.62,313.575,1015,3024,1217,3070,1296,1834
6303412,447.62,310.8,467.46,313.425,1008,3032,1216,3068,1303,1837
6303414,446.98,311.325,467.7,313.425,1002,3038,1219,3068,1302,1834
6303416,448.02,311.25,467.46,312.9,1012,3038,1217,3063,1299,1837
6303418,447.7,311.7,467.22,313.275,1009,3043,1214,3066,1302,1838
6303420,447.46,311.7,467.78,314.025,1007,3043,1220,3075,1302,1837
6303422,447.54,310.05,467.22,312.825,1008,3025,1215,3062,1303,1839
6303424,446.66,310.05,466.9,313.425,998,3024,1211,3068,1304,1838
6303426,446.42,311.175,467.3,312.825,996,3036,1216,3061,1303,1839
6303428,447.14,310.65,467.22,312.9,1004,3030,1214,3062,1303,1837
6303430,446.66,311.625,467.38,312.9,999,3041,1217,3061,1303,1835
6303432,447.54,310.65,467.3,313.2,1009,3030,1216,3065,1303,1841
6303434,447.38,312.45,467.38,313.2,1006,3050,1216,3065,1303,1839
6303436,447.62,311.625,467.06,313.2,1008,3041,1213,3064,1304,1841
6303438,447.14,311.775,466.66,313.425,1003,3042,1209,3066,1304,1840
6303440,446.98,312.6,467.22,313.275,1002,3051,1214,3065,1304,1839
6303442,447.06,312.375,467.22,312.975,1002,3048,1214,3061,1303,1839
6303444,447.3,311.55,467.06,312.9,1005,3039,1213,3061,1302,1839
6303446,446.42,311.925,466.82,313.5,995,3043,1210,3067,1303,1839
6303448,447.38,311.625,466.66,313.575,1006,3040,1209,3068,1304,1840
6303450,447.38,311.4,466.74,313.725,1006,3037,1209,3069,1302,1839
6303452,447.3,311.85,466.5,313.5,1005,3042,1206,3067,1302,1838
6303454,446.58,312.075,467.06,313.875,996,3044,1212,3071,1302,1841
6303456,447.78,310.35,466.66,313.875,1010,3026,1208,3070,1300,1842
6303458,446.34,312.075,466.42,313.65,994,3044,1205,3068,1305,1840
6303460,447.06,312.6,466.5,313.35,1002,3050,1206,3064,1309,1842
6303462,447.22,312.15,466.5,313.875,1003,3045,1205,3070,1304,1843
6303464,447.22,312.975,466.82,313.725,1002,3054,1209,3068,1303,1844
6303466,446.98,311.925,466.74,313.5,1000,3042,1208,3066,1301,1841
6303468,446.66,311.4,466.26,313.65,997,3036,1203,3067,1310,1845
6303470,447.46,312.825,466.02,313.95,1004,3052,1199,3070,1301,1846
6303472,447.06,311.85,466.34,314.4,1001,3041,1203,3075,1300,1843
6303474,447.06,310.95,466.18,313.8,1001,3031,1201,3069,1306,1847
6303476,447.14,312.3,465.94,314.1,1001,3046,1198,3072,1306,1843
6303478,446.82,312.15,465.7,314.025,997,3044,1196,3071,1308,1844
6303480,447.14,312.9,466.42,314.325,1000,3052,1203,3074,1305,1846
6303482,447.06,313.2,466.1,314.025,999,3056,1200,3072,1306,1847
6303484,447.46,311.55,465.7,313.425,1004,3038,1196,3064,1303,1847
6303486,447.3,311.475,465.62,313.8,1002,3037,1194,3069,1306,1847
6303488,447.62,311.55,466.1,314.4,1006,3038,1199,3076,1307,1847
6303490,447.14,311.925,465.7,313.425,999,3042,1195,3065,1305,1846
6303492,447.46,312.075,465.7,313.875,1003,3044,1195,3069,1303,1850
6303494,447.7,310.65,466.18,313.875,1006,3028,1199,3069,1301,1846
6303496,447.06,310.8,465.46,313.575,999,3030,1192,3066,1303,1848
6303498,446.58,312.45,465.54,313.425,992,3048,1192,3064,1306,1846
6303500,447.38,311.55,465.78,313.275,1002,3038,1195,3063,1309,1848
6303502,446.82,311.625,465.22,313.95,994,3039,1188,3070,1304,1848
6303504,446.5,312.15,465.22,314.1,991,3044,1188,3071,1304,1848
6303506,447.46,311.25,465.78,314.1,1001,3034,1193,3072,1307,1850
6303508,446.82,311.4,465.54,314.025,994,3036,1191,3071,1307,1848
6303510,446.66,311.7,465.14,314.325,992,3039,1185,3074,1305,1848
6303512,447.46,310.875,465.22,313.95,1000,3031,1186,3070,1309,1849
6303514,447.22,311.775,465.3,313.8,997,3040,1187,3068,1302,1849
6303516,447.06,312.675,465.14,313.875,995,3049,1185,3069,1305,1847
6303518,447.46,312.525,465.46,314.175,999,3048,1188,3072,1307,1848
6303520,447.22,311.1,465.22,313.725,997,3032,1186,3067,1306,1851
6303522,447.3,311.85,465.22,313.95,997,3040,1185,3069,1305,1851
6303524,447.7,311.625,465.14,314.55,1002,3038,1184,3076,1309,1850
6303526,447.46,311.4,464.98,314.475,998,3035,1182,3074,1307,1849
6303528,447.7,312.15,465.3,314.475,1001,3044,1186,3075,1307,1851
6303530,447.78,312.15,465.3,314.1,1001,3043,1185,3070,1308,1849
6303532,447.46,311.325,465.54,314.25,997,3034,1187,3072,1303,1853
6303534,447.94,311.175,465.14,314.475,1003,3031,1182,3074,1309,1849
6303536,447.3,312,465.38,314.4,996,3041,1185,3073,1309,1850
6303538,447.3,311.7,465.46,314.4,995,3037,1186,3073,1308,1853
6303540,448.5,311.85,465.54,313.5,1007,3039,1187,3063,1308,1856
6303542,448.18,310.5,465.78,313.95,1005,3023,1189,3067,1306,1853
6303544,446.5,311.925,465.06,313.575,986,3039,1181,3063,1310,1852
6303546,447.78,312.075,465.14,313.425,999,3040,1182,3060,1309,1851
6303548,447.22,312.075,465.46,312.9,994,3039,1185,3055,1310,1853
6303550,447.78,311.1,465.3,313.05,999,3028,1184,3055,1307,1853
6303552,447.7,312,465.46,313.35,998,3038,1184,3059,1309,1853
6303554,447.7,311.4,465.46,313.65,998,3030,1184,3062,1309,1854
6303556,448.02,310.5,465.46,312.975,1001,3021,1185,3054,1307,1854
6303558,447.94,310.575,465.78,313.2,1001,3021,1188,3056,1309,1855
6303560,448.5,310.5,465.14,312.6,1007,3020,1181,3049,1311,1855
6303562,447.94,310.275,465.06,312.75,1000,3017,1180,3050,1313,1853
6303564,448.26,310.425,465.54,312.6,1004,3019,1185,3049,1309,1855
6303566,448.02,309.675,465.38,312.525,1002,3010,1184,3047,1304,1853
6303568,447.78,310.275,465.14,311.775,999,3017,1181,3038,1314,1857
6303570,448.82,309.3,465.22,312.75,1010,3005,1182,3048,1310,1854
6303572,447.62,310.2,465.54,312.075,997,3015,1186,3041,1312,1855
6303574,447.94,311.325,465.14,312.525,1000,3026,1181,3046,1311,1853
6303576,448.42,310.2,465.78,312.525,1006,3014,1188,3046,1310,1858
6303578,448.66,310.5,465.86,312.375,1008,3017,1189,3043,1314,1858
6303580,448.5,309.9,465.78,313.275,1006,3010,1187,3053,1314,1858
6303582,449.14,311.7,465.7,312.45,1012,3029,1187,3043,1313,1857
6303584,449.14,309.3,465.86,312.375,1013,3003,1188,3043,1314,1860
6303586,448.58,310.875,465.38,312.825,1007,3020,1183,3046,1315,1857
6303588,449.46,310.2,465.7,312.525,1017,3012,1187,3043,1311,1858
6303590,449.62,309.75,466.02,313.275,1018,3007,1190,3051,1314,1857
6303592,449.22,309.825,465.94,312.75,1014,3008,1189,3046,1316,1859
6303594,448.74,309.9,466.1,313.425,1009,3008,1190,3052,1310,1862
6303596,449.38,310.125,466.02,313.2,1015,3011,1190,3050,1316,1861
6303598,449.06,310.65,466.18,313.95,1011,3016,1191,3058,1315,1860
6303600,448.58,310.575,465.7,313.2,1007,3015,1186,3049,1311,1860
6303602,448.58,311.25,466.42,313.725,1006,3022,1194,3055,1313,1862
6303604,448.74,310.125,466.9,314.175,1009,3010,1198,3060,1314,1863
6303606,449.22,310.725,466.18,314.1,1013,3016,1190,3060,1315,1862
6303608,448.34,310.425,466.42,314.1,1004,3013,1193,3060,1317,1863
6303610,449.14,309.75,466.5,313.875,1012,3005,1194,3057,1314,1860
6303612,447.7,310.8,466.5,313.65,997,3016,1194,3054,1316,1860
6303614,448.26,310.875,466.34,313.8,1003,3017,1192,3055,1313,1862
6303616,448.74,311.475,466.74,314.55,1007,3024,1196,3064,1316,1864
6303618,448.02,311.025,466.1,313.725,1000,3018,1190,3054,1317,1864
6303620,448.98,311.325,466.5,314.325,1010,3022,1194,3061,1315,1862
6303622,448.74,311.475,466.66,314.475,1008,3023,1196,3062,1316,1863
6303624,448.58,310.95,466.26,314.1,1006,3018,1191,3058,1319,1864
6303626,448.34,310.8,466.02,313.35,1003,3015,1189,3049,1317,1861
6303628,447.86,310.95,466.02,313.725,998,3017,1189,3053,1317,1861
6303630,448.42,312,466.34,313.5,1003,3028,1191,3051,1315,1863
6303632,448.18,312.075,466.18,313.8,1001,3028,1190,3053,1319,1866
6303634,447.62,311.775,465.86,313.725,995,3025,1187,3052,1315,1865
6303636,448.58,310.8,465.78,313.425,1006,3014,1186,3049,1320,1865
6303638,448.42,310.425,465.7,313.425,1003,3009,1185,3048,1318,1864
6303640,448.1,311.85,465.78,313.425,1000,3025,1185,3049,1317,1863
6303642,448.34,311.025,465.54,314.025,1002,3015,1183,3054,1315,1865
6303644,446.82,311.1,465.86,313.425,986,3016,1186,3048,1319,1866
6303646,447.94,311.775,465.62,313.95,998,3023,1184,3053,1322,1868
6303648,448.58,310.95,465.3,314.25,1005,3014,1180,3056,1311,1864
6303650,447.38,311.625,465.86,314.25,992,3020,1186,3055,1315,1867
6303652,447.22,312.375,465.06,314.55,990,3029,1177,3058,1314,1868
6303654,447.38,312.375,465.06,314.55,991,3028,1177,3057,1321,1868
6303656,446.66,311.325,464.66,314.7,984,3016,1173,3059,1322,1869
6303658,446.82,312.375,464.66,315.15,986,3027,1172,3063,1315,1868
6303660,447.22,311.025,464.82,314.775,990,3013,1174,3059,1319,1869
6303662,446.34,313.05,464.98,314.775,980,3034,1176,3059,1322,1870
6303664,445.78,312.225,464.42,314.925,974,3024,1169,3060,1319,1868
6303666,447.54,312.075,464.58,315.6,992,3023,1171,3067,1316,1869
6303668,446.98,313.425,464.5,315.15,986,3038,1170,3062,1323,1869
6303670,446.26,312.975,464.5,315.525,979,3031,1169,3065,1317,1867
6303672,446.98,313.875,464.58,315.525,985,3041,1170,3066,1321,1873
6303674,446.26,314.325,463.94,315.975,977,3046,1163,3069,1323,1872
6303676,446.74,312.6,463.22,315.75,983,3027,1156,3067,1323,1872
6303678,445.78,312.225,463.78,315.225,973,3022,1162,3061,1319,1870
6303680,446.26,315,463.78,316.05,977,3052,1162,3070,1329,1875
6303682,446.58,312.9,464.02,315.75,981,3029,1164,3066,1327,1874
6303684,445.78,314.775,464.02,315.225,972,3049,1164,3061,1320,1870
6303686,446.66,313.875,464.34,315.675,981,3039,1167,3065,1327,1870
6303688,446.26,313.35,463.78,315.75,978,3033,1161,3066,1326,1876
6303690,446.1,314.175,464.34,314.775,975,3042,1167,3054,1325,1876
6303692,446.34,312.525,463.94,314.85,978,3023,1163,3054,1325,1874
6303694,446.02,311.175,463.86,315.45,975,3008,1161,3061,1321,1877
6303696,446.02,310.725,464.26,315.225,976,3003,1166,3059,1319,1874
6303698,446.66,313.65,464.18,315.375,981,3034,1165,3059,1322,1875
6303700,447.86,312.9,463.78,315.15,994,3027,1161,3057,1319,1873
6303702,446.34,312.9,464.02,315.15,978,3026,1164,3056,1319,1878
6303704,448.26,313.65,464.34,315.3,998,3034,1167,3058,1321,1875
6303706,447.46,313.125,464.18,315.3,990,3027,1166,3057,1320,1874
6303708,447.22,312.975,464.9,315.45,988,3026,1174,3059,1324,1874
6303710,447.22,314.4,464.98,315.825,988,3041,1174,3063,1328,1874
6303712,446.9,313.725,464.34,315.525,984,3033,1168,3059,1324,1877
6303714,447.38,313.125,464.9,316.05,991,3026,1174,3064,1325,1874
6303716,448.74,314.25,466.02,317.025,1005,3039,1186,3076,1324,1876
6303718,449.22,314.325,465.38,316.8,1010,3040,1179,3072,1324,1878
6303720,448.26,313.2,465.14,316.35,1000,3027,1177,3067,1323,1875
6303722,448.34,314.4,465.38,315.9,1001,3040,1180,3062,1329,1876
6303724,447.62,314.775,465.62,316.125,994,3044,1182,3065,1328,1877
6303726,448.42,314.175,466.02,316.275,1003,3037,1188,3066,1327,1877
6303728,447.62,313.575,465.54,315.825,995,3030,1183,3061,1330,1877
6303730,448.1,313.575,466.34,316.35,1001,3030,1192,3066,1326,1878
6303732,448.26,313.5,466.58,316.425,1003,3029,1195,3067,1328,1883
6303734,448.1,315.225,466.1,316.275,1002,3048,1191,3065,1334,1879
6303736,448.74,313.575,466.26,316.275,1009,3030,1193,3065,1328,1881
6303738,448.74,314.625,466.34,316.725,1010,3040,1195,3069,1324,1880
6303740,448.82,314.4,466.1,316.425,1011,3038,1193,3066,1331,1883
6303742,448.74,314.25,466.74,316.875,1012,3036,1201,3071,1330,1881
6303744,448.66,315.375,466.58,316.35,1010,3048,1199,3065,1334,1881
6303746,448.82,314.85,466.58,316.875,1014,3042,1200,3071,1330,1881
6303748,448.58,312.975,466.1,316.275,1012,3022,1195,3064,1327,1883
6303750,448.9,315,466.5,316.65,1016,3045,1201,3068,1334,1882
6303752,448.98,313.425,466.18,316.575,1017,3027,1198,3067,1327,1886
6303754,448.1,313.575,466.5,315.75,1009,3028,1203,3058,1329,1882
6303756,449.22,313.875,466.58,316.35,1021,3032,1204,3065,1328,1883
6303758,448.66,314.7,466.74,317.1,1017,3041,1207,3073,1331,1883
6303760,448.82,312.9,466.34,316.65,1019,3021,1202,3068,1329,1884
6303762,448.66,314.175,466.66,316.95,1019,3035,1208,3071,1331,1882
6303764,447.86,315.15,466.58,317.1,1010,3045,1206,3073,1331,1886
6303766,448.26,313.725,466.26,317.1,1016,3030,1205,3073,1330,1885
6303768,449.62,314.4,466.5,317.175,1030,3038,1207,3074,1330,1883
6303770,448.66,315.225,466.74,317.1,1021,3046,1211,3073,1334,1885
6303772,448.98,314.25,466.18,317.25,1024,3036,1205,3074,1328,1884
6303774,448.66,313.8,465.94,317.475,1022,3032,1203,3077,1331,1887
6303776,449.14,314.025,466.34,317.25,1028,3034,1207,3075,1328,1886
6303778,448.26,315.45,466.26,317.1,1018,3049,1208,3074,1329,1885
6303780,447.94,315.675,466.42,317.55,1015,3052,1209,3078,1337,1886
6303782,448.98,314.25,465.86,317.475,1027,3037,1204,3078,1338,1886
6303784,448.34,315.525,466.34,316.875,1019,3051,1209,3072,1336,1884
6303786,447.7,314.85,466.66,316.95,1014,3044,1213,3073,1334,1887
6303788,448.58,313.875,466.34,317.1,1023,3033,1210,3075,1335,1886
6303790,448.9,315.75,466.26,317.25,1027,3054,1210,3077,1334,1887
6303792,448.9,315.3,466.26,317.025,1027,3050,1209,3074,1325,1886
6303794,448.5,314.1,465.94,317.325,1024,3036,1207,3078,1333,1888
6303796,448.58,314.025,466.18,317.475,1025,3036,1209,3080,1330,1888
6303798,448.34,314.475,466.1,317.4,1022,3041,1209,3080,1337,1888
6303800,448.42,315,465.86,317.775,1023,3047,1206,3083,1332,1889
6303802,448.58,315.3,465.94,316.95,1025,3051,1208,3075,1327,1887
6303804,448.42,315.45,465.78,317.55,1023,3053,1205,3081,1329,1888
6303806,447.86,314.925,465.86,317.55,1018,3048,1206,3082,1334,1888
6303808,448.74,315.15,466.1,317.175,1026,3050,1209,3078,1330,1888
6303810,448.02,314.55,465.86,317.175,1020,3044,1206,3079,1332,1889
6303812,448.18,315.45,465.7,317.4,1021,3054,1205,3081,1329,1888
6303814,448.34,315.6,466.1,316.95,1022,3057,1209,3077,1334,1890
6303816,447.62,313.425,465.38,317.25,1015,3032,1201,3080,1325,1889
6303818,448.26,314.55,465.7,317.325,1022,3046,1205,3082,1329,1888
6303820,448.26,315.525,465.54,317.475,1021,3056,1204,3083,1332,1889
6303822,447.78,315,465.62,317.475,1017,3051,1205,3084,1330,1889
6303824,447.3,315.9,465.7,316.95,1011,3061,1206,3078,1332,1888
6303826,447.14,315.3,465.54,317.325,1010,3054,1204,3082,1337,1890
6303828,447.86,315.825,465.54,317.85,1018,3060,1204,3088,1333,1891
6303830,447.7,315.6,465.62,317.25,1017,3057,1205,3082,1332,1891
6303832,447.54,315.15,465.14,316.95,1014,3052,1200,3078,1330,1893
6303834,447.06,315.45,465.46,318,1010,3056,1203,3090,1332,1893
6303836,446.34,315,465.22,317.1,1002,3050,1200,3080,1335,1894
6303838,447.22,316.125,465.22,317.475,1010,3064,1200,3084,1333,1894
6303840,447.7,314.625,464.82,317.25,1017,3047,1196,3082,1334,1892
6303842,446.82,317.325,465.06,317.325,1006,3076,1198,3083,1335,1894
6303844,446.1,315.525,465.3,317.7,999,3056,1200,3087,1326,1890
6303846,446.66,316.5,465.14,317.475,1004,3068,1198,3084,1335,1894
6303848,446.5,315.75,464.74,317.175,1002,3059,1194,3081,1333,1893
6303850,446.9,315.45,464.82,316.875,1006,3056,1195,3078,1332,1893
6303852,446.82,315.675,464.82,317.025,1005,3058,1194,3079,1331,1895
6303854,446.74,315,464.34,316.5,1005,3051,1190,3073,1330,1895
6303856,447.62,315.15,464.26,316.275,1014,3052,1188,3071,1330,1894
6303858,447.38,314.25,464.42,316.575,1011,3043,1190,3074,1328,1895
6303860,447.7,315.15,464.98,316.5,1014,3053,1196,3073,1330,1894
6303862,447.22,312.825,464.42,316.575,1009,3026,1189,3074,1329,1893
6303864,447.86,313.725,464.42,316.575,1015,3037,1190,3074,1329,1895
6303866,447.14,314.55,464.74,316.275,1008,3045,1192,3070,1333,1894
6303868,448.5,313.8,464.74,316.05,1022,3038,1192,3068,1329,1894
6303870,447.62,313.35,465.14,315.975,1012,3032,1196,3067,1330,1895
6303872,447.78,314.85,464.74,316.425,1013,3048,1191,3071,1329,1893
6303874,447.86,312.225,465.14,316.275,1014,3019,1195,3070,1328,1894
6303876,447.54,313.65,465.3,316.2,1010,3035,1197,3069,1326,1893
6303878,447.78,314.925,464.82,317.025,1012,3049,1191,3078,1331,1895
6303880,448.42,314.55,464.74,317.175,1018,3045,1190,3080,1333,1895
6303882,448.1,314.1,465.22,316.2,1015,3040,1194,3069,1334,1892
6303884,448.26,314.475,465.14,317.1,1017,3044,1194,3079,1337,1895
6303886,448.9,315.525,465.38,316.35,1024,3056,1197,3071,1336,1897
6303888,448.1,315.9,465.7,316.725,1015,3060,1200,3074,1331,1894
6303890,448.18,315,465.62,317.325,1016,3049,1199,3081,1331,1896
6303892,448.1,315.15,465.86,316.575,1015,3051,1202,3073,1332,1898
6303894,448.02,315.675,465.78,316.875,1014,3057,1200,3076,1332,1894
6303896,448.58,314.325,466.1,317.925,1020,3042,1204,3088,1331,1891
6303898,449.06,314.55,466.02,317.475,1025,3045,1203,3083,1326,1895
6303900,449.3,314.4,466.1,317.325,1028,3043,1204,3081,1327,1892
6303902,449.14,315.375,466.5,317.7,1026,3054,1208,3086,1332,1892
6303904,449.54,314.175,466.66,317.55,1031,3041,1210,3085,1324,1893
6303906,450.26,315.45,466.42,317.475,1038,3056,1208,3084,1331,1895
6303908,449.46,315.975,466.58,317.775,1029,3062,1209,3087,1333,1894
6303910,448.82,314.775,466.98,317.7,1023,3048,1214,3087,1328,1895
6303912,448.42,315.375,466.74,317.4,1019,3055,1211,3083,1325,1893
6303914,449.3,314.7,466.66,317.925,1028,3048,1210,3090,1331,1895
6303916,449.38,314.7,467.06,317.25,1030,3048,1215,3082,1329,1893
6303918,449.62,316.8,466.98,317.025,1031,3071,1215,3080,1329,1893
6303920,449.3,315.15,467.38,317.1,1029,3053,1219,3081,1333,1892
6303922,449.46,314.4,466.42,317.025,1031,3045,1209,3081,1325,1891
6303924,449.46,314.4,466.42,317.25,1031,3046,1209,3083,1332,1894
6303926,449.06,315.375,466.82,317.25,1026,3056,1214,3083,1328,1891
6303928,448.82,315,467.14,316.5,1025,3052,1217,3075,1327,1893
6303930,448.82,314.625,466.34,317.4,1024,3048,1208,3085,1329,1893
6303932,448.74,313.275,466.9,317.025,1024,3034,1214,3081,1330,1891
6303934,449.06,314.85,466.82,316.8,1027,3051,1213,3079,1328,1891
6303936,449.54,314.925,466.98,316.875,1031,3052,1215,3080,1331,1892
6303938,448.82,315.225,466.74,316.95,1023,3056,1212,3080,1328,1890
6303940,448.42,315.375,467.06,316.65,1019,3057,1215,3077,1330,1892
6303942,449.3,314.925,466.58,317.25,1028,3052,1210,3084,1328,1893
6303944,448.66,314.25,466.66,316.8,1022,3045,1211,3079,1325,1890
6303946,448.26,315.375,466.26,317.175,1017,3057,1207,3083,1328,1891
6303948,448.66,314.85,466.5,316.875,1022,3052,1209,3080,1332,1891
6303950,448.02,314.775,466.66,316.95,1014,3050,1210,3081,1331,1888
6303952,448.82,315.3,466.34,316.875,1022,3057,1207,3080,1326,1891
6303954,449.06,315,466.74,317.85,1025,3054,1211,3091,1324,1889
6303956,448.26,315.75,466.26,317.1,1016,3061,1206,3083,1325,1891
6303958,447.54,314.325,467.06,317.175,1009,3046,1214,3084,1322,1888
6303960,448.66,316.05,466.02,317.775,1020,3065,1203,3090,1329,1889
6303962,448.34,315.45,466.58,317.625,1017,3059,1208,3088,1328,1889
6303964,448.82,315.3,466.18,318.075,1021,3057,1203,3094,1327,1889
6303966,448.82,315.45,466.34,317.775,1021,3059,1204,3091,1327,1890
6303968,448.42,315.975,466.58,318.45,1016,3065,1207,3098,1326,1889
6303970,448.58,315.75,466.74,318.15,1017,3063,1208,3096,1323,1890
6303972,448.82,315.825,466.82,317.85,1019,3063,1209,3092,1328,1889
6303974,447.38,315.975,466.74,318.525,1004,3065,1207,3100,1326,1890
6303976,448.58,315.825,466.66,318.375,1017,3064,1207,3098,1324,1889
6303978,447.62,317.7,466.58,318.6,1006,3085,1205,3101,1331,1890
6303980,447.38,316.05,466.26,318.375,1003,3066,1202,3099,1333,1890
6303982,447.94,317.325,466.5,318.9,1008,3081,1203,3105,1328,1889
6303984,447.3,316.575,466.82,318.3,1002,3073,1207,3098,1330,1887
6303986,448.1,317.25,466.82,318.225,1009,3081,1206,3098,1328,1889
6303988,447.7,317.1,466.58,318.15,1005,3079,1204,3098,1331,1888
6303990,447.3,317.175,466.74,318.15,999,3080,1204,3098,1332,1888
6303992,448.02,317.175,466.58,318.225,1008,3081,1202,3098,1328,1888
6303994,448.66,315.675,466.66,318.15,1014,3065,1203,3098,1326,1887
6303996,447.86,315.075,466.34,318,1005,3058,1199,3097,1330,1889
6303998,447.94,315.975,466.74,318.3,1005,3069,1202,3100,1325,1886
6304000,448.66,314.85,466.5,317.625,1012,3056,1200,3093,1330,1886
6304002,448.5,314.625,466.74,317.1,1010,3054,1201,3087,1323,1889
6304004,447.94,316.05,466.66,317.775,1004,3069,1201,3094,1325,1890
6304006,448.5,315.075,466.82,317.85,1009,3059,1201,3096,1326,1888
6304008,447.78,315.075,466.98,317.625,1001,3059,1203,3094,1324,1888
6304010,447.86,316.05,466.42,317.55,1001,3070,1196,3092,1328,1891
6304012,448.34,314.925,466.66,317.925,1006,3057,1199,3097,1318,1885
6304014,447.94,314.175,467.06,317.55,1002,3049,1202,3093,1323,1884
6304016,447.86,315,467.06,317.55,1000,3058,1202,3093,1325,1887
6304018,448.02,315.975,467.38,317.625,1001,3069,1204,3093,1330,1887
6304020,446.98,316.35,466.66,317.175,990,3072,1197,3088,1330,1888
6304022,448.18,316.125,467.06,317.325,1001,3070,1200,3090,1328,1885
6304024,448.1,315.975,466.9,317.025,1001,3069,1198,3087,1327,1885
6304026,448.9,315.975,467.46,317.7,1008,3068,1203,3094,1326,1886
6304028,448.58,315,467.54,317.4,1005,3057,1204,3091,1325,1886
6304030,448.74,313.875,467.38,317.25,1006,3045,1202,3089,1322,1886
6304032,448.34,316.05,466.66,317.55,1001,3069,1194,3092,1327,1888
6304034,448.18,317.25,467.3,317.625,999,3082,1200,3092,1324,1886
6304036,449.06,315.75,467.3,317.55,1008,3066,1201,3091,1320,1885
6304038,449.3,315.6,467.62,318.075,1011,3063,1203,3097,1323,1887
6304040,448.58,316.65,467.94,318.225,1002,3075,1207,3099,1327,1884
6304042,449.3,317.4,467.7,317.85,1010,3083,1204,3094,1327,1886
6304044,448.58,315.75,467.38,318.075,1003,3065,1200,3097,1326,1886
6304046,449.06,317.1,468.1,318.525,1007,3079,1207,3101,1320,1885
6304048,449.22,315.6,468.02,318.075,1010,3063,1207,3096,1328,1883
6304050,449.46,316.5,468.18,318.45,1012,3073,1208,3101,1326,1886
6304052,449.94,315.3,468.02,318.15,1017,3060,1207,3097,1324,1885
6304054,449.7,314.85,468.34,318.375,1014,3055,1209,3100,1320,1884
6304056,449.38,315.825,468.1,318.3,1010,3065,1207,3099,1325,1887
6304058,448.98,316.2,468.42,318,1006,3069,1210,3095,1321,1882
6304060,450.58,315.525,468.1,318,1024,3062,1207,3095,1323,1886
6304062,448.98,314.925,467.94,318.15,1007,3054,1205,3097,1319,1885
6304064,449.7,316.95,468.74,317.925,1014,3077,1214,3095,1323,1885
6304066,449.7,316.05,468.18,318.3,1014,3068,1209,3098,1324,1886
6304068,449.94,316.575,468.66,317.85,1016,3073,1214,3094,1322,1884
6304070,450.18,315.375,468.18,318.525,1020,3060,1208,3100,1323,1884
6304072,450.1,313.725,468.26,317.775,1019,3042,1209,3093,1323,1886
6304074,450.5,315.75,468.34,317.775,1024,3064,1211,3092,1322,1885
6304076,450.02,316.5,468.26,317.4,1018,3072,1210,3088,1326,1885
6304078,450.5,315.675,468.26,317.7,1023,3064,1210,3092,1328,1886
6304080,450.74,314.55,468.42,317.325,1026,3051,1212,3088,1322,1888
6304082,450.34,314.475,468.34,317.7,1022,3050,1211,3091,1326,1888
6304084,450.82,315.525,468.42,317.625,1027,3062,1212,3091,1327,1889
6304086,449.7,315.975,468.58,317.775,1015,3067,1213,3092,1329,1886
6304088,450.74,315.825,468.34,317.475,1026,3065,1211,3090,1327,1887
6304090,450.66,314.55,468.74,317.4,1025,3051,1216,3089,1327,1886
6304092,450.02,315.3,468.34,317.4,1018,3059,1211,3088,1325,1886
6304094,450.5,315.675,468.18,317.175,1024,3064,1210,3086,1328,1888
6304096,450.1,314.4,468.42,317.325,1019,3049,1212,3088,1324,1886
6304098,450.02,315.3,468.34,317.775,1019,3060,1211,3093,1325,1883
6304100,450.58,315,468.5,317.775,1024,3056,1212,3093,1324,1884
6304102,450.74,314.475,468.42,317.625,1027,3051,1212,3092,1322,1887
6304104,449.38,314.7,468.42,316.95,1013,3053,1212,3084,1324,1886
6304106,450.5,315.375,468.26,317.85,1024,3061,1211,3094,1324,1884
6304108,450.42,314.175,468.58,317.55,1024,3048,1214,3090,1325,1887
6304110,450.34,314.55,468.58,317.775,1022,3052,1213,3093,1321,1884
6304112,451.06,315.075,468.42,317.85,1030,3058,1212,3094,1320,1887
6304114,450.1,314.7,468.5,317.925,1020,3053,1213,3095,1323,1885
6304116,449.78,316.5,468.02,318,1016,3073,1208,3095,1324,1885
6304118,450.18,315.6,468.42,317.625,1021,3063,1212,3092,1320,1884
6304120,450.02,316.05,468.58,317.4,1019,3068,1214,3090,1320,1885
6304122,450.34,316.05,467.94,318.075,1022,3069,1206,3097,1321,1885
6304124,450.5,315.825,468.26,317.475,1024,3066,1210,3091,1328,1885
6304126,450.26,316.05,468.5,317.7,1021,3068,1213,3093,1327,1884
6304128,450.82,315.3,468.5,317.85,1028,3061,1213,3095,1324,1887
6304130,450.98,314.85,468.98,317.475,1029,3056,1218,3090,1322,1887
6304132,451.06,313.275,468.9,316.875,1030,3038,1218,3084,1322,1887
6304134,451.7,313.95,469.06,316.575,1037,3046,1219,3081,1321,1886
6304136,451.06,312.825,468.82,315.9,1031,3034,1216,3073,1321,1887
6304138,451.3,312.375,469.06,315,1033,3029,1219,3064,1321,1884
6304140,451.46,311.1,468.9,313.95,1035,3015,1219,3052,1319,1888
6304142,450.98,310.275,468.98,313.275,1030,3006,1220,3044,1317,1886
6304144,449.86,309.15,468.66,312.975,1019,2993,1216,3042,1319,1886
6304146,451.38,308.25,468.74,312.825,1035,2983,1217,3040,1315,1880
6304148,450.74,309.525,468.1,312.225,1028,2998,1211,3033,1319,1886
6304150,450.58,308.775,467.78,312.45,1027,2989,1207,3035,1317,1882
6304152,450.9,309,467.78,312.825,1031,2992,1207,3039,1316,1884
6304154,451.3,310.65,467.38,312,1033,3010,1203,3030,1320,1887
6304156,450.82,309.525,467.7,312.45,1029,2998,1206,3035,1320,1884
6304158,450.9,309.525,467.7,312.6,1030,2997,1206,3037,1317,1887
6304160,451.62,310.275,467.86,312.15,1037,3006,1208,3032,1319,1886
6304162,451.14,310.05,467.94,312.9,1032,3003,1209,3041,1318,1885
6304164,450.98,310.125,467.86,313.275,1031,3004,1207,3044,1316,1885
6304166,451.46,309.075,468.02,313.5,1035,2993,1209,3047,1318,1884
6304168,451.62,309.9,468.34,313.35,1037,3002,1213,3045,1320,1884
6304170,451.7,310.35,467.86,313.425,1038,3007,1207,3046,1319,1885
6304172,451.22,311.025,468.26,313.425,1032,3014,1212,3046,1318,1887
6304174,450.5,309.9,468.9,312.975,1025,3001,1218,3041,1323,1885
6304176,451.7,312.225,468.26,312.975,1037,3027,1211,3041,1324,1889
6304178,451.38,311.55,468.66,313.275,1034,3020,1215,3045,1328,1886
6304180,450.82,310.275,469.14,312.675,1028,3005,1220,3038,1326,1886
6304182,451.62,311.175,468.34,312.9,1036,3016,1212,3040,1323,1889
6304184,451.78,310.875,468.74,313.5,1038,3013,1216,3047,1325,1886
6304186,450.98,311.55,468.98,313.35,1029,3020,1218,3046,1325,1883
6304188,451.7,311.55,468.18,312.825,1037,3020,1210,3040,1322,1888
6304190,451.94,311.325,468.42,313.5,1039,3018,1212,3048,1322,1885
6304192,450.98,310.95,469.14,313.125,1029,3014,1219,3044,1322,1883
6304194,451.78,311.1,468.26,313.05,1037,3016,1210,3043,1321,1887
6304196,452.1,309.975,468.58,313.125,1040,3004,1213,3044,1315,1885
6304198,451.38,310.65,469.3,313.125,1032,3012,1220,3045,1319,1883
6304200,451.3,310.2,468.42,313.275,1031,3007,1211,3046,1319,1885
6304202,451.3,310.125,468.58,313.275,1031,3006,1212,3047,1320,1886
6304204,450.82,309.9,469.06,312.525,1026,3004,1217,3039,1323,1887
6304206,451.86,310.425,468.82,312.675,1036,3010,1214,3041,1321,1887
6304208,451.46,311.25,468.82,313.575,1032,3020,1213,3051,1318,1884
6304210,451.22,309.675,469.22,313.05,1029,3002,1218,3046,1320,1882
6304212,450.5,311.025,468.66,312.825,1021,3017,1212,3043,1323,1888
6304214,451.54,309.825,468.82,312.6,1031,3004,1212,3041,1322,1884
6304216,450.42,311.025,468.26,312.6,1019,3017,1207,3041,1323,1888
6304218,451.14,309.45,468.58,313.2,1026,3001,1209,3048,1320,1884
6304220,451.06,309.525,468.42,312.675,1025,3001,1207,3042,1318,1887
6304222,450.98,310.125,468.9,312.225,1023,3008,1211,3038,1321,1887
6304224,451.86,308.4,468.34,312.075,1033,2990,1205,3036,1317,1881
6304226,450.9,309.3,468.58,312.075,1021,3000,1206,3036,1322,1884
6304228,450.5,309.525,468.34,312.675,1017,3002,1204,3043,1317,1885
6304230,451.86,307.95,468.18,312.3,1031,2985,1201,3039,1318,1887
6304232,450.9,309.75,468.66,312.075,1020,3005,1207,3037,1320,1890
6304234,450.9,309.675,468.18,312.15,1019,3005,1199,3038,1320,1886
6304236,450.26,309.825,468.1,312.225,1011,3006,1199,3038,1318,1886
6304238,450.58,309,468.26,311.85,1013,2998,1199,3035,1318,1883
6304240,449.94,309.825,468.26,312.225,1007,3006,1199,3039,1322,1884
6304242,450.98,309.075,468.02,311.625,1016,2998,1194,3033,1319,1881
6304244,450.5,310.05,468.18,311.925,1011,3009,1196,3035,1323,1884
6304246,450.82,309.45,468.5,312,1012,3002,1198,3037,1321,1883
6304248,450.82,310.125,467.86,312.15,1012,3011,1191,3038,1320,1881
6304250,450.18,309.3,467.78,311.475,1003,3002,1188,3031,1322,1881
6304252,450.74,309.75,468.18,311.775,1010,3007,1193,3035,1321,1880
6304254,451.06,309.825,467.38,311.325,1010,3008,1182,3030,1322,1880
6304256,450.26,309.9,467.3,311.625,1002,3009,1181,3033,1322,1879
6304258,450.26,311.4,467.7,310.8,999,3025,1183,3025,1317,1880
6304260,450.9,310.125,467.62,311.55,1007,3012,1182,3033,1325,1880
6304262,450.66,310.275,468.26,311.25,1001,3014,1186,3031,1316,1880
6304264,450.98,310.05,467.14,311.85,1005,3011,1174,3037,1316,1882
6304266,450.1,310.725,467.78,311.7,992,3019,1178,3036,1318,1879
6304268,450.34,309.825,467.62,311.55,995,3009,1177,3034,1316,1883
6304270,450.26,310.35,467.7,311.325,991,3016,1174,3032,1317,1881
6304272,450.1,311.1,467.46,311.1,989,3024,1172,3030,1318,1885
6304274,450.58,309.675,467.7,311.7,992,3009,1172,3037,1316,1884
6304276,450.5,311.25,467.14,311.4,991,3026,1166,3034,1323,1886
6304278,449.7,311.4,467.38,311.325,980,3029,1166,3034,1322,1886
6304280,450.1,312.075,467.22,312,983,3036,1164,3041,1325,1888
6304282,450.18,311.175,466.74,312.15,982,3027,1156,3043,1319,1889
6304284,449.54,312.075,467.3,312,975,3036,1162,3042,1319,1886
6304286,450.42,312.525,467.46,312.45,981,3043,1161,3048,1323,1887
6304288,449.7,312.3,467.22,312.15,973,3040,1158,3045,1320,1889
6304290,449.62,312.225,467.46,312.6,969,3040,1157,3050,1324,1886
6304292,450.26,311.625,467.7,312.45,977,3034,1160,3048,1319,1887
6304294,450.9,312.15,467.46,312.825,980,3041,1154,3054,1319,1887
6304296,449.7,311.625,466.82,312.45,967,3035,1147,3049,1319,1889
6304298,450.74,312.3,467.62,312.75,975,3043,1153,3054,1321,1887
6304300,449.46,312.375,467.06,313.2,962,3043,1146,3058,1320,1887
6304302,449.7,311.925,467.54,312.675,961,3040,1149,3054,1321,1889
6304304,450.58,313.125,467.38,312.975,970,3053,1147,3057,1320,1885
6304306,450.34,312.225,467.46,312.9,965,3045,1145,3058,1319,1886
6304308,449.86,311.925,467.3,313.05,960,3041,1143,3059,1319,1889
6304310,450.18,312.375,467.54,312.9,960,3046,1142,3058,1321,1889
6304312,450.66,311.55,467.22,312.9,965,3038,1139,3058,1317,1887
6304314,451.22,312.225,467.62,312.675,968,3046,1140,3057,1323,1888
6304316,450.5,312.525,467.46,312.75,960,3050,1138,3058,1316,1887
6304318,451.14,311.4,467.7,312.75,965,3038,1139,3058,1318,1887
6304320,450.9,310.5,467.78,312.375,962,3028,1140,3055,1316,1885
6304322,450.82,311.625,468.02,312.45,958,3041,1140,3056,1317,1885
6304324,451.3,311.025,467.78,312.675,963,3035,1137,3059,1317,1888
6304326,450.66,311.925,468.1,312.3,954,3045,1138,3055,1316,1886
6304328,450.9,310.425,468.34,312.6,957,3028,1140,3058,1312,1886
6304330,452.18,311.475,468.18,311.925,967,3040,1136,3051,1316,1886
6304332,451.3,309.15,468.1,311.925,959,3015,1135,3051,1317,1884
6304334,451.46,310.275,468.02,311.325,958,3028,1132,3045,1316,1884
6304336,451.46,309.9,468.1,311.4,958,3023,1133,3046,1320,1883
6304338,451.94,309.225,468.5,311.4,960,3016,1135,3046,1315,1882
6304340,451.78,309.825,468.34,311.4,959,3023,1133,3046,1315,1883
6304342,452.1,309.675,468.74,311.4,960,3021,1135,3046,1317,1878
6304344,452.18,309.075,468.58,311.55,961,3015,1133,3047,1317,1880
6304346,453.06,308.85,468.26,310.875,969,3012,1127,3040,1315,1879
6304348,452.98,309.225,467.7,311.7,967,3016,1121,3049,1312,1876
6304350,453.62,309.075,467.46,311.85,973,3014,1117,3050,1313,1876
6304352,453.62,310.275,467.22,312.375,972,3028,1114,3055,1311,1873
6304354,453.94,310.125,466.74,312.375,973,3026,1108,3055,1310,1868
6304356,454.58,310.35,466.74,312.6,980,3028,1108,3058,1310,1870
6304358,454.66,310.8,466.26,313.65,979,3033,1100,3068,1310,1868
6304360,455.46,310.35,465.78,314.55,988,3028,1095,3078,1307,1863
6304362,456.66,311.925,465.38,315.075,998,3045,1089,3083,1304,1863
6304364,458.02,312.15,464.18,316.05,1013,3048,1077,3093,1303,1862
6304366,459.46,313.5,462.74,316.65,1026,3063,1060,3099,1299,1855
6304368,459.62,314.175,461.54,315.975,1027,3070,1047,3090,1297,1859
6304370,461.46,314.325,460.1,316.125,1045,3071,1030,3090,1299,1855
6304372,461.7,315.375,458.34,314.7,1047,3083,1012,3074,1296,1849
6304374,464.74,314.475,456.98,315,1079,3073,996,3076,1296,1849
6304376,466.66,311.925,455.22,315.6,1099,3046,977,3082,1292,1842
6304378,469.54,313.275,453.94,319.2,1128,3060,962,3120,1287,1823
6304380,472.26,315.225,453.54,319.275,1156,3083,957,3121,1283,1813
6304382,473.54,322.35,452.98,341.025,1167,3160,943,3359,1259,1716
6304384,475.78,336.3,447.7,359.775,1186,3315,881,3567,1204,1631
6304386,478.26,355.35,442.5,391.275,1205,3526,813,3916,1146,1485
6304388,479.46,382.275,437.86,422.25,1210,3829,752,4265,1053,1333
6304390,481.78,405.15,431.38,456.3,1227,4085,669,4650,970,1167
6304392,480.98,429.525,426.1,491.775,1211,4363,598,5059,878,987
6304394,484.34,453.075,422.82,528.6,1239,4632,546,5486,776,810
6304396,489.22,477.825,417.14,562.125,1284,4920,471,5880,681,639
6304398,489.54,507.9,410.82,592.725,1279,5268,387,6240,569,472
6304400,501.38,532.2,NaN,NaN,1401,5558,NaN,NaN,489,0
6304402,501.62,563.025,NaN,NaN,1394,5921,NaN,NaN,385,0
6304404,501.62,563.025,NaN,NaN,1394,5921,NaN,NaN,385,0
6304406,NaN,NaN,NaN,NaN,NaN,NaN,NaN,NaN,0,0
6304408,NaN,NaN,NaN,NaN,NaN,NaN,NaN,NaN,0,0
6304410,NaN,NaN,NaN,NaN,NaN,NaN,NaN,NaN,0,0
6304412,NaN,NaN,NaN,NaN,NaN,NaN,NaN,NaN,0,0
6304414,NaN,NaN,NaN,NaN,NaN,NaN,NaN,NaN,0,0
6304416,NaN,NaN,NaN,NaN,NaN,NaN,NaN,NaN,0,0
6304418,NaN,NaN,NaN,NaN,NaN,NaN,NaN,NaN,0,0
6304420,NaN,NaN,NaN,NaN,NaN,NaN,NaN,NaN,0,0
6304422,NaN,NaN,NaN,NaN,NaN,NaN,NaN,NaN,0,0
6304424,NaN,NaN,NaN,NaN,NaN,NaN,NaN,NaN,0,0
6304426,NaN,NaN,NaN,NaN,NaN,NaN,NaN,NaN,0,0
6304428,NaN,NaN,NaN,NaN,NaN,NaN,NaN,NaN,0,0
6304430,NaN,NaN,NaN,NaN,NaN,NaN,NaN,NaN,0,0
6304432,NaN,NaN,NaN,NaN,NaN,NaN,NaN,NaN,0,0
6304434,NaN,NaN,NaN,NaN,NaN,NaN,NaN,NaN,0,0
6304436,NaN,NaN,NaN,NaN,NaN,NaN,NaN,NaN,0,0
6304438,NaN,NaN,NaN,NaN,NaN,NaN,NaN,NaN,0,0
6304440,NaN,NaN,NaN,NaN,NaN,NaN,NaN,NaN,0,0
6304442,NaN,NaN,NaN,NaN,NaN,NaN,NaN,NaN,0,0
6304444,NaN,NaN,NaN,NaN,NaN,NaN,NaN,NaN,0,0
6304446,NaN,NaN,NaN,NaN,NaN,NaN,NaN,NaN,0,0
6304448,NaN,NaN,NaN,NaN,NaN,NaN,NaN,NaN,0,0
6304450,NaN,NaN,NaN,NaN,NaN,NaN,NaN,NaN,0,0
6304452,NaN,NaN,NaN,NaN,NaN,NaN,NaN,NaN,0,0
6304454,NaN,NaN,NaN,NaN,NaN,NaN,NaN,NaN,0,0
6304456,NaN,NaN,NaN,NaN,NaN,NaN,NaN,NaN,0,0
6304458,NaN,NaN,NaN,NaN,NaN,NaN,NaN,NaN,0,0
6304460,NaN,NaN,NaN,NaN,NaN,NaN,NaN,NaN,0,0
6304462,NaN,NaN,NaN,NaN,NaN,NaN,NaN,NaN,0,0
6304464,NaN,NaN,NaN,NaN,NaN,NaN,NaN,NaN,0,0
6304466,NaN,NaN,NaN,NaN,NaN,NaN,NaN,NaN,0,0
6304468,NaN,NaN,NaN,NaN,NaN,NaN,NaN,NaN,0,0
6304470,NaN,NaN,NaN,NaN,NaN,NaN,NaN,NaN,0,0
6304472,NaN,NaN,NaN,NaN,NaN,NaN,NaN,NaN,0,0
6304474,NaN,NaN,NaN,NaN,NaN,NaN,NaN,NaN,0,0
6304476,NaN,NaN,NaN,NaN,NaN,NaN,NaN,NaN,0,0
6304478,NaN,NaN,NaN,NaN,NaN,NaN,NaN,NaN,0,0
6304480,NaN,NaN,NaN,NaN,NaN,NaN,NaN,NaN,0,0
6304482,NaN,NaN,NaN,NaN,NaN,NaN,NaN,NaN,0,0
6304484,NaN,NaN,NaN,NaN,NaN,NaN,NaN,NaN,0,0
6304486,NaN,NaN,NaN,NaN,NaN,NaN,NaN,NaN,0,0
6304488,NaN,NaN,NaN,NaN,NaN,NaN,NaN,NaN,0,0
6304490,NaN,NaN,NaN,NaN,NaN,NaN,NaN,NaN,0,0
6304492,NaN,NaN,NaN,NaN,NaN,NaN,NaN,NaN,0,0
6304494,NaN,NaN,NaN,NaN,NaN,NaN,NaN,NaN,0,0
6304496,457.46,550.275,NaN,NaN,901,5727,NaN,NaN,335,0
6304498,457.54,550.275,NaN,NaN,901,5727,NaN,NaN,335,0
6304500,454.82,535.725,433.86,619.35,876,5554,617,6544,394,300
6304502,452.1,521.1,433.86,619.35,851,5381,617,6544,454,300
6304504,450.26,506.175,440.82,603.3,836,5206,700,6354,503,373
6304506,448.34,491.175,447.7,587.1,820,5030,781,6162,553,448
6304508,449.94,475.125,448.02,570.525,842,4845,789,5964,612,524
6304510,448.18,463.275,451.14,554.4,827,4708,829,5773,654,597
6304512,446.02,448.125,451.86,537.75,808,4533,842,5577,705,668
6304514,444.9,433.5,452.5,519.975,801,4365,855,5369,754,749
6304516,444.58,423.6,456.9,506.4,801,4252,907,5211,790,817
6304518,444.18,408.9,460.98,491.55,801,4086,956,5040,835,889
6304520,446.26,395.175,462.1,475.425,827,3932,973,4853,883,959
6304522,445.62,387.225,462.66,457.125,824,3841,984,4643,911,1038
6304524,445.38,371.4,464.82,441.375,826,3664,1012,4462,959,1111
6304526,448.34,361.875,465.86,428.025,860,3559,1027,4310,989,1175
6304528,448.74,350.925,467.38,414.3,868,3436,1048,4154,1028,1235
6304530,448.82,341.625,470.34,400.95,871,3333,1083,4005,1056,1291
6304532,449.62,329.475,469.78,387.075,884,3199,1081,3847,1092,1351
6304534,450.58,318.6,470.98,374.25,898,3079,1098,3704,1117,1403
6304536,452.42,313.05,473.7,363.3,919,3017,1129,3581,1144,1452
6304538,454.5,303.075,473.46,349.95,944,2908,1131,3433,1153,1506
6304540,454.74,298.95,473.3,338.325,949,2862,1133,3303,1179,1558
6304542,454.1,297,475.78,328.275,942,2841,1162,3192,1197,1601
6304544,453.06,291.6,475.54,316.95,934,2781,1163,3065,1209,1643
6304546,454.1,286.05,476.02,308.925,947,2721,1170,2978,1222,1676
6304548,453.86,284.25,476.1,302.25,946,2699,1174,2903,1236,1712
6304550,453.14,282.675,475.22,295.425,939,2683,1167,2828,1240,1743
6304552,453.78,282.3,475.46,292.725,946,2677,1170,2797,1250,1754
6304554,453.78,282.6,476.02,289.425,946,2680,1177,2761,1254,1769
6304556,453.78,283.35,475.22,287.25,947,2687,1171,2736,1256,1787
6304558,453.86,282.75,475.54,286.35,948,2681,1175,2727,1253,1793
6304560,453.14,285.9,475.06,287.325,941,2714,1171,2736,1252,1793
6304562,453.78,288.75,475.46,289.275,947,2745,1174,2758,1253,1787
6304564,452.5,289.05,475.46,291.375,934,2748,1175,2780,1251,1799
6304566,453.46,289.35,475.3,292.65,944,2751,1173,2794,1255,1798
6304568,453.38,292.575,475.86,294.375,945,2786,1179,2812,1252,1800
6304570,452.74,293.1,476.5,294.3,937,2791,1187,2812,1253,1802
6304572,453.14,294.45,476.02,295.95,943,2806,1182,2829,1257,1802
6304574,452.66,296.55,476.34,296.7,937,2829,1185,2837,1266,1800
6304576,453.46,297.825,476.34,297.375,947,2843,1187,2845,1261,1797
6304578,453.14,299.1,476.26,298.125,943,2857,1186,2853,1270,1799
6304580,453.54,299.4,476.02,298.875,949,2861,1185,2862,1269,1798
6304582,452.98,302.925,476.26,300.45,941,2899,1187,2879,1282,1806
6304584,453.14,303,476.02,300.525,944,2901,1186,2881,1274,1806
6304586,452.5,303.675,476.1,300.975,938,2908,1187,2886,1276,1805
6304588,452.1,303.525,476.1,301.65,934,2908,1187,2895,1275,1805
6304590,452.66,305.1,475.86,301.725,940,2925,1185,2895,1282,1804
6304592,452.5,301.725,475.94,302.1,941,2890,1187,2901,1271,1806
6304594,452.18,305.475,475.78,301.875,936,2931,1185,2898,1274,1802
6304596,452.66,304.05,475.7,302.175,943,2917,1185,2903,1273,1803
6304598,453.22,301.95,475.14,302.325,949,2894,1180,2904,1275,1805
6304600,453.22,301.875,475.3,302.025,951,2895,1182,2903,1273,1803
6304602,453.62,302.25,475.14,301.725,954,2898,1181,2899,1279,1808
6304604,453.78,302.625,475.06,301.425,957,2904,1181,2897,1271,1804
6304606,453.62,300.525,474.18,301.725,956,2881,1172,2901,1274,1810
6304608,453.14,300.375,474.26,301.575,952,2881,1174,2900,1278,1807
6304610,452.5,300,474.42,301.125,945,2876,1176,2895,1280,1804
6304612,453.38,299.25,473.62,300.675,956,2869,1169,2891,1274,1810
6304614,452.34,298.65,473.62,301.35,945,2862,1169,2898,1278,1812
6304616,453.22,301.125,473.22,301.125,956,2891,1165,2897,1281,1810
6304618,453.22,300.9,473.46,301.35,955,2888,1168,2899,1280,1811
6304620,452.74,300.225,473.06,301.8,952,2881,1164,2904,1277,1814
6304622,453.22,299.625,472.9,302.025,957,2874,1163,2907,1277,1814
6304624,452.9,301.05,472.5,302.475,954,2890,1160,2912,1276,1814
6304626,452.34,301.875,472.18,303.525,949,2899,1156,2924,1278,1809
6304628,452.34,301.05,472.1,303.525,949,2890,1156,2923,1280,1809
6304630,452.5,303.3,471.38,304.275,950,2915,1148,2931,1280,1812
6304632,452.66,301.425,471.14,304.35,954,2894,1147,2931,1281,1813
6304634,452.1,302.325,471.46,304.5,947,2904,1150,2933,1283,1812
6304636,452.42,304.575,471.62,305.175,951,2928,1153,2940,1282,1817
6304638,451.78,304.125,471.06,305.4,944,2923,1147,2943,1284,1817
6304640,451.46,306.675,471.14,305.625,941,2950,1148,2945,1282,1812
6304642,451.86,305.7,471.46,306.225,945,2940,1151,2951,1284,1815
6304644,452.5,303.975,470.98,306.825,953,2921,1147,2958,1283,1812
6304646,452.1,307.35,470.74,307.275,948,2958,1145,2962,1284,1814
6304648,451.94,307.575,470.42,307.65,947,2960,1142,2966,1284,1814
6304650,452.58,306.225,471.14,307.95,954,2945,1149,2970,1281,1814
6304652,453.46,307.95,470.26,307.95,963,2964,1140,2969,1283,1812
6304654,452.9,307.95,470.74,308.25,958,2964,1145,2973,1287,1809
6304656,452.18,308.025,470.1,308.85,950,2964,1138,2979,1285,1816
6304658,452.82,309.15,470.26,308.325,957,2977,1141,2973,1287,1813
6304660,452.42,308.325,470.02,308.625,953,2967,1138,2976,1287,1813
6304662,453.3,307.725,470.34,308.55,963,2961,1142,2975,1290,1812
6304664,452.66,308.325,470.5,309,956,2968,1143,2981,1284,1814
6304666,452.42,308.625,470.18,308.55,953,2972,1140,2976,1287,1809
6304668,453.06,309.225,470.02,308.85,960,2978,1139,2979,1287,1812
6304670,452.66,307.65,470.1,309,957,2960,1140,2981,1284,1815
6304672,452.66,308.25,469.62,309.6,956,2967,1134,2987,1289,1813
6304674,453.78,309.3,469.62,308.55,967,2979,1135,2976,1290,1814
6304676,452.98,308.1,470.26,308.7,960,2966,1142,2977,1285,1812
6304678,452.82,307.35,469.86,309,958,2958,1137,2981,1292,1812
6304680,452.9,308.775,469.78,308.4,959,2973,1138,2974,1289,1811
6304682,452.9,308.325,469.78,309.45,959,2968,1137,2986,1297,1819
6304684,453.54,308.25,469.54,309.3,967,2967,1134,2984,1295,1815
6304686,452.82,308.025,469.3,308.7,959,2965,1132,2978,1294,1813
6304688,453.62,309.375,469.06,309.225,967,2980,1130,2983,1288,1816
6304690,453.06,309.975,469.62,309.525,961,2986,1136,2986,1289,1813
6304692,453.7,310.2,469.14,309.75,968,2989,1131,2989,1291,1813
6304694,453.46,310.05,469.14,309.825,966,2987,1131,2990,1293,1813
6304696,453.46,310.425,469.22,310.05,965,2991,1131,2992,1287,1812
6304698,453.78,309.45,469.14,310.275,970,2981,1130,2995,1291,1813
6304700,453.54,310.65,469.22,310.875,966,2994,1131,3001,1292,1813
6304702,453.62,310.575,469.22,310.65,967,2993,1132,2999,1292,1812
6304704,453.54,310.95,468.9,311.775,967,2997,1128,3011,1291,1817
6304706,452.58,310.875,468.82,311.925,957,2996,1127,3012,1293,1811
6304708,453.54,310.8,469.14,311.325,966,2995,1131,3006,1291,1813
6304710,453.14,310.65,469.14,310.95,963,2994,1130,3002,1290,1809
6304712,452.82,312.075,468.74,311.25,959,3008,1127,3005,1288,1811
6304714,452.42,312.075,468.74,311.925,954,3009,1126,3012,1290,1815
6304716,452.98,310.875,469.14,312.45,961,2996,1131,3017,1289,1815
6304718,452.74,312.3,468.34,312.525,958,3011,1122,3018,1291,1813
6304720,453.22,311.625,469.06,312.375,963,3003,1130,3016,1290,1815
6304722,452.9,312.825,468.42,313.2,959,3016,1122,3025,1290,1816
6304724,453.7,312.825,467.78,312.525,968,3016,1116,3018,1290,1809
6304726,454.02,310.95,468.34,312,971,2996,1122,3012,1293,1816
6304728,452.82,311.25,468.34,311.85,958,2999,1122,3010,1289,1814
6304730,454.02,311.85,468.34,312.525,971,3005,1122,3017,1288,1815
6304732,453.38,311.7,468.18,313.275,964,3004,1119,3026,1292,1815
6304734,453.62,311.775,468.58,312.45,966,3005,1124,3017,1294,1809
6304736,453.62,311.55,468.18,311.925,966,3002,1119,3011,1295,1812
6304738,454.66,311.025,467.94,311.025,977,2996,1117,3001,1295,1811
6304740,454.18,311.175,467.3,312.6,971,2998,1110,3018,1292,1814
6304742,453.78,311.325,467.54,312.3,967,2999,1112,3015,1292,1814
6304744,453.14,312,467.94,311.55,960,3007,1116,3006,1294,1808
6304746,453.14,311.925,466.66,312.075,960,3006,1102,3012,1291,1810
6304748,453.54,312.075,467.38,312.15,963,3008,1109,3013,1292,1812
6304750,453.78,310.875,466.82,311.85,966,2995,1103,3010,1297,1811
6304752,453.14,311.85,466.98,312.45,958,3005,1104,3017,1294,1809
6304754,453.38,311.7,466.58,312.225,961,3004,1100,3014,1290,1813
6304756,454.58,311.7,467.14,312.075,973,3005,1105,3013,1295,1808
6304758,453.94,312.075,466.82,312.45,966,3008,1101,3017,1291,1812
6304760,452.58,312.45,467.54,312.6,951,3013,1108,3018,1298,1815
6304762,453.38,312.825,466.58,312.45,959,3017,1099,3017,1290,1815
6304764,454.42,313.125,466.42,312.375,970,3021,1096,3016,1296,1815
6304766,453.14,312.525,466.74,312.525,957,3013,1100,3018,1293,1809
6304768,453.7,311.625,467.38,313.275,962,3005,1105,3027,1292,1817
6304770,453.62,314.775,466.5,313.125,960,3039,1096,3025,1301,1816
6304772,453.46,313.125,466.98,313.8,958,3022,1100,3034,1293,1817
6304774,453.54,314.175,466.74,313.95,959,3034,1097,3035,1297,1817
6304776,453.94,313.275,466.74,314.1,962,3025,1096,3038,1292,1818
6304778,452.9,313.725,466.42,314.475,951,3030,1093,3041,1293,1818
6304780,453.14,314.1,466.5,314.55,953,3035,1093,3044,1302,1815
6304782,453.54,315.525,466.9,314.775,956,3050,1097,3046,1305,1819
6304784,453.14,315.15,466.74,315.15,952,3047,1095,3051,1302,1817
6304786,453.22,316.275,466.66,315.45,952,3059,1094,3054,1304,1819
6304788,453.7,315.975,466.26,316.05,956,3057,1089,3062,1303,1818
6304790,452.9,315.225,466.5,315.975,948,3048,1091,3061,1302,1821
6304792,453.94,316.575,466.34,316.125,957,3065,1089,3064,1304,1815
6304794,452.74,316.35,466.02,315.975,945,3062,1085,3062,1306,1820
6304796,453.54,316.575,466.1,317.025,953,3066,1085,3075,1303,1817
6304798,453.54,315.525,465.94,316.575,953,3054,1083,3070,1300,1817
6304800,453.22,317.7,465.94,317.1,948,3080,1083,3078,1299,1819
6304802,453.62,315.6,466.58,316.65,953,3057,1090,3072,1303,1820
6304804,453.62,315.525,466.1,316.875,952,3058,1083,3077,1301,1816
6304806,452.66,316.275,466.34,317.25,942,3065,1085,3080,1305,1818
6304808,452.9,315.9,466.5,316.725,944,3063,1086,3076,1302,1815
6304810,452.9,318.075,466.18,315.825,943,3087,1084,3066,1302,1817
6304812,454.02,315.825,466.42,316.575,955,3063,1085,3076,1304,1817
6304814,453.86,316.275,465.94,317.025,952,3068,1079,3080,1302,1821
6304816,453.46,315.9,466.1,315.75,948,3065,1081,3067,1303,1818
6304818,453.14,314.1,465.7,315.975,945,3045,1077,3070,1301,1815
6304820,453.22,314.925,465.22,315.525,945,3055,1072,3065,1303,1818
6304822,453.22,315.225,465.46,315.3,945,3058,1074,3063,1302,1817
6304824,453.38,313.125,465.38,315.225,947,3036,1073,3062,1302,1819
6304826,453.06,314.7,465.54,315.15,943,3053,1074,3062,1303,1821
6304828,452.82,314.4,465.3,314.55,940,3050,1071,3056,1305,1822
6304830,453.22,313.875,465.3,314.55,944,3045,1071,3056,1303,1820
6304832,452.42,315.15,465.7,315.225,935,3059,1075,3064,1302,1818
6304834,452.98,314.55,465.14,315,941,3052,1069,3061,1304,1819
6304836,452.9,313.95,465.86,314.925,939,3046,1076,3060,1301,1819
6304838,452.98,315,465.46,314.55,940,3058,1072,3056,1306,1818
6304840,453.06,315.3,465.14,314.7,940,3061,1069,3058,1301,1818
6304842,452.98,313.95,465.46,315.15,940,3046,1071,3064,1306,1821
6304844,452.66,314.625,465.62,315,936,3054,1073,3062,1304,1819
6304846,452.74,314.925,465.38,314.625,937,3057,1070,3058,1310,1821
6304848,452.82,314.025,465.38,314.55,937,3047,1069,3056,1300,1821
6304850,452.82,315.6,465.78,314.475,937,3064,1074,3055,1307,1817
6304852,452.58,315,465.38,314.4,935,3057,1069,3054,1302,1821
6304854,453.06,313.2,465.7,314.025,940,3037,1073,3051,1306,1820
6304856,452.98,314.85,465.38,313.5,938,3055,1070,3044,1304,1822
6304858,453.22,313.125,465.46,312.75,941,3036,1070,3036,1301,1815
6304860,452.34,312.9,465.3,313.5,932,3033,1068,3044,1304,1819
6304862,452.66,313.575,465.7,311.925,935,3041,1073,3027,1305,1818
6304864,453.54,312.375,465.7,312.375,944,3028,1072,3032,1302,1818
6304866,453.3,312.825,465.7,311.1,942,3032,1073,3018,1302,1820
6304868,453.46,311.7,465.54,311.25,944,3020,1071,3019,1305,1818
6304870,454.18,312.825,465.62,310.5,951,3033,1072,3010,1306,1816
6304872,453.86,311.7,465.7,310.425,948,3020,1072,3010,1308,1814
6304874,453.7,312.675,465.78,310.05,946,3030,1074,3005,1301,1818
6304876,453.86,311.85,466.18,310.05,948,3021,1078,3005,1305,1817
6304878,453.46,313.275,466.1,310.95,943,3037,1077,3015,1309,1819
6304880,453.86,312.6,466.26,311.625,948,3029,1079,3022,1301,1821
6304882,454.42,313.8,466.34,311.7,954,3043,1080,3023,1309,1817
6304884,453.54,313.875,465.94,312.9,945,3043,1075,3036,1311,1821
6304886,453.86,314.1,466.74,312.6,948,3045,1085,3033,1309,1821
6304888,453.78,314.175,466.9,312.675,948,3047,1087,3034,1306,1817
6304890,453.46,314.4,466.42,313.05,945,3049,1082,3038,1308,1821
6304892,453.78,316.125,467.46,314.325,948,3068,1094,3053,1311,1820
6304894,453.94,314.85,466.9,315.525,951,3054,1087,3066,1304,1822
6304896,453.94,315.6,467.14,315.6,951,3063,1091,3067,1306,1822
6304898,453.54,316.65,467.7,316.125,947,3074,1096,3073,1304,1820
6304900,453.7,316.725,468.34,316.35,949,3076,1104,3077,1305,1823
6304902,453.86,316.95,468.26,316.125,951,3078,1102,3074,1308,1823
6304904,454.02,317.925,467.94,317.025,953,3090,1101,3084,1308,1824
6304906,453.3,318.525,468.9,318.525,946,3096,1110,3101,1310,1827
6304908,453.14,317.1,468.98,318.3,946,3081,1112,3100,1309,1821
6304910,454.26,318.75,468.42,318.3,956,3100,1106,3099,1308,1827
6304912,453.62,317.85,468.18,318.075,952,3090,1105,3098,1304,1826
6304914,453.14,319.875,469.14,318,946,3113,1115,3097,1312,1822
6304916,453.22,318.15,468.58,318.6,948,3094,1110,3104,1308,1826
6304918,453.3,317.55,468.74,317.55,949,3088,1112,3093,1308,1822
6304920,454.5,317.775,468.82,317.25,962,3092,1113,3090,1315,1824
6304922,453.94,317.55,468.26,316.575,957,3089,1108,3083,1308,1823
6304924,452.9,315.975,468.02,316.2,948,3072,1106,3080,1310,1823
6304926,453.86,316.35,467.86,315.675,958,3076,1105,3073,1307,1819
6304928,453.94,315,467.94,314.475,960,3062,1107,3061,1305,1823
6304930,454.26,315.675,467.94,313.5,963,3070,1107,3050,1304,1823
6304932,453.3,315.15,467.78,313.35,954,3064,1107,3049,1304,1817
6304934,453.3,313.725,467.38,312.3,954,3049,1103,3038,1306,1822
6304936,453.62,313.575,467.54,312.075,959,3047,1105,3035,1303,1820
6304938,454.18,313.8,467.38,310.875,964,3050,1104,3022,1308,1820
6304940,452.82,313.95,467.14,310.575,951,3051,1102,3018,1301,1816
6304942,453.46,312.45,467.38,308.7,957,3035,1105,2998,1302,1816
6304944,453.62,311.475,467.22,309.525,960,3024,1104,3007,1299,1816
6304946,453.06,313.425,467.14,309,954,3045,1103,3001,1303,1818
6304948,452.98,313.125,466.98,308.175,954,3041,1102,2991,1301,1814
6304950,454.02,311.925,467.3,309.225,965,3028,1106,3003,1303,1818
6304952,452.9,312.6,466.5,307.95,954,3035,1099,2988,1304,1814
6304954,453.06,312,467.06,308.4,956,3028,1104,2993,1301,1816
6304956,453.62,312.6,467.46,308.925,962,3035,1109,2999,1304,1814
6304958,452.58,312,467.06,309.375,951,3027,1104,3003,1300,1818
6304960,452.42,312.9,467.54,308.775,949,3037,1110,2996,1300,1820
6304962,453.22,312.75,466.98,308.85,958,3035,1104,2997,1301,1815
6304964,452.5,312.525,466.74,310.575,951,3032,1101,3015,1299,1819
6304966,452.82,312.525,466.66,310.05,954,3032,1101,3009,1296,1816
6304968,452.42,313.65,467.14,310.875,950,3043,1106,3017,1301,1816
6304970,452.26,313.275,466.66,312.45,949,3039,1101,3034,1299,1818
6304972,451.78,313.95,466.5,312,943,3045,1100,3029,1298,1816
6304974,452.82,314.175,466.58,312.375,954,3049,1100,3033,1297,1819
6304976,452.42,313.2,466.34,312.9,951,3037,1098,3039,1296,1816
6304978,451.94,314.1,466.42,312.825,946,3047,1099,3037,1302,1820
6304980,452.1,315.15,466.42,313.5,947,3058,1099,3044,1295,1817
6304982,452.34,315.6,466.5,314.475,950,3063,1099,3055,1297,1819
6304984,452.26,314.7,466.5,313.275,949,3053,1100,3042,1298,1821
6304986,451.54,316.125,466.58,313.575,941,3068,1101,3045,1298,1820
6304988,452.02,316.65,465.94,313.5,946,3074,1094,3044,1298,1819
6304990,452.34,315.45,466.26,312.975,951,3061,1098,3038,1294,1819
6304992,452.02,316.725,466.02,313.5,946,3076,1095,3044,1297,1818
6304994,451.86,314.925,466.1,312.825,945,3055,1096,3037,1292,1813
6304996,452.5,315.525,466.42,311.925,952,3063,1099,3027,1296,1815
6304998,451.94,315.375,466.42,312.75,946,3061,1099,3036,1289,1819
6305000,451.3,314.175,466.26,312.975,939,3048,1097,3039,1294,1814
6305002,451.62,314.55,465.54,312.15,943,3052,1090,3030,1293,1815
6305004,452.02,316.35,465.3,312.375,945,3072,1087,3032,1292,1814
6305006,450.74,315.6,465.22,311.475,933,3064,1086,3023,1293,1815
6305008,451.7,315.15,465.54,311.925,943,3059,1089,3028,1293,1816
6305010,451.86,313.35,465.3,311.475,945,3039,1087,3023,1289,1815
6305012,451.06,314.625,465.38,310.575,935,3053,1088,3013,1294,1811
6305014,450.9,314.25,465.14,309.675,934,3048,1085,3003,1288,1815
6305016,451.94,312.225,465.3,310.05,945,3026,1086,3007,1285,1810
6305018,451.38,314.625,464.98,309.075,938,3053,1083,2997,1286,1811
6305020,451.46,313.65,464.9,309.075,939,3042,1082,2997,1286,1810
6305022,450.98,315.15,464.74,309.225,934,3059,1080,2998,1287,1812
6305024,452.02,313.125,465.14,309.15,945,3036,1084,2996,1286,1811
6305026,451.94,313.65,464.5,309.075,944,3042,1077,2996,1288,1812
6305028,451.78,312.375,464.66,309.3,941,3028,1079,2998,1283,1815
6305030,450.98,312.975,464.98,308.925,933,3034,1081,2994,1288,1810
6305032,451.14,314.625,464.74,308.625,934,3052,1079,2990,1283,1812
6305034,451.46,314.475,464.98,309.15,937,3051,1081,2996,1283,1816
6305036,451.22,313.95,464.9,308.775,934,3045,1080,2992,1284,1812
6305038,450.9,314.55,464.74,308.7,931,3051,1078,2991,1286,1810
6305040,451.78,313.5,464.82,310.275,940,3039,1078,3007,1279,1808
6305042,450.26,314.925,465.06,309.975,924,3055,1081,3004,1287,1807
6305044,451.3,315.075,464.58,309.975,934,3056,1075,3004,1281,1807
6305046,451.7,313.8,463.94,310.65,939,3042,1068,3011,1280,1809
6305048,451.7,314.775,464.98,309.675,938,3052,1079,3000,1278,1807
6305050,451.22,313.425,464.5,310.575,934,3038,1074,3010,1278,1810
6305052,451.94,314.925,464.58,311.4,940,3054,1074,3019,1277,1809
6305054,451.46,315.75,464.5,311.775,935,3062,1073,3023,1277,1811
6305056,452.02,314.7,464.66,311.85,941,3051,1075,3023,1271,1811
6305058,452.02,316.575,464.26,311.175,941,3071,1070,3016,1281,1807
6305060,452.26,314.85,464.26,311.55,944,3052,1071,3020,1275,1812
6305062,451.54,315.6,464.34,311.55,936,3061,1072,3020,1272,1810
6305064,452.26,315.675,464.1,311.1,943,3062,1069,3015,1278,1808
6305066,452.5,314.4,464.58,311.1,946,3047,1075,3015,1275,1809
6305068,452.42,315.375,464.26,310.875,945,3059,1071,3012,1270,1808
6305070,452.26,314.7,464.66,310.95,944,3051,1075,3013,1271,1808
6305072,452.26,315.45,464.66,311.1,943,3060,1075,3016,1269,1809
6305074,451.46,314.85,464.34,310.35,935,3053,1071,3007,1276,1807
6305076,452.26,315.975,464.34,311.775,943,3065,1071,3023,1271,1809
6305078,452.42,315.45,464.58,311.1,944,3060,1074,3016,1271,1806
6305080,453.78,314.85,465.3,311.175,959,3054,1081,3017,1269,1807
6305082,452.42,315.9,464.42,311.025,944,3065,1072,3015,1274,1808
6305084,453.06,317.25,464.66,311.475,950,3081,1075,3021,1273,1808
6305086,452.98,315.525,464.74,310.725,950,3061,1075,3012,1271,1807
6305088,452.58,315.975,464.66,311.475,946,3067,1074,3021,1272,1807
6305090,453.62,315.075,464.58,311.25,956,3058,1074,3019,1264,1809
6305092,453.3,316.8,465.06,311.25,952,3076,1078,3020,1267,1808
6305094,453.62,316.8,464.98,311.025,956,3076,1078,3017,1268,1806
6305096,453.14,313.8,465.06,311.25,952,3044,1078,3020,1261,1805
6305098,453.22,316.125,464.9,310.35,952,3070,1076,3010,1264,1804
6305100,452.66,315.075,464.1,309.675,946,3058,1068,3002,1260,1803
6305102,452.98,313.725,464.26,309.6,950,3044,1069,3002,1257,1806
6305104,452.02,313.65,462.98,309.3,940,3043,1056,2998,1259,1798
6305106,452.58,311.925,463.14,308.625,947,3024,1058,2991,1259,1803
6305108,452.5,313.5,462.98,308.325,945,3041,1057,2988,1255,1800
6305110,452.34,312.9,462.9,307.725,944,3035,1056,2982,1258,1802
6305112,452.42,311.925,463.14,307.875,944,3024,1058,2983,1257,1798
6305114,452.66,311.7,462.58,307.725,947,3022,1053,2981,1250,1799
6305116,451.7,312.375,462.58,307.2,937,3030,1052,2977,1259,1803
6305118,451.7,311.1,462.58,307.125,937,3016,1053,2976,1255,1799
6305120,453.14,311.925,462.34,307.875,952,3026,1050,2984,1253,1799
6305122,452.18,312,462.26,307.425,942,3026,1050,2979,1252,1799
6305124,453.14,311.25,462.02,308.1,953,3019,1047,2987,1256,1798
6305126,453.22,312.675,462.42,308.175,952,3034,1051,2988,1254,1798
6305128,452.9,313.125,462.42,307.5,949,3040,1051,2981,1251,1799
6305130,452.74,312.075,462.5,307.8,948,3028,1052,2984,1249,1798
6305132,452.26,313.575,462.34,308.1,942,3044,1051,2987,1254,1798
6305134,452.34,313.725,462.26,308.175,943,3046,1049,2988,1253,1796
6305136,452.34,312.6,462.34,307.575,944,3034,1051,2982,1252,1798
6305138,452.58,312.375,462.26,308.325,946,3032,1050,2990,1256,1797
6305140,452.58,312.15,462.34,308.475,947,3029,1050,2992,1253,1798
6305142,452.34,311.775,462.34,307.5,945,3025,1051,2981,1249,1799
6305144,452.9,314.025,462.5,308.325,950,3050,1052,2990,1244,1796
6305146,452.74,314.325,462.26,308.175,948,3053,1049,2988,1248,1799
6305148,452.1,311.625,462.02,308.1,941,3023,1047,2988,1252,1798
6305150,452.5,313.2,462.42,308.25,945,3041,1052,2989,1248,1796
6305152,452.34,312.375,462.42,308.55,944,3032,1051,2993,1246,1795
6305154,452.42,312.9,462.5,307.5,945,3038,1053,2981,1250,1797
6305156,452.74,311.85,462.34,308.325,948,3026,1050,2990,1252,1797
6305158,452.5,312.3,462.42,307.95,946,3031,1052,2987,1247,1797
6305160,452.1,313.35,462.34,308.175,941,3043,1051,2989,1244,1793
6305162,452.02,311.475,462.26,308.625,941,3021,1049,2993,1246,1796
6305164,452.5,312.825,462.42,308.55,945,3037,1051,2993,1242,1795
6305166,452.74,312.825,462.34,308.4,948,3037,1050,2991,1244,1795
6305168,452.34,312.075,462.18,308.25,944,3028,1049,2989,1249,1794
6305170,452.9,311.325,462.42,308.55,950,3020,1051,2993,1248,1795
6305172,452.74,312.3,462.1,308.175,948,3031,1047,2989,1248,1796
6305174,452.5,311.85,462.1,308.4,945,3026,1048,2991,1245,1797
6305176,452.1,310.725,462.42,308.4,941,3013,1051,2991,1244,1795
6305178,452.66,311.025,462.1,308.175,947,3017,1047,2989,1243,1796
6305180,451.94,312.225,462.02,308.4,939,3030,1046,2991,1246,1797
6305182,452.58,312.6,462.1,308.325,945,3034,1047,2990,1248,1793
6305184,452.58,312.675,462.18,308.4,945,3035,1047,2991,1246,1793
6305186,452.1,312.075,462.26,308.475,940,3028,1048,2992,1246,1795
6305188,452.74,313.5,462.1,308.85,946,3044,1046,2996,1246,1796
6305190,452.5,311.925,461.78,307.875,944,3026,1043,2985,1245,1797
6305192,452.18,311.325,461.86,307.65,941,3020,1043,2983,1248,1794
6305194,452.5,311.325,461.7,308.25,944,3020,1041,2990,1243,1792
6305196,452.66,311.925,461.38,307.125,944,3027,1038,2977,1243,1794
6305198,452.1,311.625,461.94,307.2,939,3024,1044,2978,1242,1797
6305200,453.06,312.45,461.62,307.65,948,3033,1040,2983,1243,1796
6305202,452.5,309.3,461.94,307.425,943,2998,1043,2981,1243,1795
6305204,452.02,311.7,461.22,308.475,937,3025,1034,2992,1241,1794
6305206,452.82,312.075,461.62,307.8,945,3029,1039,2985,1242,1792
6305208,452.5,309.975,461.62,308.175,942,3005,1038,2989,1246,1790
6305210,452.66,311.775,461.46,308.25,943,3025,1036,2989,1242,1793
6305212,453.06,312.525,461.3,308.7,947,3034,1034,2995,1244,1792
6305214,452.1,311.325,461.62,308.325,937,3021,1038,2991,1246,1792
6305216,453.14,312.675,461.62,309.225,947,3036,1037,3001,1250,1790
6305218,453.14,314.25,461.62,308.7,947,3053,1038,2994,1240,1794
6305220,452.5,313.05,461.46,308.625,940,3040,1036,2994,1246,1789
6305222,452.5,312.45,461.54,309.225,940,3033,1036,3001,1244,1790
6305224,452.9,315.225,462.1,308.925,944,3064,1043,2997,1244,1793
6305226,453.14,312.3,461.62,308.775,947,3032,1038,2996,1239,1790
6305228,453.22,313.575,461.54,309.15,947,3046,1036,3001,1235,1790
6305230,453.3,313.725,462.02,308.475,948,3047,1041,2993,1241,1792
6305232,453.38,311.85,461.62,309.3,950,3028,1037,3002,1239,1788
6305234,453.38,313.725,461.7,309,949,3048,1038,2999,1239,1789
6305236,453.06,313.35,462.42,308.925,946,3044,1045,2998,1240,1792
6305238,452.9,312.15,462.74,308.625,945,3030,1049,2995,1242,1791
6305240,453.86,311.625,462.18,308.625,955,3025,1043,2995,1240,1790
6305242,453.7,311.625,461.94,308.925,953,3026,1041,2999,1243,1790
6305244,453.7,311.55,462.42,308.475,954,3025,1046,2994,1238,1793
6305246,454.02,312.075,462.02,308.7,957,3031,1042,2996,1241,1791
6305248,453.54,313.35,462.18,308.475,952,3044,1045,2994,1242,1793
6305250,453.46,312.225,461.94,308.175,952,3032,1042,2990,1237,1791
6305252,453.46,310.95,462.58,307.8,953,3018,1050,2987,1243,1791
6305254,453.54,310.575,462.5,307.575,954,3015,1049,2984,1246,1791
6305256,454.02,312.375,462.42,308.175,959,3035,1048,2992,1241,1790
6305258,454.18,310.875,462.66,307.875,961,3019,1051,2988,1237,1792
6305260,454.5,310.125,462.58,307.95,965,3011,1050,2989,1242,1790
6305262,454.1,311.625,462.9,307.575,960,3027,1054,2986,1238,1790
6305264,453.86,310.2,462.82,307.875,959,3012,1055,2989,1240,1791
6305266,454.1,309.975,462.82,307.8,962,3009,1054,2988,1243,1789
6305268,454.9,311.925,462.9,307.8,971,3031,1056,2989,1237,1789
6305270,454.02,312.45,463.14,307.425,961,3037,1059,2984,1241,1791
6305272,454.58,310.425,462.82,308.325,969,3015,1055,2994,1242,1791
6305274,454.58,309.975,462.74,307.875,969,3010,1055,2990,1242,1789
6305276,454.34,310.8,463.14,308.175,967,3020,1060,2993,1241,1788
6305278,454.02,309.975,462.74,308.25,964,3010,1055,2994,1240,1791
6305280,455.22,312.45,463.06,308.4,977,3039,1060,2997,1237,1790
6305282,454.9,311.475,463.06,308.625,974,3027,1060,2999,1244,1791
6305284,454.02,311.775,463.06,309,964,3031,1061,3004,1247,1787
6305286,454.42,314.175,462.9,308.775,968,3058,1059,3001,1241,1790
6305288,454.1,312.675,462.98,309.375,966,3042,1060,3009,1243,1789
6305290,454.82,312.525,463.22,309.525,974,3040,1063,3010,1242,1791
6305292,453.62,314.175,463.06,310.275,961,3059,1062,3019,1240,1790
6305294,454.74,311.025,463.46,310.05,974,3025,1066,3017,1241,1788
6305296,453.78,313.875,463.3,310.65,964,3057,1065,3025,1237,1790
6305298,454.42,315.075,463.46,310.5,970,3070,1067,3023,1243,1790
6305300,454.9,313.125,463.3,310.8,977,3050,1066,3027,1238,1788
6305302,454.98,314.475,463.22,310.8,977,3065,1065,3027,1239,1788
6305304,453.86,314.25,463.46,310.35,967,3062,1069,3023,1246,1789
6305306,454.02,315.6,462.82,310.575,968,3078,1061,3025,1243,1789
6305308,454.66,314.7,462.74,309.975,975,3069,1062,3019,1240,1791
6305310,453.7,313.65,463.3,310.5,965,3057,1067,3025,1242,1789
6305312,453.78,315.15,463.06,310.5,966,3073,1065,3025,1241,1790
6305314,453.38,314.775,462.98,310.425,962,3069,1065,3025,1241,1790
6305316,454.18,314.175,463.3,310.425,971,3064,1069,3026,1242,1790
6305318,453.38,313.575,462.9,309.6,964,3057,1065,3017,1241,1790
6305320,452.9,315.6,462.9,309.3,958,3080,1065,3014,1239,1791
6305322,452.98,313.425,462.42,309.15,959,3056,1060,3012,1241,1791
6305324,453.14,312.675,462.1,308.625,962,3048,1057,3007,1239,1790
6305326,453.38,313.425,462.18,308.85,964,3056,1058,3009,1242,1793
6305328,452.9,314.55,462.42,309,959,3069,1061,3011,1239,1789
6305330,453.38,312.9,461.86,308.925,964,3051,1055,3010,1241,1788
6305332,452.9,312.075,462.1,309,960,3041,1058,3011,1241,1792
6305334,453.46,311.1,461.94,308.925,966,3031,1056,3010,1243,1791
6305336,452.9,313.65,461.46,308.925,959,3059,1051,3010,1239,1790
6305338,452.9,311.7,461.38,308.925,960,3037,1050,3010,1241,1788
6305340,452.5,312,461.62,308.925,956,3040,1053,3009,1243,1787
6305342,452.34,311.1,461.3,308.7,954,3030,1049,3007,1245,1791
6305344,452.82,312.3,461.62,309,959,3043,1053,3010,1243,1789
6305346,451.62,312.15,461.46,309.075,947,3041,1051,3010,1242,1790
6305348,452.02,311.25,461.3,308.925,951,3031,1049,3008,1243,1792
6305350,452.1,312.9,461.3,309.15,951,3049,1049,3011,1243,1787
6305352,451.54,311.925,461.38,309.375,946,3038,1050,3013,1239,1789
6305354,452.02,313.05,461.22,309.075,950,3050,1048,3010,1241,1790
6305356,451.54,312.75,461.22,309.525,945,3046,1048,3014,1242,1787
6305358,452.26,313.125,461.54,309.675,952,3051,1051,3015,1241,1788
6305360,451.94,313.05,461.38,309.9,949,3049,1050,3017,1242,1789
6305362,451.62,313.8,460.9,310.725,946,3057,1044,3026,1244,1786
6305364,451.46,313.95,461.14,309.9,944,3058,1047,3017,1246,1788
6305366,451.14,313.875,461.06,310.725,940,3058,1046,3026,1242,1786
6305368,451.78,313.275,460.74,310.65,947,3050,1042,3024,1243,1788
6305370,451.78,314.25,460.9,311.175,948,3061,1044,3030,1241,1787
6305372,452.34,314.175,461.38,310.8,953,3060,1049,3026,1241,1789
6305374,452.18,313.725,461.22,311.625,952,3055,1047,3034,1238,1785
6305376,451.38,314.7,461.22,311.25,943,3064,1047,3030,1240,1786
6305378,451.54,313.8,461.22,312.45,945,3055,1047,3043,1234,1790
6305380,451.86,315.225,460.98,312,948,3070,1045,3038,1240,1788
6305382,452.1,315.45,461.22,312.675,950,3073,1047,3045,1240,1788
6305384,451.3,315.75,461.3,312.225,943,3075,1049,3040,1246,1789
6305386,451.62,315.3,461.14,311.625,946,3071,1048,3034,1242,1787
6305388,451.86,316.5,461.54,312.075,948,3084,1051,3038,1242,1789
6305390,452.18,315.525,461.3,311.475,952,3073,1049,3032,1243,1789
6305392,451.46,314.925,461.22,311.325,945,3066,1049,3030,1239,1788
6305394,452.18,314.25,461.78,311.025,953,3059,1055,3026,1240,1792
6305396,452.1,314.25,461.62,311.55,952,3059,1053,3032,1240,1791
6305398,452.26,313.875,461.62,311.025,954,3055,1054,3027,1239,1790
6305400,451.94,312.825,461.78,311.325,952,3042,1056,3029,1236,1788
6305402,452.5,314.625,462.1,310.65,957,3063,1060,3022,1240,1790
6305404,451.94,313.35,461.94,310.275,953,3048,1059,3018,1239,1792
6305406,452.58,313.2,462.18,310.275,959,3046,1062,3017,1242,1793
6305408,452.98,314.775,462.1,310.95,964,3064,1062,3024,1239,1788
6305410,452.74,313.2,462.26,310.35,963,3046,1063,3018,1241,1792
6305412,453.22,312.975,462.42,310.65,969,3044,1067,3021,1240,1790
6305414,453.54,313.8,461.86,310.8,972,3052,1060,3022,1236,1790
6305416,453.78,313.2,462.26,310.725,976,3046,1066,3021,1239,1792
6305418,452.82,312.45,462.5,310.575,966,3037,1068,3020,1242,1793
6305420,453.54,312.825,462.5,310.35,975,3041,1071,3017,1236,1789
6305422,453.22,312.6,462.58,310.575,972,3038,1071,3019,1236,1788
6305424,453.38,312.45,462.82,311.1,975,3036,1075,3025,1240,1790
6305426,453.14,312.45,462.98,310.875,973,3037,1077,3022,1232,1789
6305428,454.18,313.575,462.58,311.325,985,3049,1074,3027,1236,1791
6305430,452.74,313.05,462.98,311.175,970,3043,1078,3025,1235,1789
6305432,453.38,313.575,462.98,312.075,979,3049,1080,3035,1235,1787
6305434,453.78,313.125,463.62,311.925,983,3043,1087,3033,1231,1783
6305436,453.22,313.5,463.86,312.375,979,3047,1092,3038,1239,1785
6305438,454.42,314.925,464.02,312.9,992,3063,1092,3044,1239,1786
6305440,454.5,314.925,464.02,312.3,994,3063,1095,3038,1236,1782
6305442,453.3,314.175,464.42,313.725,982,3054,1099,3053,1238,1785
6305444,453.94,315.15,464.58,314.55,990,3065,1102,3062,1238,1780
6305446,454.26,314.025,464.66,314.025,993,3053,1103,3056,1234,1779
6305448,455.06,316.575,464.9,314.1,1003,3081,1108,3057,1234,1779
6305450,453.94,314.475,464.66,314.625,992,3058,1105,3063,1241,1783
6305452,454.5,314.925,464.98,314.925,1000,3063,1110,3067,1233,1780
6305454,455.54,316.5,464.74,315.075,1010,3081,1108,3068,1233,1779
6305456,455.3,315,464.82,315.525,1010,3064,1110,3073,1238,1778
6305458,454.98,314.775,465.14,314.1,1007,3062,1114,3058,1230,1779
6305460,454.98,315.675,464.5,315.3,1008,3073,1108,3071,1231,1780
6305462,454.74,315.45,464.82,315.45,1006,3070,1112,3073,1232,1783
6305464,455.38,314.4,464.66,314.775,1015,3058,1113,3066,1231,1779
6305466,454.82,315.9,464.18,313.575,1009,3075,1108,3052,1233,1779
6305468,454.9,314.25,464.34,314.4,1012,3057,1112,3062,1231,1780
6305470,455.94,314.475,464.5,313.5,1023,3060,1113,3052,1227,1778
6305472,453.7,314.625,463.94,313.8,1001,3061,1109,3055,1228,1779
6305474,455.38,313.05,464.66,313.2,1019,3044,1117,3049,1227,1781
6305476,454.74,314.325,464.1,313.35,1013,3059,1112,3050,1229,1782
6305478,454.1,314.625,464.26,313.2,1007,3062,1114,3049,1225,1783
6305480,454.98,313.125,463.94,314.025,1018,3046,1112,3059,1226,1781
6305482,453.86,313.95,464.02,313.575,1006,3054,1113,3054,1242,1781
6305484,454.02,313.575,463.62,312.675,1009,3050,1110,3044,1237,1779
6305486,454.9,313.725,463.94,312.975,1018,3052,1114,3047,1230,1780
6305488,454.66,313.575,463.86,313.275,1017,3051,1114,3050,1229,1779
6305490,454.82,315.75,463.22,313.725,1018,3075,1107,3055,1224,1779
6305492,455.06,313.575,463.3,313.8,1022,3051,1109,3056,1225,1777
6305494,453.54,313.725,463.7,313.35,1006,3052,1113,3051,1227,1776
6305496,453.54,313.8,463.54,314.625,1007,3054,1111,3065,1222,1774
6305498,454.02,313.35,462.98,315.675,1012,3048,1106,3076,1220,1774
6305500,454.34,315.3,462.9,314.025,1015,3070,1106,3059,1221,1776
6305502,453.7,314.475,462.82,315.675,1009,3061,1104,3076,1225,1774
6305504,453.38,314.325,462.9,314.7,1005,3059,1106,3066,1221,1772
6305506,452.98,314.4,462.9,314.925,1001,3060,1106,3068,1228,1773
6305508,451.94,313.425,462.74,314.7,990,3048,1104,3066,1230,1775
6305510,452.82,314.475,462.74,314.625,1000,3060,1104,3065,1225,1772
6305512,452.5,313.275,462.58,314.775,997,3046,1102,3067,1227,1773
6305514,452.02,314.175,461.94,314.925,991,3057,1096,3068,1224,1774
6305516,452.18,313.725,462.74,314.55,993,3051,1104,3064,1223,1774
6305518,452.02,313.275,462.34,314.25,992,3046,1100,3060,1227,1774
6305520,452.66,313.8,462.5,315.45,998,3052,1101,3073,1220,1772
6305522,452.26,313.725,462.18,314.7,993,3051,1098,3065,1219,1770
6305524,451.7,314.775,462.02,315,987,3063,1096,3068,1216,1771
6305526,452.02,313.95,462.26,314.475,991,3053,1099,3062,1221,1772
6305528,452.74,315,461.94,313.8,998,3065,1095,3055,1213,1770
6305530,452.42,314.25,461.78,314.1,995,3057,1093,3058,1218,1771
6305532,452.9,312.975,461.38,314.25,1000,3042,1088,3059,1213,1771
6305534,452.5,313.5,461.7,313.8,995,3048,1092,3054,1215,1767
6305536,452.34,313.725,461.38,313.275,993,3050,1088,3048,1217,1770
6305538,452.02,312.375,461.3,313.95,990,3035,1087,3056,1218,1774
6305540,452.42,313.5,461.22,313.2,994,3048,1086,3047,1215,1773
6305542,451.86,312.9,461.54,313.725,987,3041,1089,3053,1221,1769
6305544,452.02,312.075,461.62,314.025,989,3032,1089,3056,1215,1767
6305546,452.5,312.9,461.46,314.55,994,3040,1088,3061,1219,1772
6305548,452.26,313.125,461.3,313.65,991,3043,1086,3052,1217,1770
6305550,452.26,312.3,461.78,314.325,991,3034,1091,3060,1218,1769
6305552,452.02,311.325,461.14,314.025,988,3023,1083,3056,1212,1772
6305554,452.5,313.425,462.1,315,992,3046,1094,3067,1214,1767
6305556,451.86,312.975,461.7,314.925,985,3041,1089,3066,1220,1766
6305558,451.54,312.9,461.86,315.3,982,3040,1090,3070,1219,1770
6305560,452.66,313.35,461.94,315.3,994,3046,1090,3069,1215,1768
6305562,452.26,314.25,461.54,315.9,988,3055,1086,3076,1215,1765
6305564,452.42,312.45,462.42,315.975,990,3035,1095,3077,1208,1765
6305566,452.26,312.45,462.34,315.675,989,3035,1094,3073,1213,1766
6305568,452.18,313.725,462.1,316.05,987,3049,1091,3078,1219,1763
6305570,452.5,313.875,462.42,315.675,990,3051,1094,3074,1210,1766
6305572,452.5,314.25,462.34,315.6,990,3055,1094,3073,1213,1764
6305574,451.78,314.4,462.26,315.525,983,3057,1092,3072,1213,1767
6305576,452.42,313.8,462.26,316.125,989,3051,1093,3079,1211,1764
6305578,453.06,314.25,462.58,315.9,996,3055,1096,3077,1213,1762
6305580,453.3,313.65,462.58,316.125,999,3049,1095,3079,1209,1763
6305582,453.54,312.975,462.9,315.975,1002,3042,1099,3078,1218,1765
6305584,453.22,314.55,462.74,315.3,998,3059,1097,3071,1220,1764
6305586,453.38,314.025,462.42,315.6,1000,3054,1094,3074,1217,1766
6305588,452.98,312.975,462.5,316.05,996,3043,1095,3079,1214,1761
6305590,452.9,312.9,462.82,315.075,995,3041,1099,3069,1219,1763
6305592,453.62,313.125,462.74,315,1002,3045,1098,3068,1216,1762
6305594,453.7,311.925,463.06,315.225,1004,3032,1101,3071,1213,1761
6305596,453.3,312.375,463.14,315,1000,3037,1103,3069,1220,1761
6305598,453.78,311.025,462.98,315.3,1005,3022,1101,3072,1218,1761
6305600,454.58,311.4,463.14,315.15,1013,3027,1103,3071,1214,1760
6305602,454.02,314.1,463.3,314.625,1007,3057,1105,3065,1214,1758
6305604,454.66,311.625,463.46,314.625,1015,3030,1107,3066,1218,1759
6305606,454.1,312.6,463.3,314.55,1009,3040,1105,3065,1214,1758
6305608,454.82,313.95,463.3,314.925,1016,3056,1105,3069,1214,1760
6305610,454.26,311.775,463.06,314.925,1011,3031,1102,3069,1218,1760
6305612,454.5,312.225,463.46,315.225,1014,3037,1107,3073,1216,1757
6305614,453.86,312.975,463.3,315.3,1006,3045,1106,3074,1215,1758
6305616,454.1,313.125,463.14,316.05,1010,3047,1104,3082,1215,1757
6305618,454.5,313.575,463.22,315.9,1014,3052,1105,3081,1216,1756
6305620,453.7,314.325,463.38,316.575,1006,3061,1107,3088,1212,1753
6305622,454.1,312.975,463.38,316.65,1010,3046,1107,3090,1212,1754
6305624,454.18,314.025,463.06,316.8,1011,3058,1104,3091,1216,1754
6305626,454.02,314.325,462.98,316.875,1009,3061,1103,3092,1213,1752
6305628,453.62,313.875,463.7,316.425,1005,3057,1111,3088,1217,1754
6305630,453.94,314.475,463.62,317.325,1009,3063,1110,3097,1212,1748
6305632,454.1,314.475,463.14,317.475,1011,3063,1105,3100,1218,1749
6305634,454.26,314.85,463.54,317.55,1012,3068,1109,3100,1210,1749
6305636,453.86,315.525,463.06,318.675,1007,3076,1103,3113,1207,1744
6305638,453.54,314.775,463.38,316.875,1004,3067,1107,3094,1205,1749
6305640,453.38,313.425,463.14,317.775,1003,3053,1104,3104,1205,1751
6305642,453.54,314.775,463.06,318.75,1005,3068,1104,3114,1206,1747
6305644,453.86,314.7,463.3,318.075,1008,3067,1106,3107,1208,1747
6305646,452.98,313.575,463.22,318.3,999,3054,1105,3110,1208,1744
6305648,453.3,314.925,463.06,318.675,1002,3070,1104,3114,1206,1746
6305650,453.94,313.8,463.22,318,1009,3058,1106,3107,1217,1743
6305652,452.9,315,462.18,318.375,998,3071,1095,3112,1209,1744
6305654,452.58,312.075,462.82,316.95,996,3039,1102,3096,1213,1747
6305656,452.42,313.5,462.18,316.95,993,3055,1095,3096,1211,1745
6305658,453.06,313.425,462.5,317.325,1000,3055,1098,3101,1214,1745
6305660,452.98,312.9,462.58,317.4,999,3049,1099,3102,1211,1744
6305662,452.74,311.325,461.94,317.55,997,3032,1092,3103,1213,1742
6305664,453.46,313.65,462.42,317.7,1004,3057,1097,3105,1209,1740
6305666,452.82,313.35,462.34,317.925,997,3054,1096,3107,1207,1737
6305668,453.06,313.125,462.1,317.475,999,3052,1093,3102,1204,1738
6305670,452.98,313.575,462.18,316.5,997,3057,1093,3092,1205,1740
6305672,452.5,312.525,462.66,316.65,992,3045,1098,3094,1206,1741
6305674,453.14,314.4,462.1,317.625,998,3066,1092,3104,1204,1740
6305676,453.38,313.125,462.5,317.175,1000,3052,1095,3099,1202,1740
6305678,452.58,311.775,462.66,317.025,992,3037,1097,3098,1210,1740
6305680,453.06,312.075,462.1,317.85,997,3040,1090,3107,1215,1734
6305682,452.9,312.3,462.18,317.175,995,3043,1092,3100,1213,1738
6305684,452.66,311.625,461.54,318.15,991,3035,1083,3110,1215,1733
6305686,452.66,312.3,461.7,317.7,992,3043,1085,3105,1215,1737
6305688,452.66,312.525,462.42,317.925,990,3045,1091,3108,1211,1734
6305690,453.14,312.6,462.1,317.925,995,3046,1089,3108,1209,1734
6305692,452.02,312.825,461.62,317.625,983,3049,1083,3104,1214,1735
6305694,453.3,311.55,462.26,318.225,997,3035,1089,3111,1214,1731
6305696,453.78,313.95,462.02,317.775,1000,3061,1086,3106,1206,1735
6305698,453.38,313.275,462.1,317.925,996,3053,1087,3107,1209,1732
6305700,453.14,312.45,461.94,318.6,994,3045,1084,3115,1218,1731
6305702,452.66,313.65,462.66,317.7,988,3058,1092,3105,1213,1734
6305704,453.38,313.2,462.26,318.6,995,3052,1086,3115,1208,1730
6305706,453.3,312.375,462.82,319.275,994,3043,1093,3123,1216,1729
6305708,452.98,314.25,462.34,319.05,990,3064,1087,3120,1208,1734
6305710,452.42,313.8,462.74,319.5,984,3059,1091,3126,1212,1729
6305712,452.98,312.6,462.98,319.2,989,3046,1093,3122,1210,1727
6305714,453.22,313.5,462.58,319.425,991,3056,1088,3125,1208,1731
6305716,453.7,314.325,463.14,319.875,996,3065,1094,3130,1210,1725
6305718,453.22,314.025,463.06,319.875,991,3062,1093,3130,1211,1728
6305720,453.62,315.525,463.38,319.2,994,3079,1096,3122,1211,1725
6305722,454.26,314.175,463.06,319.725,1002,3064,1092,3128,1206,1725
6305724,453.7,313.575,463.14,320.325,995,3057,1092,3135,1210,1724
6305726,453.54,313.95,463.38,320.1,993,3062,1095,3132,1209,1725
6305728,453.94,314.55,462.74,320.025,997,3068,1088,3132,1207,1723
6305730,454.26,313.8,463.46,320.25,1001,3061,1096,3135,1213,1719
6305732,453.78,312.975,463.62,320.175,995,3052,1097,3134,1208,1724
6305734,453.54,313.5,462.82,319.8,993,3057,1089,3130,1203,1719
6305736,453.94,313.125,463.06,319.65,997,3053,1091,3128,1206,1723
6305738,453.94,313.5,463.38,319.35,997,3058,1094,3125,1199,1721
6305740,454.58,312.15,464.1,319.05,1003,3043,1102,3122,1208,1722
6305742,454.1,314.475,463.94,318.675,998,3068,1099,3118,1203,1725
6305744,454.1,312.3,463.7,319.2,998,3044,1097,3123,1209,1721
6305746,453.38,312.075,463.86,318.6,991,3041,1099,3117,1206,1723
6305748,454.34,312.675,463.54,318.975,1000,3048,1095,3121,1207,1718
6305750,454.34,311.325,463.38,319.2,1000,3033,1094,3124,1210,1723
6305752,454.5,312.6,464.02,318.675,1002,3048,1099,3118,1207,1724
6305754,454.5,312,463.62,318.225,1001,3041,1096,3113,1207,1722
6305756,454.18,311.55,463.46,318.375,998,3036,1094,3114,1208,1723
6305758,453.14,310.725,464.18,318.9,987,3027,1101,3120,1211,1723
6305760,454.98,311.925,464.18,318.525,1007,3040,1102,3116,1204,1721
6305762,454.5,311.7,463.86,318.75,1001,3038,1098,3118,1212,1721
6305764,454.1,309.45,464.9,318.15,998,3013,1109,3112,1212,1720
6305766,454.82,312.15,464.18,318.075,1005,3043,1102,3111,1203,1723
6305768,454.26,311.475,464.34,318.45,999,3034,1104,3114,1203,1723
6305770,455.3,311.025,464.66,318.6,1010,3030,1107,3117,1205,1719
6305772,454.9,312.9,464.58,318.6,1006,3050,1106,3116,1203,1724
6305774,454.18,311.625,464.26,318.675,999,3036,1103,3116,1205,1722
6305776,453.7,311.475,464.58,319.35,994,3034,1106,3124,1207,1720
6305778,454.66,312.15,464.58,318,1004,3041,1106,3109,1203,1724
6305780,454.42,312.075,464.74,319.35,1001,3041,1109,3124,1207,1721
6305782,455.3,312.3,464.58,319.8,1011,3043,1106,3129,1217,1724
6305784,454.74,311.625,464.58,318.825,1005,3035,1107,3118,1214,1722
6305786,455.46,312.525,464.66,318.675,1013,3046,1108,3117,1215,1727
6305788,454.98,312.825,464.82,319.275,1008,3049,1109,3123,1219,1720
6305790,454.18,313.125,464.18,319.35,1000,3052,1103,3124,1215,1722
6305792,454.58,313.275,464.58,318.225,1004,3054,1108,3112,1215,1726
6305794,455.14,313.425,464.66,318.675,1010,3055,1108,3116,1215,1725
6305796,454.66,311.7,464.42,319.575,1005,3036,1106,3127,1215,1724
6305798,454.5,312.525,464.5,318.975,1004,3045,1107,3119,1212,1726
6305800,454.5,312.525,464.26,318.225,1004,3045,1105,3111,1212,1724
6305802,454.66,312.825,464.26,319.575,1005,3049,1104,3126,1215,1725
6305804,454.26,314.7,464.5,319.425,1001,3069,1107,3125,1213,1724
6305806,454.74,312.225,464.02,319.425,1007,3042,1102,3124,1212,1722
6305808,453.62,310.65,463.94,319.125,995,3025,1102,3122,1213,1724
6305810,454.58,312.15,464.02,319.2,1005,3041,1102,3122,1209,1721
6305812,454.9,312.45,464.18,318.9,1008,3045,1103,3119,1214,1728
6305814,454.18,311.775,464.18,318.975,1000,3037,1104,3120,1205,1726
6305816,453.7,310.8,464.02,318.675,996,3026,1101,3117,1218,1722
6305818,454.82,312.225,463.7,318.3,1007,3043,1099,3113,1214,1725
6305820,453.7,311.775,463.94,318.6,995,3038,1101,3117,1210,1725
6305822,453.22,312.675,463.54,318.675,990,3048,1097,3117,1209,1725
6305824,454.74,311.85,464.18,318.975,1005,3039,1103,3121,1210,1725
6305826,453.46,311.775,463.3,319.5,991,3038,1093,3126,1215,1721
6305828,453.62,311.7,463.38,318.9,993,3038,1094,3120,1214,1727
6305830,453.14,312.375,463.38,318.9,988,3045,1094,3120,1214,1722
6305832,454.34,311.7,463.3,319.125,1000,3038,1093,3122,1212,1719
6305834,454.02,311.85,463.54,318.675,997,3040,1095,3118,1211,1725
6305836,455.3,312.3,462.9,318.6,1009,3046,1088,3118,1211,1723
6305838,454.5,311.175,463.22,319.125,1002,3033,1091,3123,1204,1723
6305840,453.78,311.4,462.98,319.275,994,3035,1088,3125,1206,1722
6305842,454.1,311.775,462.5,318.75,997,3040,1083,3119,1213,1726
6305844,454.1,311.025,463.14,318.6,997,3032,1090,3118,1214,1723
6305846,453.3,310.425,462.9,318.3,988,3024,1087,3115,1210,1726
6305848,453.78,312.15,462.74,318.75,992,3044,1085,3120,1213,1726
6305850,454.02,310.95,462.5,318.525,995,3031,1082,3117,1209,1726
6305852,453.86,311.625,462.66,318.375,993,3039,1083,3116,1214,1727
6305854,454.1,310.8,462.5,318.375,996,3030,1082,3116,1216,1726
6305856,454.02,311.175,462.58,318,994,3034,1082,3112,1214,1729
6305858,453.86,311.55,462.26,318.525,993,3038,1079,3118,1214,1726
6305860,452.82,311.1,462.1,317.7,981,3033,1076,3109,1216,1731
6305862,453.14,311.475,461.86,318.15,984,3037,1074,3114,1212,1731
6305864,453.46,310.125,462.58,318.45,988,3023,1081,3118,1215,1730
6305866,453.86,311.475,461.86,318.3,991,3038,1074,3115,1215,1729
6305868,453.62,311.4,461.7,318.375,989,3037,1072,3116,1217,1727
6305870,453.54,311.4,462.18,318,988,3038,1077,3113,1206,1731
6305872,452.74,310.5,462.42,318.225,980,3028,1079,3116,1210,1732
6305874,453.3,312.075,462.02,318.525,985,3045,1075,3119,1210,1729
6305876,453.94,310.65,462.1,319.125,992,3030,1075,3126,1209,1727
6305878,453.78,311.85,462.02,318.375,990,3043,1074,3117,1214,1731
6305880,454.18,311.1,462.34,318.075,994,3035,1077,3114,1219,1733
6305882,454.02,311.325,462.1,318.6,993,3038,1075,3121,1220,1734
6305884,453.46,310.35,462.58,317.85,986,3027,1080,3112,1220,1735
6305886,453.38,311.25,462.1,318.075,985,3037,1075,3115,1218,1731
6305888,453.86,309.825,462.34,317.775,990,3022,1077,3112,1212,1733
6305890,453.86,310.95,462.42,316.875,990,3034,1079,3102,1214,1735
6305892,453.86,309.975,462.34,317.475,990,3023,1078,3109,1216,1738
6305894,453.3,310.5,463.06,317.025,984,3029,1085,3104,1214,1736
6305896,453.94,309.825,462.42,318.075,991,3022,1078,3116,1213,1736
6305898,454.26,308.625,462.9,317.925,995,3009,1084,3114,1215,1737
6305900,454.82,311.925,463.06,317.775,1000,3046,1085,3113,1215,1737
6305902,453.38,310.8,463.06,317.85,985,3033,1085,3114,1220,1738
6305904,454.26,310.05,462.9,318.375,994,3025,1083,3120,1224,1736
6305906,453.94,310.2,462.98,316.875,991,3027,1085,3104,1223,1741
6305908,454.26,311.25,463.54,317.4,994,3039,1090,3110,1221,1738
6305910,453.78,309.15,464.02,317.1,990,3016,1095,3106,1218,1741
6305912,454.1,310.5,463.62,317.7,993,3031,1091,3114,1218,1737
6305914,454.26,311.55,463.62,317.55,994,3042,1091,3112,1215,1741
6305916,454.9,310.2,464.02,317.775,1002,3028,1095,3114,1219,1741
6305918,454.1,310.95,463.62,317.325,993,3036,1091,3110,1223,1742
6305920,455.46,310.875,464.18,317.7,1008,3036,1097,3114,1224,1736
6305922,455.14,308.775,464.02,317.7,1005,3012,1096,3114,1218,1742
6305924,454.26,310.95,464.02,317.175,995,3036,1096,3108,1217,1740
6305926,454.18,309.225,464.66,316.95,995,3017,1103,3106,1218,1736
6305928,455.14,310.125,464.58,317.025,1005,3028,1103,3107,1221,1745
6305930,455.7,309.525,463.86,317.175,1011,3022,1095,3109,1224,1738
6305932,455.14,310.275,464.58,317.475,1006,3030,1103,3112,1214,1737
6305934,455.22,308.7,464.74,316.725,1007,3012,1105,3103,1213,1743
6305936,455.54,308.7,464.66,317.025,1011,3013,1105,3107,1209,1741
6305938,454.58,310.05,464.1,316.35,1000,3027,1099,3100,1217,1744
6305940,454.98,309.3,465.38,315.45,1006,3019,1113,3090,1208,1744
6305942,455.3,309.9,464.58,316.575,1008,3026,1105,3102,1218,1741
6305944,455.54,310.05,464.26,316.275,1011,3028,1102,3099,1218,1744
6305946,455.3,309.675,465.14,315.375,1009,3024,1111,3090,1223,1745
6305948,454.18,308.85,464.42,316.425,998,3014,1104,3101,1216,1745
6305950,455.3,307.725,464.42,316.125,1011,3002,1104,3098,1228,1745
6305952,455.3,309.375,465.3,315.75,1011,3020,1114,3094,1223,1744
6305954,454.9,308.4,465.14,315.9,1007,3009,1112,3096,1224,1750
6305956,454.82,308.625,464.42,316.575,1007,3012,1106,3103,1224,1745
6305958,455.3,308.85,465.46,315.825,1011,3015,1116,3095,1225,1749
6305960,454.58,308.775,465.06,315.225,1005,3014,1113,3088,1224,1750
6305962,454.26,308.475,464.66,316.5,1002,3010,1109,3102,1224,1748
6305964,455.22,307.5,464.82,315.975,1013,3000,1111,3097,1229,1748
6305966,454.98,307.275,464.9,316.05,1010,2997,1112,3097,1226,1752
6305968,455.7,309.825,464.42,316.575,1018,3026,1107,3103,1226,1748
6305970,454.74,309.3,464.82,316.425,1007,3019,1112,3101,1225,1751
6305972,454.58,309.675,464.98,316.5,1007,3024,1115,3102,1221,1751
6305974,454.98,308.1,464.58,315.825,1012,3006,1111,3095,1224,1753
6305976,455.06,309.3,465.46,316.8,1013,3019,1120,3105,1226,1750
6305978,454.82,309.15,464.82,316.425,1010,3018,1113,3101,1225,1755
6305980,454.42,307.575,464.42,315.75,1007,3000,1110,3093,1224,1750
6305982,454.9,310.125,464.74,315.675,1011,3029,1113,3092,1225,1752
6305984,454.82,309,464.58,316.575,1011,3016,1112,3103,1227,1758
6305986,454.02,309.525,463.86,316.2,1002,3021,1104,3098,1229,1757
6305988,454.9,307.35,465.14,316.65,1012,2998,1117,3103,1229,1761
6305990,454.74,308.85,464.66,315.6,1010,3014,1112,3091,1230,1754
6305992,455.54,309.75,464.1,315.375,1019,3024,1107,3089,1223,1753
6305994,454.34,308.925,464.5,316.575,1006,3015,1111,3102,1228,1762
6305996,454.34,308.55,464.02,315.9,1006,3010,1107,3094,1227,1756
6305998,454.34,308.4,464.26,315.6,1006,3008,1109,3091,1229,1758
6306000,453.7,308.55,464.58,315.675,1000,3010,1112,3092,1226,1758
6306002,453.86,309.45,463.86,315.75,1002,3020,1105,3092,1231,1757
6306004,454.26,308.25,463.94,315.675,1006,3007,1106,3091,1230,1762
6306006,454.5,307.125,463.94,315.45,1008,2994,1105,3089,1229,1764
6306008,453.94,308.55,464.1,315.675,1002,3010,1107,3091,1228,1760
6306010,454.1,307.2,464.42,314.55,1005,2995,1111,3079,1227,1761
6306012,454.58,307.05,463.86,315.45,1010,2993,1105,3089,1234,1764
6306014,454.34,308.175,463.38,315.3,1007,3006,1100,3087,1231,1761
6306016,454.1,309.15,464.02,314.925,1003,3015,1106,3082,1232,1762
6306018,453.86,307.35,464.02,314.775,1001,2995,1107,3081,1232,1767
6306020,454.1,308.475,463.62,314.775,1004,3008,1102,3080,1232,1766
6306022,453.94,308.25,463.62,315,1003,3005,1102,3083,1229,1762
6306024,453.78,306.675,463.7,315.225,1000,2988,1102,3085,1226,1769
6306026,454.74,308.025,463.46,315.3,1010,3003,1100,3085,1229,1768
6306028,453.38,309,463.54,315.225,995,3013,1101,3085,1231,1765
6306030,453.38,306.9,463.62,316.05,996,2990,1101,3094,1229,1772
6306032,454.34,308.25,463.62,314.925,1006,3004,1101,3081,1231,1766
6306034,453.7,308.025,463.62,314.925,999,3002,1102,3081,1230,1765
6306036,453.7,307.95,463.7,315,999,3001,1102,3081,1232,1762
6306038,454.1,307.875,463.86,316.125,1003,3000,1103,3094,1222,1769
6306040,453.7,308.775,463.46,315.375,998,3010,1099,3085,1227,1768
6306042,454.18,307.05,463.54,315.225,1004,2990,1100,3083,1230,1771
6306044,453.62,306.375,463.7,316.05,998,2983,1101,3093,1229,1774
6306046,453.62,307.125,463.62,315.525,997,2991,1100,3087,1234,1765
6306048,453.54,307.575,462.98,314.925,996,2996,1094,3080,1231,1768
6306050,453.78,306.675,464.1,315.75,999,2986,1105,3089,1231,1775
6306052,454.42,306.825,463.94,316.2,1006,2987,1103,3094,1235,1774
6306054,453.54,306.9,463.62,315.525,997,2988,1100,3086,1233,1774
6306056,453.14,307.2,463.7,315.3,992,2991,1101,3084,1231,1773
6306058,453.78,306.675,463.3,316.05,999,2986,1096,3091,1231,1774
6306060,453.46,307.875,463.86,316.425,995,2999,1102,3096,1233,1778
6306062,453.62,307.8,463.78,316.05,997,2998,1101,3091,1234,1776
6306064,454.1,306.9,463.86,315.675,1002,2987,1102,3087,1233,1777
6306066,453.06,306.9,464.1,316.35,991,2987,1104,3095,1237,1779
6306068,452.74,305.475,464.18,316.875,988,2971,1105,3100,1236,1780
6306070,454.02,306.6,464.02,315.45,1001,2984,1104,3084,1235,1778
6306072,453.62,307.125,463.86,316.275,997,2989,1102,3093,1234,1778
6306074,453.62,305.55,463.86,316.5,997,2972,1102,3096,1240,1780
6306076,453.94,306.9,464.1,316.35,1000,2987,1104,3094,1240,1776
6306078,453.7,306.675,464.18,316.05,998,2984,1105,3091,1236,1780
6306080,453.86,305.55,464.26,315.825,999,2972,1106,3088,1240,1783
6306082,454.02,307.65,464.18,316.2,1001,2995,1105,3092,1240,1782
6306084,453.46,306.15,464.34,315.9,995,2978,1106,3089,1243,1782
6306086,453.46,306.525,464.82,315.15,995,2982,1112,3081,1236,1784
6306088,453.38,308.25,464.42,315.75,994,3001,1108,3087,1242,1784
6306090,453.78,306.525,464.74,316.5,999,2982,1111,3095,1243,1787
6306092,453.22,306.9,464.82,315.375,993,2986,1112,3083,1244,1787
6306094,453.62,306.225,464.58,314.7,997,2978,1110,3075,1239,1785
6306096,453.14,305.775,464.5,315.15,992,2973,1108,3079,1245,1788
6306098,453.3,306.9,464.9,316.05,993,2986,1112,3090,1244,1788
6306100,453.54,306.3,464.9,315.675,996,2979,1112,3085,1239,1788
6306102,453.14,306.6,464.9,315,992,2982,1113,3078,1244,1792
6306104,453.14,307.35,464.74,316.05,991,2990,1111,3090,1241,1783
6306106,453.3,304.8,464.82,313.725,993,2962,1112,3064,1240,1793
6306108,452.74,305.1,464.82,314.175,987,2965,1112,3069,1246,1791
6306110,453.14,305.1,464.9,314.325,992,2965,1113,3070,1242,1789
6306112,453.54,305.7,464.98,314.1,996,2971,1114,3067,1247,1792
6306114,452.82,305.025,464.82,313.575,989,2964,1112,3062,1246,1792
6306116,453.3,305.925,464.9,313.575,994,2974,1113,3062,1241,1792
6306118,452.98,304.575,464.9,313.575,991,2959,1113,3062,1243,1792
6306120,452.82,304.575,464.66,313.875,989,2959,1111,3065,1247,1792
6306122,453.38,304.95,465.22,313.5,995,2963,1116,3061,1240,1793
6306124,452.74,304.725,464.9,312.15,988,2960,1114,3046,1247,1790
6306126,453.22,303.9,464.66,313.35,993,2951,1111,3059,1243,1794
6306128,453.94,304.425,465.06,314.025,1001,2957,1115,3067,1246,1794
6306130,452.9,304.275,465.22,312.825,989,2955,1117,3053,1247,1797
6306132,453.62,304.575,465.22,312.825,997,2958,1117,3053,1249,1793
6306134,453.3,303.975,465.06,314.4,994,2952,1114,3071,1243,1796
6306136,453.3,305.475,465.06,313.725,993,2969,1114,3063,1241,1795
6306138,453.54,304.65,465.46,313.575,996,2959,1118,3062,1248,1796
6306140,453.54,305.25,465.06,313.95,996,2966,1115,3065,1245,1799
6306142,452.98,305.7,464.74,314.325,989,2970,1111,3069,1247,1796
6306144,452.98,306,465.14,314.625,990,2974,1115,3073,1250,1803
6306146,452.42,304.425,465.54,314.4,984,2957,1119,3070,1246,1803
6306148,452.82,307.5,465.22,314.85,988,2991,1116,3076,1248,1801
6306150,452.74,306.75,465.94,314.775,987,2982,1124,3075,1252,1804
6306152,452.5,305.85,465.46,315.6,985,2972,1118,3083,1250,1803
6306154,452.74,306.825,465.14,315.525,987,2983,1115,3083,1252,1804
6306156,453.14,308.175,465.78,315.9,991,2998,1122,3088,1259,1806
6306158,452.66,307.275,465.3,316.95,986,2988,1116,3099,1257,1805
6306160,451.7,307.95,465.78,315.975,976,2996,1121,3088,1256,1808
6306162,452.98,307.65,465.78,315.975,989,2992,1122,3088,1256,1806
6306164,452.34,307.05,466.02,315.9,983,2986,1124,3088,1257,1812
6306166,452.9,307.425,465.7,316.05,988,2990,1120,3089,1257,1809
6306168,453.3,308.4,465.62,315.9,991,3001,1119,3088,1257,1811
6306170,452.66,307.875,466.18,315.675,985,2996,1125,3086,1260,1811
6306172,452.5,308.55,466.02,315.975,982,3003,1123,3089,1259,1808
6306174,452.26,308.775,465.86,316.05,980,3006,1122,3090,1261,1811
6306176,452.02,308.025,465.86,315.975,977,2997,1121,3089,1260,1810
6306178,452.34,308.25,465.22,316.725,981,3000,1114,3097,1259,1812
6306180,452.18,308.85,466.18,315.15,978,3007,1124,3080,1258,1812
6306182,452.9,309.3,465.3,316.05,986,3012,1114,3090,1262,1813
6306184,452.1,308.4,465.46,315.375,977,3002,1115,3083,1262,1813
6306186,451.78,306.825,465.06,315.75,974,2985,1112,3087,1258,1817
6306188,451.86,307.425,464.42,315.45,975,2991,1104,3084,1256,1820
6306190,451.78,307.575,464.02,315.15,973,2993,1100,3080,1258,1818
6306192,451.62,307.725,464.02,315.6,971,2994,1099,3085,1265,1820
6306194,451.94,308.1,463.54,314.25,974,2999,1095,3070,1262,1821
6306196,451.38,308.475,463.78,314.85,967,3002,1096,3076,1259,1820
6306198,451.7,307.5,463.78,314.625,971,2991,1096,3073,1262,1819
6306200,451.22,307.2,463.22,315.45,966,2988,1089,3082,1259,1825
6306202,451.38,307.05,463.3,314.025,968,2986,1091,3066,1262,1823
6306204,451.3,307.425,463.22,314.625,965,2989,1089,3073,1260,1824
6306206,450.82,307.275,463.06,315.15,960,2988,1087,3078,1261,1825
6306208,451.22,306.9,463.14,314.55,964,2983,1087,3071,1265,1826
6306210,451.38,307.05,463.22,314.55,966,2985,1088,3071,1264,1826
6306212,450.74,307.275,463.46,314.325,958,2987,1089,3068,1265,1826
6306214,451.7,307.35,462.9,314.925,968,2987,1083,3074,1263,1824
6306216,451.7,308.25,463.7,314.925,967,2997,1091,3074,1264,1824
6306218,451.38,307.65,463.3,314.1,963,2990,1087,3065,1263,1830
6306220,450.98,308.25,463.46,314.625,958,2996,1088,3070,1259,1831
6306222,451.7,306.75,463.3,314.7,966,2980,1086,3071,1257,1827
6306224,451.14,307.275,463.38,314.85,960,2985,1086,3071,1262,1830
6306226,451.54,306.375,463.3,315.075,964,2974,1085,3074,1260,1831
6306228,451.86,307.2,463.46,315.45,966,2983,1086,3078,1263,1830
6306230,451.46,307.125,463.94,314.7,963,2982,1091,3069,1260,1830
6306232,451.78,307.275,463.54,315.225,965,2983,1086,3074,1262,1830
6306234,451.38,307.875,463.46,314.175,961,2989,1086,3063,1263,1828
6306236,452.1,307.8,463.7,314.625,968,2988,1088,3067,1265,1829
6306238,451.46,307.5,464.02,315.825,962,2984,1091,3081,1262,1830
6306240,451.38,308.7,464.1,314.55,960,2997,1093,3066,1264,1832
6306242,451.22,307.95,464.34,314.925,958,2989,1094,3070,1265,1831
6306244,452.1,308.55,464.26,314.775,967,2996,1093,3068,1264,1834
6306246,451.78,307.575,464.66,314.775,964,2985,1097,3068,1260,1834
6306248,452.82,308.325,464.9,315.9,975,2993,1099,3080,1261,1832
6306250,452.18,307.2,464.18,315.225,968,2980,1092,3073,1264,1838
6306252,452.82,308.4,464.74,315.975,974,2993,1097,3081,1265,1836
6306254,452.5,307.8,464.98,315.675,971,2987,1101,3078,1263,1842
6306256,452.42,308.025,465.38,315.45,970,2989,1104,3075,1268,1837
6306258,452.34,308.175,464.82,315.45,970,2991,1099,3074,1271,1838
6306260,452.66,309.15,465.86,315.75,973,3002,1110,3079,1269,1839
6306262,452.18,308.325,465.62,315.825,968,2993,1107,3079,1274,1839
6306264,452.1,308.7,465.54,315.225,967,2996,1107,3073,1270,1845
6306266,453.22,309,465.7,316.125,980,3000,1109,3082,1270,1843
6306268,453.62,308.85,465.54,316.575,984,2999,1107,3087,1270,1841
6306270,453.38,309.3,465.38,315.225,981,3004,1106,3072,1270,1845
6306272,452.1,308.925,465.46,316.575,969,2999,1107,3088,1271,1843
6306274,453.22,309.15,465.22,315.825,980,3002,1105,3080,1269,1844
6306276,453.06,309.75,466.18,316.575,979,3009,1115,3088,1275,1842
6306278,452.98,308.925,466.02,316.2,979,3000,1114,3084,1274,1844
6306280,453.38,309.6,465.86,315.825,983,3007,1113,3080,1275,1845
6306282,452.58,310.425,466.18,316.2,974,3016,1116,3084,1273,1842
6306284,453.38,309.75,465.3,315.9,983,3009,1107,3081,1269,1844
6306286,453.14,309.45,466.02,316.5,981,3006,1114,3088,1273,1848
6306288,453.14,310.125,466.34,316.725,981,3014,1118,3091,1275,1845
6306290,452.58,308.775,465.7,316.425,976,2998,1111,3087,1276,1843
6306292,453.78,309.075,466.18,315.975,989,3003,1118,3083,1274,1847
6306294,453.62,308.625,466.1,316.35,988,2998,1116,3087,1275,1847
6306296,452.98,308.775,465.38,315.9,982,3000,1110,3082,1276,1848
6306298,454.02,308.55,465.86,316.5,993,2997,1115,3089,1279,1851
6306300,454.18,309.525,465.78,316.275,995,3009,1114,3087,1276,1848
6306302,453.06,309.675,465.78,315.6,983,3010,1115,3079,1275,1850
6306304,452.74,309.15,465.78,316.125,981,3005,1116,3086,1280,1849
6306306,453.14,308.625,466.5,316.65,985,2999,1123,3091,1279,1849
6306308,453.38,309.3,466.1,316.125,989,3007,1120,3086,1277,1849
6306310,453.3,308.55,465.62,315.225,988,2999,1115,3076,1280,1853
6306312,452.58,308.625,465.54,316.125,981,2999,1115,3086,1274,1851
6306314,452.02,308.55,465.38,315.375,975,2998,1114,3078,1278,1855
6306316,453.46,308.775,465.78,315.75,991,3001,1119,3083,1283,1852
6306318,453.62,308.1,465.94,315.9,993,2995,1121,3084,1283,1851
6306320,452.82,307.425,465.22,315.6,985,2987,1114,3081,1280,1852
6306322,453.94,307.8,465.38,315.375,997,2992,1116,3078,1281,1853
6306324,452.74,308.775,465.7,315,986,3002,1120,3075,1278,1852
6306326,452.58,308.25,464.9,315.675,984,2997,1112,3082,1278,1855
6306328,451.94,308.475,465.54,315.45,978,2999,1120,3081,1281,1853
6306330,453.14,308.4,465.06,314.775,990,2999,1115,3072,1281,1855
6306332,452.74,308.025,465.14,315.45,988,2995,1116,3081,1284,1853
6306334,453.3,307.2,465.14,315.525,994,2986,1116,3081,1283,1855
6306336,452.58,308.775,464.98,314.925,987,3004,1116,3075,1279,1856
6306338,453.38,308.175,464.98,315.225,995,2997,1115,3078,1285,1858
6306340,452.18,308.25,465.06,315.45,984,2997,1117,3081,1281,1856
6306342,452.66,308.625,464.82,315.3,989,3002,1115,3079,1282,1858
6306344,452.66,308.7,465.22,314.7,989,3003,1120,3073,1282,1856
6306346,453.06,306.975,464.98,315.45,994,2984,1117,3081,1285,1862
6306348,452.26,307.725,464.58,316.35,986,2993,1113,3092,1289,1862
6306350,452.34,307.8,465.06,315.075,987,2994,1118,3077,1284,1861
6306352,452.98,307.275,465.38,315,994,2988,1122,3077,1288,1859
6306354,452.34,308.25,464.74,315.375,987,2998,1116,3081,1286,1859
6306356,452.34,308.475,464.9,315.525,987,3002,1118,3083,1288,1867
6306358,452.18,308.325,465.3,315.525,986,3000,1121,3083,1285,1864
6306360,452.98,308.7,464.66,315.9,994,3004,1115,3087,1288,1865
6306362,452.58,307.65,464.9,316.35,990,2993,1118,3092,1293,1864
6306364,451.38,308.775,464.74,316.5,978,3005,1116,3094,1287,1868
6306366,452.58,308.325,464.5,316.05,991,3000,1114,3089,1292,1865
6306368,452.18,309.15,464.74,316.125,987,3009,1116,3090,1290,1866
6306370,452.26,307.95,464.58,316.05,987,2996,1115,3089,1289,1869
6306372,451.14,308.25,464.9,315.975,976,2999,1118,3088,1288,1865
6306374,451.54,308.25,464.9,315.9,980,2999,1119,3088,1289,1871
6306376,452.42,308.1,464.42,316.5,989,2998,1113,3094,1291,1870
6306378,453.06,308.625,464.98,315.75,996,3004,1119,3086,1290,1868
6306380,452.02,309.45,464.26,316.425,985,3012,1112,3093,1289,1868
6306382,451.54,309.525,464.1,315.525,980,3014,1110,3083,1291,1864
6306384,451.86,308.625,464.58,316.05,983,3003,1115,3089,1291,1870
6306386,451.54,308.4,464.26,315.675,980,3001,1111,3085,1292,1867
6306388,451.94,308.4,464.42,315.375,984,3000,1113,3081,1293,1868
6306390,452.42,308.4,464.34,315.975,989,3001,1112,3088,1295,1871
6306392,452.34,307.5,464.42,315.825,989,2991,1113,3087,1292,1867
6306394,452.02,307.275,463.46,315.825,985,2988,1103,3086,1296,1870
6306396,451.7,309.15,464.26,316.125,981,3009,1111,3090,1295,1870
6306398,450.74,309.375,464.02,316.275,971,3011,1109,3091,1299,1866
6306400,451.62,308.775,464.1,315.825,980,3005,1109,3086,1301,1870
6306402,451.86,308.25,464.58,316.125,982,2999,1114,3090,1295,1870
6306404,451.54,308.55,463.78,316.35,979,3002,1106,3092,1298,1869
6306406,451.3,308.4,463.78,315.525,976,3001,1106,3083,1299,1867
6306408,451.3,307.425,464.58,315.75,977,2990,1114,3086,1294,1871
6306410,451.78,307.65,463.86,315.525,981,2992,1106,3082,1299,1871
6306412,451.7,307.95,463.7,315.975,981,2996,1104,3087,1300,1870
6306414,451.62,308.175,464.34,316.125,979,2998,1111,3090,1300,1873
6306416,451.38,309.825,463.78,315.9,976,3016,1105,3087,1302,1869
6306418,450.9,307.95,463.94,316.275,972,2995,1106,3091,1301,1871
6306420,451.86,309.6,464.42,316.5,981,3014,1111,3093,1306,1875
6306422,450.9,309.075,464.34,316.5,971,3007,1110,3093,1299,1873
6306424,451.54,308.625,463.86,316.2,977,3002,1105,3090,1300,1872
6306426,451.54,307.875,463.7,315.45,978,2994,1104,3081,1301,1870
6306428,450.42,307.65,464.18,316.5,966,2991,1108,3093,1304,1869
6306430,451.22,308.775,464.18,316.575,974,3004,1109,3094,1304,1871
6306432,451.62,309.45,463.86,315.825,978,3012,1105,3086,1306,1873
6306434,451.54,308.025,464.34,315.525,977,2996,1110,3082,1302,1873
6306436,451.46,308.4,464.18,315.675,977,3000,1108,3084,1304,1872
6306438,451.86,308.55,463.86,315.375,981,3001,1104,3081,1304,1874
6306440,450.18,307.8,464.26,315.675,963,2993,1109,3084,1302,1873
6306442,450.9,307.8,464.1,315.45,970,2993,1107,3081,1299,1875
6306444,450.9,307.875,463.78,315.6,970,2994,1104,3082,1304,1871
6306446,451.3,307.35,464.42,314.925,975,2988,1111,3075,1301,1872
6306448,451.22,306.75,464.82,315.225,974,2981,1114,3078,1301,1877
6306450,451.86,307.35,464.1,314.475,980,2988,1108,3070,1309,1871
6306452,452.26,306.9,464.58,314.85,984,2983,1112,3074,1308,1873
6306454,452.74,305.625,465.46,314.775,990,2969,1121,3073,1304,1878
6306456,452.5,307.575,465.94,314.325,987,2990,1127,3068,1308,1874
6306458,453.62,305.925,466.5,313.725,999,2972,1132,3062,1303,1875
6306460,454.1,305.7,467.14,313.725,1004,2970,1140,3062,1308,1876
6306462,454.1,305.025,467.78,312.825,1005,2962,1146,3053,1310,1880
6306464,454.82,305.7,467.7,312.9,1012,2970,1145,3053,1307,1876
6306466,454.82,304.275,467.62,312.6,1013,2954,1145,3050,1310,1878
6306468,453.46,304.875,466.34,311.925,998,2960,1132,3041,1310,1872
6306470,454.1,304.575,466.9,312.9,1005,2957,1137,3053,1310,1876
6306472,454.34,303.825,466.58,311.925,1008,2949,1134,3042,1308,1873
6306474,453.62,305.325,465.94,311.925,1000,2965,1127,3041,1310,1873
6306476,453.62,305.475,465.78,311.625,1000,2966,1126,3038,1310,1875
6306478,452.58,304.875,466.1,312.3,989,2959,1129,3046,1314,1876
6306480,453.78,304.125,465.46,312.375,1002,2951,1122,3046,1307,1875
6306482,453.7,306.45,465.94,312.825,1000,2977,1128,3051,1313,1878
6306484,452.98,306.825,465.62,313.2,993,2981,1124,3055,1311,1879
6306486,454.5,305.325,465.86,314.25,1009,2965,1126,3066,1315,1882
6306488,454.02,305.85,465.94,313.8,1004,2970,1127,3061,1312,1881
6306490,453.62,305.7,466.1,314.025,1000,2968,1129,3064,1315,1878
6306492,453.94,305.1,466.34,314.775,1004,2963,1132,3073,1314,1877
6306494,453.7,307.425,466.58,314.475,1001,2988,1134,3069,1308,1881
6306496,452.34,307.35,467.14,314.4,987,2987,1140,3069,1314,1880
6306498,453.78,306.675,466.58,315.675,1002,2979,1134,3083,1319,1880
6306500,453.14,308.55,467.22,315.075,995,3001,1141,3077,1321,1884
6306502,453.06,307.65,467.06,314.85,995,2990,1140,3074,1313,1882
6306504,453.3,307.575,466.26,315.45,997,2990,1131,3081,1319,1880
6306506,453.3,307.875,466.74,315.15,997,2993,1136,3078,1317,1882
6306508,452.82,307.65,467.14,314.775,991,2991,1141,3074,1317,1880
6306510,453.38,308.1,466.9,314.85,997,2996,1138,3074,1323,1883
6306512,452.1,307.875,467.06,314.85,984,2994,1139,3075,1318,1885
6306514,452.42,307.5,467.06,315.15,988,2989,1139,3079,1317,1883
6306516,453.06,308.025,466.5,315.3,994,2996,1134,3080,1320,1882
6306518,452.98,306.9,466.58,314.7,993,2984,1135,3074,1320,1882
6306520,453.38,307.575,466.9,314.55,998,2991,1138,3072,1320,1883
6306522,452.98,305.7,466.34,314.775,993,2970,1132,3075,1322,1881
6306524,452.98,306.9,466.26,315.6,993,2984,1131,3084,1320,1878
6306526,452.58,306.3,467.22,315.375,989,2977,1141,3082,1319,1884
6306528,452.26,306.9,466.66,314.7,986,2984,1136,3074,1317,1881
6306530,451.86,307.65,466.02,315.075,982,2993,1128,3078,1313,1881
6306532,452.82,306.9,466.1,315,991,2985,1129,3078,1319,1882
6306534,452.66,305.925,466.18,313.875,990,2974,1130,3065,1323,1882
6306536,452.5,307.2,465.86,314.925,987,2988,1126,3077,1322,1880
6306538,452.66,305.1,465.94,314.475,990,2965,1127,3072,1319,1880
6306540,453.3,305.775,466.34,314.55,996,2972,1131,3073,1318,1879
6306542,452.74,304.5,465.86,314.7,990,2958,1125,3074,1310,1881
6306544,452.98,305.625,466.5,314.475,992,2970,1132,3072,1316,1882
6306546,451.38,307.05,466.02,314.025,975,2985,1127,3067,1315,1878
6306548,452.26,305.625,465.78,315.075,984,2970,1124,3078,1315,1879
6306550,452.18,306.3,466.02,314.55,984,2978,1127,3072,1320,1880
6306552,451.54,306.9,465.54,314.1,976,2983,1121,3067,1322,1885
6306554,452.34,304.725,465.46,314.55,985,2960,1120,3072,1322,1880
6306556,451.7,304.95,465.78,314.55,978,2962,1123,3072,1324,1881
6306558,451.62,307.575,465.38,314.25,976,2991,1119,3069,1323,1880
6306560,450.9,307.275,465.38,315.075,969,2987,1118,3078,1326,1880
6306562,451.86,306.825,465.22,315.15,979,2983,1117,3078,1321,1878
6306564,451.94,307.875,465.3,314.325,979,2994,1118,3069,1321,1883
6306566,451.06,306.525,465.14,314.325,969,2978,1116,3069,1325,1881
6306568,451.7,305.1,466.1,315.375,977,2963,1125,3081,1320,1881
6306570,451.38,307.2,465.46,315,972,2986,1118,3076,1325,1884
6306572,451.14,306,465.46,315,970,2972,1117,3076,1321,1878
6306574,451.06,308.1,465.22,315.075,969,2995,1116,3077,1318,1881
6306576,451.46,304.875,465.38,314.775,973,2960,1117,3073,1315,1877
6306578,451.94,307.125,465.22,315.525,977,2985,1114,3081,1322,1876
6306580,451.62,307.875,465.14,315.15,973,2993,1114,3077,1324,1877
6306582,450.9,307.2,465.3,315.15,966,2985,1115,3077,1327,1878
6306584,451.14,308.175,465.94,314.85,968,2996,1122,3074,1325,1879
6306586,451.22,308.1,465.06,315.075,969,2995,1113,3076,1324,1878
6306588,450.82,307.125,465.3,314.625,965,2984,1115,3071,1322,1880
6306590,451.22,307.8,465.7,315.375,969,2991,1119,3080,1320,1878
6306592,451.38,308.25,465.3,315.15,970,2996,1114,3077,1322,1878
6306594,451.14,307.35,465.62,315.45,968,2987,1118,3080,1320,1880
6306596,451.38,308.85,465.78,315.6,970,3003,1120,3082,1322,1879
6306598,450.98,307.875,465.62,315.75,965,2992,1118,3084,1323,1878
6306600,451.7,306.675,466.02,315.75,973,2980,1122,3084,1320,1876
6306602,451.54,308.025,466.5,314.85,971,2994,1128,3074,1326,1882
6306604,451.78,308.025,465.86,315.525,974,2994,1120,3081,1325,1878
6306606,451.86,307.2,465.78,315.525,975,2985,1119,3081,1322,1879
6306608,451.3,307.5,466.58,315.15,969,2989,1128,3077,1324,1879
6306610,451.94,308.925,466.26,314.85,976,3004,1125,3074,1324,1879
6306612,451.62,308.475,466.5,315.75,972,2999,1126,3085,1324,1879
6306614,451.3,307.875,466.5,315.525,969,2993,1127,3082,1324,1878
6306616,452.1,308.55,466.1,315.45,977,3001,1123,3081,1322,1883
6306618,452.58,307.8,466.58,315.45,982,2992,1128,3081,1322,1883
6306620,451.78,308.025,466.58,315.375,974,2995,1128,3081,1323,1882
6306622,451.94,307.35,466.66,315.3,977,2988,1129,3079,1321,1883
6306624,452.66,307.575,466.18,315.675,984,2991,1124,3084,1321,1878
6306626,452.5,306.15,466.74,314.625,983,2975,1131,3072,1323,1878
6306628,452.58,307.275,467.14,314.775,984,2987,1134,3075,1323,1884
6306630,452.26,307.95,467.06,314.85,980,2995,1134,3075,1324,1882
6306632,451.46,306.825,466.82,315.225,972,2982,1131,3080,1325,1879
6306634,451.86,307.125,467.14,315,976,2985,1134,3077,1319,1878
6306636,452.1,306.225,466.66,314.7,980,2976,1130,3074,1325,1877
6306638,451.62,307.35,466.9,314.475,974,2988,1133,3071,1325,1878
6306640,453.14,307.125,467.46,314.475,991,2987,1139,3072,1320,1880
6306642,452.74,306.375,467.06,314.475,987,2978,1135,3071,1322,1882
6306644,452.5,307.65,467.46,314.25,984,2992,1139,3070,1321,1881
6306646,452.74,306.225,466.98,314.4,987,2976,1135,3071,1317,1881
6306648,452.1,307.725,467.06,314.025,980,2993,1136,3067,1320,1878
6306650,452.98,305.4,467.7,313.95,990,2967,1143,3066,1324,1876
6306652,453.3,306.225,467.46,314.025,994,2976,1141,3067,1322,1880
6306654,452.58,306.45,467.62,314.475,986,2979,1142,3072,1322,1881
6306656,453.22,304.875,467.3,314.475,994,2962,1139,3072,1321,1879
6306658,451.62,306.075,466.82,314.25,976,2974,1134,3069,1324,1878
6306660,452.82,307.725,467.22,314.55,989,2993,1139,3073,1326,1881
6306662,451.78,306.975,467.54,314.475,979,2984,1142,3072,1328,1878
6306664,452.98,306.525,467.38,314.1,991,2980,1141,3068,1326,1878
6306666,453.38,306.6,467.7,314.325,996,2981,1144,3070,1321,1883
6306668,452.58,306.15,467.22,314.325,987,2975,1139,3071,1321,1878
6306670,453.7,306.225,467.38,313.65,999,2977,1141,3063,1316,1877
6306672,452.74,306.225,467.06,314.85,989,2977,1138,3076,1318,1879
6306674,452.26,308.4,467.14,314.325,984,3000,1139,3070,1319,1879
6306676,453.22,306.975,467.3,313.725,995,2985,1141,3063,1321,1878
6306678,452.9,306.6,467.14,314.4,992,2981,1139,3071,1318,1875
6306680,452.18,306.9,467.3,314.025,984,2984,1141,3067,1314,1876
6306682,452.58,307.95,467.14,314.7,988,2996,1140,3075,1325,1882
6306684,452.18,306.675,466.98,315.15,984,2982,1137,3079,1321,1881
6306686,452.9,306.825,467.14,314.85,991,2984,1139,3076,1320,1880
6306688,452.74,306.9,467.06,315.525,989,2984,1138,3084,1321,1880
6306690,451.46,307.5,467.14,315.525,976,2991,1138,3084,1323,1875
6306692,452.02,308.475,466.18,314.7,981,3002,1129,3075,1323,1874
6306694,451.78,307.95,466.1,314.925,979,2996,1128,3078,1324,1874
6306696,451.06,306.9,466.42,315.525,972,2985,1131,3085,1323,1874
6306698,450.98,308.4,467.14,315,970,3001,1139,3079,1322,1880
6306700,451.38,307.65,466.34,314.775,975,2993,1130,3076,1323,1876
6306702,451.14,306.9,466.26,315.675,972,2985,1129,3087,1324,1878
6306704,452.02,307.5,466.66,315.15,980,2992,1132,3081,1324,1876
6306706,451.62,308.85,466.42,314.85,976,3007,1130,3077,1322,1877
6306708,451.54,307.8,466.1,315.225,975,2996,1126,3082,1319,1876
6306710,450.82,308.475,466.18,314.925,967,3003,1127,3079,1325,1876
6306712,451.54,308.625,466.18,315.3,974,3005,1126,3083,1324,1875
6306714,451.38,305.775,466.1,314.925,974,2974,1126,3079,1323,1876
6306716,452.02,307.725,466.18,314.775,979,2996,1126,3077,1324,1876
6306718,451.38,308.775,465.86,315.3,972,3007,1122,3083,1323,1872
6306720,451.22,307.425,465.78,314.25,969,2992,1121,3072,1323,1875
6306722,451.3,307.575,466.42,315.15,970,2994,1128,3082,1328,1874
6306724,451.38,307.35,466.34,315.225,970,2992,1125,3083,1317,1877
6306726,451.46,308.325,466.1,315.15,971,3002,1123,3082,1321,1870
6306728,451.7,307.575,466.58,314.625,973,2995,1127,3077,1326,1872
6306730,451.54,308.175,466.02,314.775,971,3001,1121,3078,1320,1871
6306732,451.7,307.2,465.62,315.225,972,2990,1116,3083,1325,1869
6306734,450.98,306.675,466.42,314.55,964,2984,1125,3076,1323,1868
6306736,451.46,308.1,466.26,314.775,968,3000,1123,3078,1321,1868
6306738,451.62,308.475,465.3,314.85,970,3004,1112,3079,1318,1868
6306740,450.74,308.25,466.42,314.4,960,3001,1123,3074,1319,1865
6306742,451.86,307.425,466.18,314.175,972,2993,1121,3072,1312,1868
6306744,451.3,308.55,465.94,314.775,965,3005,1118,3078,1319,1867
6306746,452.02,307.2,466.26,314.925,973,2990,1121,3079,1316,1867
6306748,451.94,305.925,466.26,314.025,972,2976,1120,3069,1313,1863
6306750,451.62,307.95,466.18,315,968,2998,1119,3080,1324,1866
6306752,451.22,308.55,466.34,314.7,963,3004,1121,3077,1326,1865
6306754,451.22,307.35,466.18,314.625,964,2991,1119,3076,1321,1866
6306756,451.54,307.5,466.26,314.7,966,2993,1119,3077,1324,1864
6306758,451.3,306.825,466.34,314.475,964,2986,1120,3075,1324,1863
6306760,451.46,307.125,466.82,314.475,965,2989,1125,3075,1323,1866
6306762,450.9,307.875,466.26,314.7,959,2997,1119,3077,1328,1864
6306764,451.78,306.75,466.9,314.475,968,2985,1125,3074,1324,1863
6306766,451.14,307.5,466.58,314.775,961,2993,1122,3078,1326,1860
6306768,451.78,307.725,466.42,314.925,967,2996,1120,3079,1320,1863
6306770,451.7,307.575,466.98,314.625,967,2993,1125,3076,1318,1858
6306772,452.02,307.8,466.9,314.775,970,2996,1124,3078,1314,1859
6306774,451.7,307.95,467.54,314.625,966,2997,1131,3076,1322,1856
6306776,451.62,307.95,467.22,315.075,965,2997,1127,3081,1316,1851
6306778,452.18,307.95,467.38,314.55,972,2998,1129,3075,1316,1852
6306780,452.58,307.05,467.54,315.375,975,2987,1130,3084,1318,1853
6306782,451.7,308.25,467.06,315.225,966,3000,1125,3082,1323,1856
6306784,452.18,307.425,467.78,315.3,971,2992,1133,3083,1321,1851
6306786,451.38,306.825,468.02,315.075,963,2985,1135,3081,1322,1853
6306788,452.1,307.875,468.26,315.075,970,2997,1138,3081,1324,1846
6306790,451.46,307.725,468.42,315.45,963,2994,1139,3085,1320,1848
6306792,452.18,307.725,468.66,315.45,970,2995,1142,3085,1320,1846
6306794,451.78,308.4,468.34,315.3,966,3002,1138,3083,1322,1845
6306796,452.58,307.8,468.74,315.525,974,2996,1143,3086,1321,1846
6306798,452.26,307.575,469.06,315.675,971,2993,1145,3088,1324,1844
6306800,452.5,307.875,468.5,315.6,974,2997,1140,3086,1324,1842
6306802,452.42,308.025,468.82,315.15,973,2998,1143,3082,1319,1842
6306804,452.26,306.6,468.9,315.75,972,2982,1144,3088,1316,1838
6306806,452.02,308.55,468.74,315.825,968,3003,1142,3089,1323,1838
6306808,452.58,308.85,468.98,315.975,975,3007,1145,3091,1318,1839
6306810,452.26,307.425,468.98,315.9,972,2991,1145,3090,1321,1838
6306812,451.94,308.4,468.9,316.05,968,3002,1144,3091,1321,1832
6306814,452.18,308.325,468.82,316.35,970,3001,1143,3094,1322,1836
6306816,452.34,308.475,468.74,316.35,972,3003,1143,3095,1323,1835
6306818,451.38,308.475,468.42,316.725,962,3002,1140,3099,1323,1833
6306820,452.42,308.775,468.74,316.95,973,3006,1142,3101,1318,1831
6306822,451.78,309.075,469.22,316.275,966,3010,1148,3094,1321,1833
6306824,451.7,308.925,468.66,316.8,966,3008,1142,3100,1324,1833
6306826,451.7,308.625,468.66,317.55,966,3004,1142,3108,1321,1829
6306828,452.02,309.6,468.9,317.025,970,3015,1146,3103,1316,1830
6306830,452.66,308.85,468.9,317.025,977,3007,1146,3103,1320,1830
6306832,452.9,307.65,468.82,317.325,980,2994,1145,3106,1315,1825
6306834,451.94,309.225,469.14,317.1,969,3011,1148,3103,1316,1828
6306836,452.9,307.125,469.14,316.875,981,2988,1148,3101,1309,1823
6306838,452.34,309.45,469.14,317.175,974,3013,1148,3104,1316,1822
6306840,451.94,308.925,468.98,316.575,970,3007,1148,3097,1318,1822
6306842,454.1,308.625,469.06,316.275,993,3005,1148,3094,1304,1821
6306844,453.06,308.775,469.54,316.2,982,3006,1153,3093,1308,1817
6306846,451.78,307.95,469.54,315.975,969,2997,1153,3091,1315,1816
6306848,452.26,307.8,469.22,315.975,974,2995,1151,3091,1315,1815
6306850,453.14,306.525,469.7,315.975,984,2981,1155,3090,1315,1817
6306852,452.26,309.45,469.62,315.9,974,3013,1155,3090,1313,1815
6306854,452.98,307.95,469.22,315.9,982,2996,1151,3089,1316,1815
6306856,453.14,308.625,469.7,316.2,985,3004,1157,3093,1311,1813
6306858,452.74,309.45,469.78,315.525,980,3013,1158,3085,1316,1812
6306860,453.06,309,469.3,316.875,984,3008,1152,3100,1316,1813
6306862,453.22,309.15,469.3,315.6,985,3009,1153,3086,1318,1812
6306864,452.82,309.75,469.46,316.05,982,3016,1155,3091,1316,1807
6306866,453.3,307.8,469.54,316.8,988,2995,1156,3099,1310,1805
6306868,452.18,309,470.1,316.2,976,3007,1162,3092,1312,1807
6306870,453.54,308.25,470.02,316.95,990,2999,1162,3100,1305,1802
6306872,452.74,308.325,470.1,317.25,982,3000,1163,3103,1302,1799
6306874,453.3,308.625,470.5,317.325,988,3003,1166,3104,1303,1800
6306876,453.54,308.025,470.18,317.7,991,2996,1163,3108,1302,1799
6306878,452.74,309.3,470.26,317.4,982,3010,1164,3104,1305,1797
6306880,452.58,309.6,469.86,317.325,981,3013,1160,3104,1304,1795
6306882,453.3,309.15,470.02,317.925,989,3008,1162,3110,1306,1796
6306884,452.74,309.525,470.1,318.225,983,3012,1163,3113,1307,1792
6306886,452.74,309.075,469.78,317.775,983,3007,1160,3108,1308,1796
6306888,453.86,308.55,470.42,318.675,996,3001,1168,3118,1304,1788
6306890,453.54,308.475,470.1,317.85,992,3000,1164,3108,1304,1794
6306892,453.14,309.6,469.78,318.225,989,3012,1161,3112,1304,1790
6306894,454.42,307.275,469.54,318.9,1003,2987,1158,3120,1302,1789
6306896,453.14,308.85,469.54,319.125,989,3004,1159,3122,1300,1788
6306898,452.9,310.125,469.94,318.15,987,3018,1164,3112,1308,1790
6306900,454.02,309.525,470.58,319.875,999,3011,1171,3130,1301,1787
6306902,453.78,309.15,470.18,319.425,996,3007,1166,3125,1302,1785
6306904,453.62,308.475,469.46,319.95,995,3000,1159,3131,1299,1782
6306906,453.7,308.85,469.78,319.95,997,3004,1163,3131,1302,1783
6306908,453.06,310.275,469.78,319.875,990,3019,1163,3130,1302,1781
6306910,454.02,310.875,469.86,320.4,999,3026,1164,3136,1301,1781
6306912,453.22,308.4,469.7,321.15,992,2999,1163,3145,1300,1780
6306914,454.58,310.2,469.78,320.625,1006,3020,1164,3139,1302,1776
6306916,453.38,309.525,469.86,320.1,994,3012,1164,3134,1298,1778
6306918,454.18,309.75,469.62,320.475,1003,3014,1162,3138,1296,1780
6306920,453.62,310.425,468.98,321,997,3022,1156,3144,1298,1773
6306922,453.7,309.975,469.86,320.925,998,3017,1166,3143,1301,1775
6306924,454.26,311.55,469.14,321.225,1004,3035,1158,3147,1297,1772
6306926,453.94,310.95,469.46,321.225,1001,3029,1162,3147,1297,1775
6306928,453.62,310.575,469.06,321,998,3025,1158,3145,1287,1772
6306930,453.3,310.35,469.14,321.45,995,3022,1158,3149,1297,1773
6306932,453.46,309.975,469.14,321.825,997,3019,1159,3154,1292,1769
6306934,454.02,311.025,468.74,321,1002,3030,1155,3145,1292,1770
6306936,453.3,312.45,468.82,321.375,995,3046,1155,3150,1290,1770
6306938,453.06,312.225,468.74,321.3,992,3043,1155,3149,1288,1765
6306940,452.66,312.075,468.9,321.525,988,3043,1156,3152,1286,1765
6306942,453.14,312.675,468.26,321.3,992,3049,1150,3149,1285,1766
6306944,453.62,312.3,468.5,321.825,998,3046,1152,3156,1284,1763
6306946,452.9,312.9,468.42,321.525,990,3053,1151,3152,1293,1766
6306948,453.22,312.9,468.82,321.675,993,3054,1155,3155,1290,1760
6306950,453.38,310.95,468.42,321.825,996,3031,1151,3156,1286,1765
6306952,453.46,311.625,468.66,321.75,996,3040,1154,3156,1285,1762
6306954,453.54,312.825,468.58,321.15,996,3053,1153,3149,1292,1764
6306956,453.78,312.15,468.5,322.125,999,3046,1151,3161,1290,1764
6306958,453.38,312.225,468.1,321.975,995,3047,1147,3159,1290,1763
6306960,453.7,313.5,468.1,321.3,998,3062,1147,3152,1288,1759
6306962,453.06,312,467.94,321.675,991,3045,1146,3156,1288,1762
6306964,453.94,311.4,467.86,321.75,1001,3039,1145,3158,1289,1758
6306966,453.86,310.95,467.62,321.825,1001,3034,1142,3158,1285,1760
6306968,454.1,312.225,467.78,321.675,1003,3049,1144,3157,1282,1757
6306970,454.18,311.1,468.02,321.9,1003,3036,1146,3160,1278,1757
6306972,453.7,311.55,467.94,321.9,998,3042,1145,3160,1278,1758
6306974,453.3,311.625,467.86,321.675,994,3042,1144,3158,1275,1754
6306976,453.94,312.525,468.1,321.675,1000,3053,1147,3158,1281,1757
6306978,453.62,311.625,467.78,321.375,997,3043,1144,3154,1272,1754
6306980,453.62,312.45,467.62,321.975,997,3052,1141,3162,1277,1752
6306982,453.7,312.15,468.1,321.975,998,3049,1146,3162,1280,1755
6306984,453.22,311.25,467.78,321.6,993,3040,1143,3159,1280,1754
6306986,453.86,313.2,468.02,323.175,999,3061,1145,3176,1282,1748
6306988,453.54,311.55,468.18,322.2,996,3044,1147,3166,1279,1749
6306990,453.62,312.825,468.18,322.2,996,3058,1147,3166,1282,1751
6306992,453.7,312.3,468.02,321.825,997,3053,1145,3162,1277,1753
6306994,454.18,312.375,468.34,322.125,1003,3054,1148,3165,1277,1751
6306996,453.86,312.375,468.34,322.5,999,3054,1149,3170,1275,1750
6306998,453.94,312.225,468.26,322.575,1000,3052,1148,3171,1277,1748
6307000,454.42,312.45,468.26,322.425,1005,3056,1148,3170,1282,1748
6307002,454.34,310.8,468.34,323.025,1005,3038,1149,3177,1275,1747
6307004,454.9,313.95,468.18,323.175,1010,3073,1147,3179,1276,1747
6307006,454.18,312.825,468.58,322.725,1002,3060,1151,3174,1279,1747
6307008,453.78,311.4,468.74,322.8,999,3045,1153,3175,1274,1751
6307010,455.14,313.5,468.42,322.95,1012,3068,1150,3177,1279,1747
6307012,454.5,313.425,468.1,323.4,1006,3068,1146,3183,1279,1745
6307014,454.18,312.975,468.82,323.55,1003,3064,1154,3185,1275,1745
6307016,454.02,313.125,469.14,324.15,1001,3066,1158,3192,1273,1745
6307018,454.5,313.125,469.06,323.4,1007,3066,1157,3184,1270,1744
6307020,455.22,313.275,468.9,322.2,1014,3069,1156,3172,1273,1745
6307022,455.38,312.225,468.74,323.325,1016,3057,1153,3184,1274,1742
6307024,454.5,312.525,468.98,323.55,1006,3061,1156,3187,1272,1743
6307026,454.5,313.35,469.22,323.175,1006,3070,1159,3183,1273,1740
6307028,454.9,312.675,469.54,323.625,1011,3063,1162,3188,1271,1745
6307030,454.74,312.375,469.62,323.4,1009,3060,1163,3186,1270,1746
6307032,455.38,313.35,469.22,323.175,1017,3071,1160,3184,1269,1743
6307034,455.86,312.3,469.3,324,1022,3060,1161,3192,1265,1742
6307036,455.46,312.525,469.22,324.075,1018,3062,1160,3194,1263,1743
6307038,455.46,313.5,469.14,323.1,1018,3073,1159,3183,1265,1741
6307040,455.46,312.15,469.3,323.625,1018,3058,1161,3189,1263,1741
6307042,455.38,311.85,469.38,323.4,1018,3055,1162,3187,1260,1741
6307044,455.46,312,469.06,323.4,1019,3057,1159,3186,1263,1739
6307046,455.7,311.775,469.62,323.55,1021,3054,1165,3189,1263,1741
6307048,454.9,312,469.54,323.325,1014,3057,1165,3185,1268,1741
6307050,455.06,312.975,469.3,322.2,1015,3067,1162,3174,1270,1741
6307052,455.62,311.4,469.22,323.925,1021,3050,1161,3192,1266,1739
6307054,454.02,312.975,469.22,323.25,1004,3067,1162,3185,1273,1738
6307056,454.74,313.275,469.14,323.25,1012,3070,1161,3184,1272,1740
6307058,454.5,312.075,468.98,324,1010,3057,1159,3192,1270,1739
6307060,454.26,313.125,468.98,323.4,1007,3067,1160,3185,1269,1741
6307062,455.78,312.825,469.06,323.025,1023,3065,1161,3181,1267,1740
6307064,455.46,312.45,468.66,323.55,1020,3059,1157,3186,1265,1736
6307066,455.78,312.45,469.06,322.95,1023,3060,1161,3180,1261,1736
6307068,455.06,311.775,468.98,323.775,1016,3051,1160,3188,1258,1736
6307070,455.22,312.75,468.9,323.475,1018,3062,1159,3185,1255,1736
6307072,455.62,311.925,469.3,322.725,1022,3053,1163,3176,1258,1734
6307074,454.66,311.775,468.5,323.325,1012,3050,1154,3182,1257,1734
6307076,455.22,313.425,468.34,323.025,1017,3068,1153,3178,1257,1736
6307078,455.54,312.975,468.58,322.875,1021,3063,1156,3176,1256,1731
6307080,455.46,311.4,468.9,323.625,1020,3045,1158,3184,1257,1734
6307082,455.46,312.825,468.74,323.925,1020,3061,1156,3187,1256,1732
6307084,454.58,312.15,468.9,323.475,1010,3052,1158,3181,1256,1732
6307086,454.74,312.75,468.82,323.7,1011,3059,1156,3183,1257,1736
6307088,454.66,313.65,468.74,323.7,1010,3067,1155,3182,1256,1732
6307090,455.14,311.55,468.74,323.85,1015,3044,1155,3184,1265,1736
6307092,454.26,311.925,468.9,324.225,1006,3047,1156,3188,1257,1734
6307094,454.98,312.825,468.9,324.525,1013,3057,1156,3191,1261,1735
6307096,454.98,312.6,468.5,324.6,1013,3054,1152,3190,1257,1734
6307098,454.98,312,468.74,324.675,1013,3047,1154,3191,1259,1733
6307100,454.74,314.25,468.74,324.675,1009,3071,1154,3190,1261,1733
6307102,454.82,313.875,468.66,324.375,1010,3067,1153,3187,1257,1731
6307104,454.1,312.9,468.74,324.3,1003,3055,1153,3186,1259,1732
6307106,455.06,313.5,468.66,325.05,1012,3062,1152,3194,1259,1735
6307108,454.58,314.325,468.42,324.375,1006,3070,1150,3185,1257,1733
6307110,454.66,313.2,468.82,324.45,1007,3058,1153,3187,1259,1735
6307112,455.14,313.725,468.26,324.525,1011,3063,1147,3186,1259,1733
6307114,455.06,313.725,469.14,324.75,1011,3063,1156,3189,1255,1735
6307116,455.38,314.025,468.74,324.375,1013,3066,1151,3185,1257,1732
6307118,454.66,312.675,469.06,323.7,1006,3051,1155,3177,1258,1733
6307120,455.22,313.2,468.74,323.55,1012,3057,1151,3175,1256,1729
6307122,455.62,313.725,468.66,323.775,1016,3063,1150,3177,1253,1729
6307124,455.14,313.95,469.22,324.825,1010,3065,1155,3189,1258,1734
6307126,454.82,312,469.38,324.525,1007,3043,1157,3186,1259,1736
6307128,455.54,313.2,469.46,324.675,1014,3056,1157,3187,1256,1737
6307130,455.54,312.825,469.22,324.75,1014,3052,1155,3188,1253,1731
6307132,455.38,314.025,468.98,324.15,1012,3064,1152,3180,1252,1732
6307134,455.3,314.1,469.14,324.225,1011,3065,1154,3181,1249,1730
6307136,456.02,314.7,469.46,324.975,1018,3072,1157,3189,1251,1733
6307138,455.86,315.225,469.46,324.375,1016,3077,1157,3182,1244,1733
6307140,456.02,314.175,469.54,324.75,1018,3066,1157,3187,1246,1731
6307142,455.54,314.475,469.7,324.9,1013,3069,1159,3188,1247,1736
6307144,455.94,314.55,469.54,324.9,1017,3070,1157,3188,1248,1736
6307146,456.18,315.375,469.7,324.6,1019,3079,1159,3185,1248,1739
6307148,455.62,315,470.02,324.9,1013,3074,1162,3188,1248,1737
6307150,455.54,314.175,470.18,324.675,1013,3065,1163,3186,1254,1740
6307152,455.62,315.825,469.86,325.35,1013,3083,1160,3193,1247,1740
6307154,455.62,315.375,470.34,325.725,1013,3078,1165,3198,1254,1742
6307156,455.62,315.075,469.86,325.8,1012,3075,1160,3198,1258,1741
6307158,455.38,315.825,470.26,325.65,1010,3083,1164,3196,1252,1739
6307160,455.46,315.75,470.42,325.425,1010,3083,1166,3195,1253,1742
6307162,455.54,315.3,470.02,325.2,1012,3077,1162,3192,1251,1740
6307164,455.7,315.825,470.1,326.1,1013,3084,1162,3201,1247,1743
6307166,456.18,316.65,469.94,325.95,1018,3093,1160,3200,1242,1740
6307168,456.02,315.45,470.02,325.425,1017,3080,1162,3194,1247,1739
6307170,455.62,315.075,470.5,325.125,1013,3076,1166,3191,1246,1740
6307172,455.22,316.275,470.02,325.275,1008,3089,1162,3193,1245,1741
6307174,455.94,316.05,470.1,324.9,1016,3086,1163,3189,1242,1741
6307176,455.86,314.925,470.58,325.65,1015,3074,1167,3197,1243,1739
6307178,456.26,314.775,470.18,325.2,1020,3073,1163,3192,1245,1741
6307180,456.18,315.6,470.42,326.025,1018,3082,1165,3202,1244,1737
6307182,455.78,315.675,470.66,326.1,1014,3083,1168,3203,1247,1744
6307184,455.78,316.2,470.98,325.35,1014,3089,1171,3195,1243,1742
6307186,456.1,315,470.82,325.125,1018,3076,1170,3193,1247,1743
6307188,455.62,314.85,470.74,325.425,1013,3074,1168,3197,1250,1740
6307190,456.42,316.125,470.9,325.8,1021,3089,1171,3201,1250,1742
6307192,456.18,316.725,471.22,325.35,1018,3096,1174,3196,1248,1745
6307194,455.22,314.325,470.9,325.95,1008,3069,1171,3203,1245,1744
6307196,456.02,315.75,471.06,325.65,1016,3086,1172,3199,1248,1748
6307198,455.86,315.525,470.66,325.5,1015,3083,1168,3198,1243,1744
6307200,456.5,315.075,471.06,325.275,1022,3078,1173,3196,1247,1744
6307202,455.86,314.475,471.62,325.425,1016,3071,1178,3197,1247,1746
6307204,455.78,315.225,471.46,324.975,1014,3080,1177,3192,1249,1746
6307206,455.7,315.3,471.38,325.275,1013,3081,1176,3196,1244,1744
6307208,456.74,315.45,472.02,324.525,1025,3083,1183,3189,1248,1746
6307210,456.02,314.025,471.86,324.975,1018,3068,1181,3193,1247,1748
6307212,455.86,315.9,471.22,325.575,1015,3088,1175,3199,1244,1747
6307214,455.46,314.25,471.46,324.825,1011,3069,1177,3191,1244,1749
6307216,456.34,314.625,471.62,325.05,1021,3075,1178,3194,1245,1747
6307218,456.42,315.9,471.38,324.825,1021,3088,1176,3192,1239,1744
6307220,456.1,315,471.7,325.275,1018,3079,1180,3197,1244,1740
6307222,456.74,314.775,472.02,323.925,1025,3076,1184,3182,1246,1747
6307224,456.42,315.525,471.86,324.3,1022,3085,1182,3187,1242,1742
6307226,457.06,314.7,471.3,323.925,1028,3076,1176,3182,1237,1747
6307228,456.58,314.1,471.78,324.3,1023,3069,1181,3187,1242,1745
6307230,456.9,315.075,471.54,323.775,1026,3080,1179,3181,1237,1745
6307232,456.9,313.8,472.02,324.225,1028,3066,1184,3185,1242,1748
6307234,457.22,314.775,471.94,324.3,1030,3076,1183,3187,1239,1746
6307236,456.74,317.175,471.78,324.225,1025,3103,1181,3186,1237,1747
6307238,456.34,315,472.02,324.15,1021,3078,1184,3185,1241,1748
6307240,457.06,314.475,471.86,324.3,1028,3073,1182,3186,1237,1749
6307242,456.74,315.225,471.62,323.85,1025,3081,1180,3181,1239,1746
6307244,457.06,315,472.02,324.15,1028,3079,1184,3185,1238,1748
6307246,456.1,315.375,472.1,324.525,1019,3082,1185,3188,1242,1749
6307248,456.18,315,471.62,323.7,1019,3078,1179,3179,1243,1747
6307250,455.62,314.1,472.34,324.6,1013,3068,1187,3189,1245,1750
6307252,456.5,315.825,471.38,324.225,1023,3087,1177,3185,1243,1752
6307254,455.86,315.075,471.46,324.075,1016,3078,1178,3183,1245,1749
6307256,455.54,314.55,471.38,325.125,1012,3072,1176,3194,1242,1749
6307258,456.34,315.375,471.86,324.75,1021,3081,1182,3190,1244,1750
6307260,457.06,315.3,471.54,325.05,1028,3081,1178,3193,1242,1752
6307262,455.62,317.025,471.62,324.225,1013,3099,1179,3184,1233,1752
6307264,456.26,316.65,471.14,324.075,1019,3095,1174,3182,1238,1750
6307266,455.94,317.1,471.86,323.925,1016,3100,1182,3180,1236,1750
6307268,456.18,317.025,470.98,323.925,1019,3099,1172,3180,1233,1749
6307270,456.5,316.425,470.9,324,1022,3093,1172,3181,1238,1749
6307272,455.94,314.55,471.3,324.375,1016,3072,1175,3185,1243,1750
6307274,455.7,315.675,471.78,322.725,1014,3084,1181,3167,1233,1752
6307276,456.1,315.075,471.3,323.4,1018,3077,1175,3174,1241,1749
6307278,455.62,315.3,471.3,323.1,1012,3079,1176,3171,1237,1746
6307280,455.46,316.125,471.38,322.425,1010,3088,1176,3163,1238,1753
6307282,456.1,315.075,471.22,322.5,1017,3077,1174,3164,1237,1748
6307284,456.18,315.075,470.9,322.8,1017,3077,1171,3167,1234,1748
6307286,456.1,314.7,471.06,322.05,1017,3073,1172,3158,1238,1748
6307288,455.78,315.225,470.98,321.9,1013,3078,1171,3157,1236,1745
6307290,455.22,313.5,471.38,322.575,1007,3059,1175,3164,1244,1750
6307292,455.7,314.325,471.14,321.675,1012,3068,1172,3154,1245,1747
6307294,455.62,314.85,471.22,322.125,1011,3074,1173,3159,1242,1747
6307296,455.3,314.175,471.7,322.575,1007,3067,1177,3164,1239,1748
6307298,455.14,314.325,470.74,321.975,1005,3068,1167,3157,1244,1749
6307300,455.86,314.7,470.98,322.35,1012,3072,1169,3161,1244,1746
6307302,455.06,313.8,471.62,322.5,1004,3062,1176,3163,1239,1750
6307304,455.94,314.85,471.38,322.65,1012,3074,1173,3165,1241,1752
6307306,455.46,314.7,471.3,322.275,1007,3072,1172,3160,1243,1754
6307308,455.22,313.725,471.46,322.875,1005,3061,1173,3167,1241,1748
6307310,455.62,313.95,471.62,323.1,1009,3064,1175,3170,1241,1752
6307312,455.22,315.375,471.54,323.625,1003,3079,1172,3176,1240,1754
6307314,456.26,314.925,471.46,323.325,1015,3074,1172,3172,1240,1753
6307316,455.3,315.825,471.14,323.25,1003,3085,1168,3172,1238,1754
6307318,454.42,314.625,471.06,323.325,994,3071,1167,3173,1233,1754
6307320,455.86,315.825,471.38,323.85,1009,3085,1170,3179,1234,1751
6307322,455.62,316.05,471.46,324.075,1006,3088,1171,3181,1234,1751
6307324,456.42,316.2,471.46,324.075,1014,3090,1170,3182,1237,1755
6307326,455.22,317.1,472.1,323.7,1002,3099,1177,3177,1234,1753
6307328,455.3,316.425,471.78,324.375,1002,3092,1173,3185,1237,1749
6307330,455.54,316.5,471.62,324,1004,3092,1171,3181,1232,1755
6307332,456.26,317.175,471.54,323.925,1012,3101,1171,3181,1234,1750
6307334,456.42,316.95,471.78,324.75,1013,3099,1173,3190,1231,1752
6307336,455.06,316.425,471.3,324.75,999,3092,1168,3190,1233,1756
6307338,456.42,317.325,471.46,324.525,1014,3103,1170,3188,1234,1751
6307340,455.86,315.525,471.7,324.525,1008,3083,1173,3188,1230,1752
6307342,456.66,317.175,471.46,323.925,1016,3102,1170,3182,1231,1754
6307344,456.5,318.75,471.62,324.6,1013,3120,1171,3189,1233,1752
6307346,455.94,316.35,471.78,324.375,1008,3093,1173,3187,1231,1757
6307348,456.26,316.575,471.54,323.475,1011,3096,1171,3178,1234,1755
6307350,456.02,317.025,471.86,323.625,1009,3101,1174,3179,1236,1753
6307352,456.18,316.5,471.86,324.9,1011,3096,1174,3194,1237,1753
6307354,456.26,316.35,471.86,323.85,1012,3094,1173,3182,1238,1758
6307356,455.7,316.275,471.86,324.225,1005,3094,1174,3186,1235,1756
6307358,456.5,316.95,471.86,323.625,1013,3101,1174,3180,1233,1757
6307360,456.26,316.8,471.94,323.325,1011,3099,1175,3177,1234,1754
6307362,456.1,315.375,472.02,324.075,1010,3084,1175,3185,1236,1756
6307364,456.26,316.2,471.62,323.475,1011,3093,1171,3178,1228,1756
6307366,455.86,316.575,472.1,322.8,1007,3097,1176,3171,1236,1754
6307368,456.34,315.375,471.86,323.85,1012,3084,1173,3182,1233,1755
6307370,456.34,316.35,471.46,323.25,1012,3095,1169,3176,1232,1752
6307372,456.26,316.5,471.86,323.775,1011,3097,1174,3182,1230,1750
6307374,456.74,316.725,471.86,323.475,1015,3099,1174,3179,1231,1751
6307376,456.58,315.525,471.62,323.25,1014,3086,1171,3176,1231,1753
6307378,455.06,316.5,471.78,322.425,998,3096,1172,3167,1232,1748
6307380,455.86,316.875,471.62,323.1,1007,3101,1171,3174,1230,1752
6307382,456.18,316.2,471.54,323.1,1010,3094,1170,3175,1231,1752
6307384,456.26,315.975,471.38,323.325,1011,3091,1168,3176,1234,1748
6307386,456.26,315.675,471.62,323.775,1011,3087,1171,3182,1231,1751
6307388,456.34,315.975,471.78,323.325,1012,3091,1172,3177,1239,1753
6307390,456.26,316.575,472.1,323.325,1010,3097,1176,3176,1234,1752
6307392,456.34,315.075,471.78,323.7,1012,3080,1172,3181,1241,1752
6307394,456.66,315.375,471.62,323.175,1016,3084,1171,3175,1234,1755
6307396,457.22,317.025,471.94,323.55,1021,3102,1174,3179,1232,1757
6307398,456.18,316.05,471.94,323.85,1011,3091,1174,3182,1237,1754
6307400,457.06,317.025,471.7,323.4,1020,3102,1172,3177,1232,1756
6307402,457.14,315.9,471.78,323.625,1020,3089,1173,3179,1230,1754
6307404,456.74,316.575,471.86,324,1016,3096,1174,3183,1234,1757
6307406,455.94,316.725,471.78,324.525,1007,3098,1172,3189,1239,1757
6307408,457.86,315.975,471.86,323.85,1028,3090,1174,3181,1230,1757
6307410,455.94,317.1,471.78,323.625,1007,3101,1172,3178,1229,1751
6307412,456.66,317.475,471.7,324.6,1015,3105,1171,3189,1233,1754
6307414,456.58,316.275,471.62,323.7,1015,3092,1171,3180,1232,1753
6307416,456.5,317.325,471.62,324,1013,3104,1171,3182,1235,1751
6307418,457.78,316.2,472.26,323.85,1028,3092,1178,3181,1229,1752
6307420,457.14,316.65,471.62,323.85,1021,3096,1171,3180,1231,1755
6307422,457.14,316.65,471.46,323.1,1021,3097,1170,3173,1233,1754
6307424,457.3,317.475,471.86,323.7,1022,3105,1174,3179,1229,1751
6307426,457.3,316.65,471.86,323.775,1022,3096,1174,3179,1226,1751
6307428,457.62,316.725,471.14,323.25,1026,3096,1167,3173,1231,1748
6307430,456.1,315.15,472.1,323.25,1010,3078,1177,3173,1231,1751
6307432,457.06,315.75,472.02,323.175,1020,3085,1176,3172,1232,1754
6307434,456.98,316.5,471.86,323.175,1019,3094,1174,3172,1233,1752
6307436,457.38,315.6,471.78,324.075,1024,3083,1173,3182,1229,1749
6307438,456.82,316.725,471.78,323.175,1018,3095,1174,3171,1232,1753
6307440,457.14,316.8,471.38,323.25,1021,3096,1170,3172,1232,1755
6307442,457.62,316.125,471.7,323.475,1027,3089,1173,3175,1228,1754
6307444,457.38,316.575,471.7,323.1,1024,3093,1172,3170,1231,1755
6307446,458.18,317.1,472.02,323.4,1032,3099,1177,3174,1230,1755
6307448,457.78,315.825,471.7,323.775,1028,3085,1173,3178,1229,1751
6307450,457.54,316.8,471.7,323.625,1025,3096,1173,3176,1229,1751
6307452,457.46,315.825,471.38,323.775,1025,3085,1170,3177,1235,1751
6307454,457.54,315.825,471.86,324.075,1026,3085,1175,3180,1228,1754
6307456,457.3,316.35,471.3,323.1,1023,3090,1169,3169,1234,1754
6307458,457.46,316.05,471.62,323.475,1025,3086,1172,3173,1232,1756
6307460,457.7,316.8,471.54,323.775,1027,3095,1171,3176,1231,1753
6307462,456.98,316.125,471.46,323.55,1020,3087,1170,3173,1233,1751
6307464,457.62,316.8,471.3,323.925,1026,3094,1168,3177,1225,1749
6307466,457.3,317.025,471.38,323.925,1023,3096,1169,3178,1232,1751
6307468,458.18,317.625,471.38,323.025,1032,3103,1170,3167,1230,1748
6307470,457.38,317.175,471.78,323.925,1024,3098,1174,3177,1233,1752
6307472,458.34,317.475,471.78,324.225,1034,3101,1174,3180,1231,1752
6307474,457.78,317.625,470.98,323.25,1028,3102,1165,3169,1233,1752
6307476,458.02,316.575,471.14,324.375,1031,3091,1167,3182,1231,1748
6307478,457.38,316.35,471.22,323.55,1024,3089,1168,3173,1230,1754
6307480,457.78,317.625,471.46,323.25,1028,3103,1170,3170,1231,1749
6307482,457.86,317.325,471.7,324.825,1029,3099,1173,3187,1233,1748
6307484,457.38,317.475,471.3,324.075,1023,3101,1168,3179,1234,1752
6307486,457.62,317.325,471.46,324,1026,3100,1170,3178,1230,1749
6307488,457.86,317.25,471.38,324.225,1028,3099,1169,3180,1230,1748
6307490,457.62,317.025,471.3,324,1026,3096,1168,3178,1231,1754
6307492,457.86,317.175,471.3,324.6,1029,3098,1167,3185,1235,1753
6307494,457.7,316.5,471.46,324.825,1027,3090,1169,3187,1231,1754
6307496,458.26,317.4,471.46,324.45,1033,3101,1169,3183,1226,1754
6307498,458.18,317.925,471.3,324.825,1031,3106,1167,3187,1230,1750
6307500,457.78,318.225,471.7,324.6,1027,3110,1172,3185,1234,1750
6307502,457.06,318.45,471.3,324.375,1019,3112,1168,3182,1238,1750
6307504,457.7,315.675,471.3,324.6,1027,3082,1168,3185,1233,1751
6307506,457.86,317.925,471.38,323.7,1028,3107,1169,3176,1236,1753
6307508,458.02,316.725,470.74,324.825,1030,3095,1162,3188,1235,1751
6307510,457.7,317.175,470.9,324.375,1027,3099,1163,3183,1233,1750
6307512,458.34,316.8,471.06,323.925,1033,3096,1165,3179,1230,1745
6307514,457.94,317.475,471.14,324.375,1029,3103,1166,3183,1232,1749
6307516,457.54,318.3,470.82,324.225,1024,3113,1163,3182,1235,1749
6307518,457.94,316.875,470.98,322.875,1029,3097,1165,3168,1232,1749
6307520,457.78,317.25,470.9,324.075,1027,3101,1164,3181,1234,1745
6307522,458.26,316.425,470.74,324.225,1032,3093,1162,3183,1231,1750
6307524,457.78,317.625,470.34,324.3,1027,3106,1158,3184,1233,1749
6307526,457.22,317.1,471.14,324.525,1021,3100,1166,3186,1236,1750
6307528,458.34,319.125,471.06,324.225,1033,3123,1165,3183,1228,1750
6307530,458.26,318.75,470.98,323.775,1032,3118,1164,3178,1229,1750
6307532,457.46,316.8,470.34,324.375,1024,3097,1157,3185,1232,1747
6307534,458.26,317.85,470.58,324.6,1032,3109,1160,3188,1233,1750
6307536,457.7,318.525,470.66,325.575,1026,3117,1160,3198,1230,1749
6307538,457.54,317.25,470.18,325.875,1024,3102,1156,3202,1231,1751
6307540,457.22,318.825,470.42,324.975,1021,3120,1159,3192,1233,1750
6307542,457.3,318.075,471.14,324.825,1022,3111,1166,3191,1233,1753
6307544,457.94,317.625,470.42,324.825,1029,3107,1158,3191,1234,1752
6307546,458.18,318.375,470.82,324.9,1031,3115,1162,3192,1233,1753
6307548,457.7,318.45,470.34,324.975,1026,3116,1158,3193,1233,1751
6307550,457.54,318.525,470.26,325.125,1024,3117,1157,3195,1232,1752
6307552,457.22,317.925,470.58,325.05,1021,3111,1160,3194,1233,1751
6307554,457.06,317.4,470.58,324.6,1019,3105,1160,3189,1232,1748
6307556,458.34,317.55,470.98,324.6,1033,3107,1164,3189,1236,1752
6307558,457.06,317.25,470.42,324.9,1019,3103,1158,3192,1230,1753
6307560,457.38,317.85,470.26,324.675,1022,3110,1156,3190,1231,1752
6307562,456.82,318.3,470.5,324.225,1016,3115,1158,3185,1231,1751
6307564,457.22,317.175,470.5,323.925,1021,3102,1159,3181,1233,1749
6307566,456.9,317.625,470.1,324.675,1017,3108,1154,3190,1234,1749
6307568,457.46,318.75,470.26,324,1023,3120,1156,3182,1236,1749
6307570,457.14,316.725,470.26,324.675,1019,3097,1156,3189,1233,1748
6307572,456.5,316.875,470.34,324.825,1012,3100,1156,3192,1239,1749
6307574,457.38,317.325,470.58,323.925,1021,3104,1159,3182,1234,1750
6307576,456.58,316.425,470.26,324.3,1013,3094,1155,3186,1240,1748
6307578,456.82,317.175,470.18,324.3,1015,3103,1154,3186,1240,1751
6307580,456.18,316.5,469.7,323.4,1008,3095,1149,3176,1239,1746
6307582,456.74,318.45,470.42,323.7,1014,3117,1157,3179,1236,1748
6307584,456.5,316.5,469.7,324,1011,3095,1148,3183,1238,1749
6307586,456.9,316.65,470.02,323.85,1015,3097,1151,3181,1235,1752
6307588,456.82,317.55,469.94,323.925,1014,3107,1150,3182,1237,1745
6307590,456.18,317.1,470.18,323.4,1007,3102,1153,3176,1242,1752
6307592,456.74,316.725,469.86,322.725,1013,3098,1149,3169,1240,1747
6307594,457.38,318.075,470.42,323.4,1019,3114,1155,3176,1237,1747
6307596,456.34,315.975,470.02,323.25,1009,3089,1150,3174,1238,1749
6307598,457.14,317.55,469.86,322.725,1016,3107,1149,3168,1234,1752
6307600,456.82,317.625,470.66,323.775,1013,3107,1156,3180,1240,1747
6307602,457.62,316.35,470.5,322.725,1021,3094,1155,3169,1238,1743
6307604,456.58,316.125,470.18,324.15,1010,3091,1151,3184,1240,1749
6307606,457.22,315.375,470.18,322.575,1017,3083,1152,3167,1240,1748
6307608,456.58,316.425,470.34,322.575,1010,3095,1153,3167,1241,1748
6307610,456.98,315.825,470.5,323.85,1014,3088,1154,3181,1238,1750
6307612,457.62,315.975,470.5,323.175,1020,3090,1154,3173,1239,1751
6307614,457.62,316.275,470.1,323.025,1020,3094,1150,3172,1238,1747
6307616,456.9,316.2,470.5,323.25,1013,3092,1154,3175,1235,1751
6307618,456.9,315.675,470.58,322.575,1013,3086,1155,3168,1240,1747
6307620,457.14,317.175,471.06,322.35,1015,3103,1160,3165,1241,1751
6307622,457.38,316.05,470.42,323.25,1018,3091,1153,3174,1237,1751
6307624,457.38,316.5,470.82,323.1,1017,3096,1157,3173,1240,1750
6307626,457.62,316.95,470.66,323.175,1019,3101,1155,3174,1237,1749
6307628,456.9,316.125,470.58,323.325,1012,3092,1154,3176,1240,1754
6307630,457.38,315.375,471.14,323.85,1018,3083,1160,3182,1239,1754
6307632,456.98,317.625,470.82,324.15,1013,3108,1156,3185,1240,1749
6307634,456.42,317.475,470.98,324.075,1007,3106,1158,3184,1242,1749
6307636,458.42,315.6,470.74,324.3,1028,3087,1156,3186,1242,1755
6307638,457.3,318.3,471.22,324.15,1016,3116,1161,3185,1241,1755
6307640,456.58,317.175,470.82,325.125,1009,3103,1157,3196,1238,1755
6307642,457.94,316.725,471.14,324.075,1024,3099,1161,3184,1235,1757
6307644,457.06,317.1,471.46,323.475,1014,3102,1164,3178,1243,1758
6307646,457.22,315.375,471.06,323.775,1017,3083,1160,3180,1243,1758
6307648,457.22,317.1,471.14,323.4,1016,3103,1161,3177,1237,1757
6307650,457.06,317.925,470.82,323.175,1015,3112,1158,3174,1242,1756
6307652,457.22,315.9,470.9,322.65,1017,3090,1159,3168,1242,1756
6307654,457.3,317.55,471.14,322.575,1017,3108,1162,3168,1241,1756
6307656,456.82,315.675,471.3,323.175,1013,3087,1163,3174,1245,1758
6307658,457.06,315.6,471.3,322.575,1015,3086,1163,3168,1246,1757
6307660,457.86,318.225,471.46,322.725,1023,3115,1166,3170,1240,1754
6307662,457.14,317.55,470.9,322.35,1016,3107,1159,3165,1244,1757
6307664,457.14,316.35,471.46,321.975,1016,3094,1166,3161,1245,1756
6307666,456.98,316.875,471.3,321.075,1014,3100,1164,3151,1239,1757
6307668,457.14,316.425,470.66,321.825,1017,3095,1157,3159,1241,1755
6307670,457.54,315.675,471.06,321.675,1021,3087,1162,3158,1243,1756
6307672,457.06,316.575,470.98,322.275,1016,3096,1161,3164,1240,1758
6307674,457.14,315.45,471.14,321.75,1017,3084,1163,3159,1243,1761
6307676,456.5,316.05,471.06,322.05,1010,3091,1162,3162,1244,1755
6307678,457.14,316.65,471.38,322.125,1017,3098,1165,3163,1245,1754
6307680,457.78,315.75,470.58,321.825,1024,3088,1157,3159,1241,1759
6307682,456.9,316.8,470.98,321.525,1014,3099,1161,3156,1249,1762
6307684,456.74,316.95,471.06,321.525,1013,3101,1162,3156,1243,1760
6307686,456.74,316.2,471.38,322.275,1013,3093,1165,3164,1247,1762
6307688,457.7,318.225,471.22,322.05,1023,3115,1164,3162,1243,1759
6307690,456.74,318.075,471.14,321.75,1012,3113,1163,3159,1245,1764
6307692,456.66,316.65,471.46,322.575,1012,3098,1166,3168,1244,1762
6307694,456.98,317.85,470.82,323.25,1015,3111,1159,3175,1245,1760
6307696,455.94,316.05,471.06,322.65,1005,3091,1162,3169,1247,1760
6307698,456.66,316.425,471.22,322.875,1012,3095,1163,3171,1246,1761
6307700,456.42,317.325,471.06,322.35,1009,3105,1162,3166,1242,1762
6307702,456.66,316.125,471.22,322.5,1012,3092,1164,3168,1249,1763
6307704,456.74,317.55,470.98,322.425,1012,3108,1161,3167,1248,1760
6307706,457.22,315.975,471.3,322.875,1018,3091,1164,3172,1247,1766
6307708,456.58,316.275,471.06,321.75,1011,3094,1162,3160,1244,1763
6307710,456.82,315.975,470.98,322.05,1013,3091,1161,3163,1244,1764
6307712,455.86,315.45,470.9,322.35,1004,3085,1160,3166,1251,1766
6307714,456.74,314.925,471.14,320.775,1013,3080,1163,3149,1249,1765
6307716,457.06,317.25,470.26,321.9,1015,3106,1153,3161,1242,1764
6307718,456.42,314.925,470.74,321.225,1009,3080,1158,3154,1249,1767
6307720,455.94,315.75,470.66,320.85,1004,3089,1158,3150,1248,1768
6307722,457.38,315.6,471.06,321.225,1019,3088,1162,3155,1247,1765
6307724,456.26,314.625,470.5,321.375,1008,3077,1156,3156,1249,1763
6307726,456.9,315.3,470.82,320.85,1015,3084,1159,3150,1248,1768
6307728,457.3,315.6,470.5,320.7,1018,3087,1156,3148,1240,1765
6307730,456.98,315.075,470.82,321.675,1015,3082,1160,3160,1243,1766
6307732,456.5,314.775,470.5,321.3,1010,3078,1156,3155,1250,1764
6307734,457.06,315,471.06,319.425,1016,3081,1162,3134,1245,1769
6307736,456.5,314.475,470.42,321,1010,3075,1155,3152,1248,1768
6307738,456.02,315.45,470.82,321,1005,3086,1159,3152,1248,1771
6307740,456.74,316.425,470.74,320.475,1012,3097,1158,3146,1246,1773
6307742,455.46,315,470.74,321.6,999,3080,1158,3158,1254,1776
6307744,456.26,315.675,470.34,321.9,1007,3088,1154,3161,1248,1771
6307746,455.94,315.975,470.5,320.475,1004,3091,1156,3146,1248,1773
6307748,455.22,315.825,470.42,321.525,996,3089,1155,3157,1250,1773
6307750,455.22,315.825,470.58,320.775,996,3090,1156,3149,1251,1774
6307752,456.02,315.375,470.66,322.35,1004,3085,1156,3167,1251,1775
6307754,456.18,315.45,470.58,321.225,1006,3085,1156,3154,1255,1773
6307756,455.78,315.825,470.74,320.4,1002,3089,1158,3145,1250,1773
6307758,455.3,315.075,470.42,320.775,997,3081,1155,3149,1256,1773
6307760,456.66,315.45,470.5,320.775,1012,3085,1156,3149,1252,1770
6307762,455.22,316.65,470.5,320.55,996,3098,1155,3146,1251,1775
6307764,455.94,315.75,471.06,319.875,1003,3088,1161,3139,1252,1775
6307766,457.22,315.75,470.74,320.325,1017,3089,1158,3144,1254,1774
6307768,455.54,317.7,471.06,319.8,999,3110,1161,3138,1252,1775
6307770,455.94,313.875,471.14,320.4,1005,3068,1163,3144,1252,1779
6307772,456.74,317.1,471.06,319.5,1011,3103,1162,3135,1251,1777
6307774,456.26,316.05,470.58,319.05,1007,3091,1157,3130,1254,1776
6307776,456.98,315.6,470.98,319.5,1014,3087,1160,3134,1252,1782
6307778,456.02,315.525,470.66,319.275,1004,3086,1157,3132,1252,1780
6307780,456.9,315.3,470.9,318.975,1014,3084,1160,3129,1254,1780
6307782,456.02,314.775,471.14,319.65,1005,3078,1162,3136,1255,1781
6307784,457.22,315.375,471.38,319.275,1017,3084,1164,3132,1250,1774
6307786,456.58,315.75,471.3,318.9,1010,3088,1164,3128,1257,1777
6307788,457.14,314.7,471.3,319.5,1016,3077,1163,3135,1252,1784
6307790,457.46,315.45,471.06,319.2,1019,3086,1161,3131,1255,1783
6307792,456.66,314.475,471.62,318.975,1011,3074,1167,3129,1254,1782
6307794,456.34,314.1,471.3,319.35,1008,3070,1164,3133,1257,1781
6307796,456.66,316.125,471.62,319.05,1011,3093,1167,3130,1253,1780
6307798,456.42,314.625,471.14,319.2,1008,3076,1162,3131,1259,1785
6307800,456.26,315.675,471.54,318.825,1007,3087,1167,3127,1255,1781
6307802,456.18,314.55,471.46,319.05,1006,3075,1166,3129,1257,1783
6307804,456.82,314.325,471.14,318.6,1013,3072,1162,3125,1257,1784
6307806,456.66,315.225,471.62,318.75,1011,3082,1167,3126,1259,1781
6307808,455.3,315.225,471.38,318.3,996,3082,1165,3122,1256,1783
6307810,456.02,315.075,471.22,318.15,1005,3081,1164,3119,1256,1784
6307812,456.9,315.75,471.7,318.6,1014,3088,1169,3125,1257,1781
6307814,455.7,314.1,470.82,318.525,1002,3070,1159,3124,1259,1787
6307816,456.74,314.4,471.78,318.75,1013,3073,1170,3127,1256,1780
6307818,458.1,314.25,471.3,318.525,1027,3072,1165,3124,1255,1783
6307820,457.38,314.7,471.38,318.225,1019,3077,1166,3120,1262,1783
6307822,457.7,312.3,471.3,318.225,1023,3051,1165,3120,1256,1783
6307824,456.74,315.6,471.7,318.525,1013,3087,1169,3124,1253,1784
6307826,456.82,312.3,471.78,317.85,1015,3050,1170,3117,1256,1784
6307828,456.9,313.875,471.46,318.825,1015,3067,1167,3127,1254,1783
6307830,458.34,315.225,471.94,318.45,1030,3083,1172,3123,1260,1784
6307832,457.06,314.4,471.54,318.45,1017,3074,1169,3123,1261,1784
6307834,456.9,314.175,472.26,318.225,1015,3071,1176,3121,1258,1782
6307836,457.46,314.55,471.7,317.775,1022,3075,1171,3115,1258,1785
6307838,456.98,314.4,471.62,317.775,1016,3073,1170,3115,1255,1784
6307840,457.38,313.275,471.46,317.55,1021,3061,1168,3113,1259,1784
6307842,457.14,315.375,471.46,317.925,1018,3084,1168,3117,1259,1786
6307844,457.22,313.5,471.22,317.775,1019,3063,1166,3115,1260,1789
6307846,456.34,314.25,471.62,316.875,1010,3071,1170,3105,1259,1788
6307848,457.14,314.4,471.62,317.325,1019,3074,1170,3111,1261,1786
6307850,457.38,313.65,471.62,317.7,1021,3065,1170,3114,1259,1785
6307852,456.58,314.85,471.62,317.775,1013,3078,1170,3115,1258,1783
6307854,456.66,313.05,471.78,317.925,1014,3059,1172,3117,1262,1786
6307856,456.9,314.625,471.86,318,1017,3076,1173,3118,1256,1787
6307858,456.5,313.8,471.22,317.85,1013,3066,1167,3116,1259,1787
6307860,457.22,313.05,471.14,318.075,1020,3059,1166,3119,1258,1788
6307862,457.06,314.55,471.14,318.45,1018,3076,1165,3123,1260,1788
6307864,457.38,314.775,470.98,318.3,1022,3078,1164,3122,1258,1786
6307866,456.58,314.175,471.3,318.15,1013,3071,1168,3120,1260,1789
6307868,456.74,315,471.62,318.225,1015,3081,1171,3121,1259,1787
6307870,456.26,316.125,471.38,318.075,1010,3093,1168,3120,1262,1786
6307872,455.94,314.25,471.78,318.075,1006,3072,1172,3120,1257,1792
6307874,456.66,314.625,471.46,318.45,1014,3077,1169,3124,1259,1791
6307876,456.98,317.7,471.62,318.9,1016,3111,1170,3130,1254,1788
6307878,456.18,314.85,470.9,318.675,1009,3079,1163,3126,1258,1792
6307880,456.66,316.05,470.9,318.975,1012,3093,1161,3130,1258,1787
6307882,456.1,316.95,471.62,318.975,1006,3103,1169,3131,1253,1790
6307884,455.54,314.85,471.46,318.975,1001,3080,1167,3131,1256,1791
6307886,456.26,316.425,471.54,319.35,1008,3098,1168,3135,1260,1792
6307888,456.26,316.65,471.14,318.975,1007,3101,1164,3131,1260,1790
6307890,454.98,317.325,471.3,319.2,993,3108,1165,3134,1255,1797
6307892,456.1,316.8,471.22,319.425,1005,3103,1164,3137,1263,1792
6307894,455.06,318.375,471.14,318.9,994,3120,1163,3131,1262,1793
6307896,455.54,317.475,471.22,318.9,999,3110,1163,3131,1254,1795
6307898,455.22,317.325,470.98,319.125,995,3108,1161,3133,1262,1796
6307900,454.98,316.275,470.82,318.45,992,3097,1158,3126,1259,1797
6307902,456.18,316.65,470.82,319.05,1005,3101,1158,3133,1257,1795
6307904,454.58,315.675,470.9,318.6,987,3091,1158,3128,1257,1796
6307906,455.3,315.6,470.42,318.15,994,3090,1154,3123,1259,1793
6307908,454.9,317.1,470.34,317.925,989,3106,1152,3120,1261,1793
6307910,454.5,314.625,470.42,317.7,986,3079,1152,3118,1257,1793
6307912,454.9,315.525,470.1,317.625,989,3089,1148,3117,1259,1793
6307914,454.74,315,470.42,317.175,987,3083,1151,3112,1255,1795
6307916,454.66,315.525,470.26,317.85,985,3088,1149,3119,1251,1796
6307918,454.66,314.175,469.86,317.775,986,3073,1144,3118,1258,1797
6307920,454.82,315.225,470.66,317.7,986,3085,1152,3117,1258,1794
6307922,454.26,312.975,469.94,317.625,981,3059,1145,3116,1262,1797
6307924,454.26,313.125,470.42,318.225,981,3061,1149,3122,1260,1796
6307926,454.9,313.95,469.94,316.425,987,3069,1145,3102,1259,1798
6307928,454.26,313.35,470.42,317.85,979,3062,1148,3117,1256,1795
6307930,454.5,313.875,469.94,317.775,981,3068,1144,3116,1257,1796
6307932,454.74,314.325,469.78,316.65,984,3072,1142,3102,1255,1797
6307934,454.74,312.15,470.18,318.375,984,3047,1145,3121,1255,1796
6307936,454.98,314.85,470.26,318.075,986,3076,1146,3117,1254,1794
6307938,455.14,314.925,470.1,317.7,988,3077,1144,3113,1255,1797
6307940,454.58,315.45,470.5,317.925,981,3082,1148,3115,1257,1794
6307942,454.74,314.4,470.42,317.7,983,3070,1147,3112,1262,1795
6307944,454.98,315.975,470.5,318.075,985,3086,1148,3115,1254,1795
6307946,455.22,315.9,470.42,318.9,987,3086,1146,3124,1258,1798
6307948,454.58,315.3,470.42,318.6,980,3078,1147,3119,1258,1796
6307950,454.9,315.6,470.74,318.525,984,3081,1150,3118,1255,1794
6307952,455.38,316.875,470.66,318.975,989,3094,1149,3122,1254,1796
6307954,455.3,316.65,470.26,319.125,987,3092,1145,3124,1252,1796
6307956,454.98,317.025,470.66,319.125,984,3095,1149,3123,1251,1794
6307958,454.58,316.875,470.74,318.9,980,3093,1150,3121,1258,1795
6307960,455.06,316.65,470.9,319.5,986,3090,1152,3127,1252,1794
6307962,455.14,315.375,471.06,319.5,987,3076,1153,3127,1254,1794
6307964,455.3,318.375,470.82,319.2,987,3109,1151,3122,1253,1795
6307966,455.3,316.725,471.06,319.725,988,3090,1153,3129,1253,1793
6307968,455.3,316.275,471.22,319.425,989,3084,1155,3124,1254,1795
6307970,455.54,316.575,471.22,319.725,991,3088,1155,3128,1252,1791
6307972,455.54,317.475,471.14,319.65,991,3098,1155,3127,1249,1793
6307974,455.86,315.825,471.3,320.1,995,3079,1157,3132,1255,1796
6307976,455.54,317.925,471.14,320.4,992,3102,1155,3135,1252,1792
6307978,456.1,317.025,471.46,320.025,998,3092,1159,3130,1257,1791
6307980,455.54,316.95,471.86,320.4,992,3091,1163,3134,1249,1794
6307982,455.86,317.325,471.54,320.175,995,3096,1160,3132,1251,1790
6307984,456.42,317.625,471.78,320.1,1002,3099,1163,3131,1254,1790
6307986,455.94,318.075,471.86,320.55,997,3103,1164,3136,1246,1793
6307988,456.74,316.95,471.94,320.925,1006,3091,1165,3140,1253,1790
6307990,456.74,318.45,471.7,321,1006,3107,1163,3140,1252,1790
6307992,456.58,318.825,472.34,321,1005,3111,1170,3141,1251,1791
6307994,456.82,317.55,472.58,321.225,1008,3098,1172,3144,1256,1791
6307996,456.74,317.625,472.82,321.45,1007,3099,1175,3146,1253,1791
6307998,456.74,318.15,472.66,320.55,1007,3104,1174,3137,1249,1788
6308000,456.18,317.175,472.18,321.225,1002,3093,1170,3144,1248,1789
6308002,457.22,316.5,472.42,321.225,1014,3087,1172,3144,1251,1789
6308004,457.38,317.55,472.5,320.85,1015,3098,1174,3140,1250,1787
6308006,456.42,316.575,472.34,320.85,1006,3087,1172,3139,1247,1788
6308008,456.74,316.95,472.42,320.85,1010,3091,1174,3139,1250,1788
6308010,456.82,317.1,472.74,321.225,1011,3093,1177,3144,1252,1781
6308012,456.9,315.225,472.82,321.225,1013,3072,1179,3143,1251,1786
6308014,456.34,314.925,472.34,321.15,1007,3068,1174,3143,1253,1787
6308016,457.06,317.775,472.1,320.325,1014,3101,1172,3133,1248,1781
6308018,455.94,314.925,472.42,321.15,1004,3068,1175,3143,1251,1787
6308020,456.26,315.975,472.66,320.925,1008,3080,1179,3140,1251,1784
6308022,457.3,316.95,472.42,321.825,1018,3091,1176,3150,1247,1782
6308024,456.42,316.2,472.42,322.05,1010,3083,1176,3153,1249,1789
6308026,456.58,316.275,472.18,322.35,1011,3084,1174,3156,1247,1791
6308028,455.46,317.925,472.34,321.675,1000,3102,1176,3149,1250,1784
6308030,456.74,316.425,472.42,321.525,1014,3086,1177,3147,1243,1785
6308032,455.78,315.825,471.78,322.65,1004,3079,1171,3159,1251,1786
6308034,456.66,316.575,471.62,321.3,1013,3088,1169,3145,1247,1785
6308036,454.58,318,472.1,322.575,992,3103,1175,3159,1241,1789
6308038,455.62,316.275,471.94,322.575,1004,3084,1173,3159,1244,1787
6308040,455.38,317.1,471.62,322.65,1001,3093,1171,3160,1244,1781
6308042,455.54,316.35,472.18,322.65,1003,3085,1177,3160,1248,1783
6308044,455.22,318.075,471.7,321.975,1000,3103,1172,3152,1246,1780
6308046,456.18,316.2,471.3,322.575,1010,3084,1168,3159,1249,1781
6308048,455.86,317.175,471.94,322.5,1007,3094,1174,3158,1244,1780
6308050,455.78,317.925,471.86,322.575,1005,3103,1173,3159,1251,1778
6308052,455.3,317.625,471.46,322.8,1001,3099,1169,3161,1245,1781
6308054,455.38,317.4,471.54,322.95,1002,3096,1170,3164,1244,1779
6308056,455.3,317.625,471.54,322.575,1001,3100,1170,3160,1244,1779
6308058,454.9,317.625,471.22,322.725,996,3099,1166,3161,1247,1783
6308060,455.38,316.725,471.14,323.25,1001,3090,1166,3167,1239,1780
6308062,455.62,317.55,470.9,322.875,1004,3099,1164,3163,1244,1778
6308064,455.22,317.475,470.9,323.925,1000,3098,1163,3174,1241,1782
6308066,455.3,317.1,471.3,323.025,1001,3094,1168,3165,1243,1780
6308068,455.14,318.3,470.98,322.875,998,3108,1164,3163,1245,1779
6308070,454.5,317.175,470.66,323.475,992,3095,1161,3169,1243,1781
6308072,455.7,315.75,471.14,322.65,1005,3080,1166,3161,1244,1777
6308074,455.38,316.875,471.14,322.575,1002,3092,1166,3160,1243,1779
6308076,455.22,316.65,470.82,322.875,999,3089,1162,3164,1244,1781
6308078,455.22,316.425,470.82,322.875,999,3087,1162,3163,1242,1777
6308080,454.66,317.85,471.06,323.325,993,3103,1164,3168,1246,1778
6308082,455.62,315.075,470.9,322.275,1003,3073,1162,3157,1243,1778
6308084,455.38,316.725,470.82,323.025,1000,3091,1161,3166,1239,1776
6308086,455.54,318.15,471.14,323.475,1001,3106,1164,3170,1237,1774
6308088,454.5,317.175,470.58,322.8,990,3096,1158,3163,1241,1774
6308090,455.7,316.8,470.82,322.575,1003,3092,1161,3160,1242,1777
6308092,454.98,317.025,470.42,323.175,995,3094,1156,3167,1241,1774
6308094,454.5,316.95,470.74,324.3,990,3093,1159,3180,1239,1776
6308096,454.98,316.725,470.34,323.625,995,3092,1155,3173,1240,1777
6308098,455.38,317.1,470.34,324.45,999,3095,1154,3182,1243,1777
6308100,454.74,318.375,470.26,323.475,992,3109,1154,3171,1239,1774
6308102,454.9,317.4,470.26,324.3,993,3099,1153,3180,1244,1774
6308104,455.06,316.875,469.94,324.375,995,3093,1149,3181,1238,1773
6308106,455.62,316.8,470.02,323.55,1001,3092,1150,3171,1240,1772
6308108,454.58,317.025,469.94,324.525,989,3094,1149,3183,1244,1769
6308110,454.82,316.8,469.94,323.625,992,3092,1150,3173,1239,1772
6308112,454.66,316.65,470.1,323.1,990,3090,1151,3167,1239,1772
6308114,455.06,317.175,469.94,323.625,994,3096,1149,3172,1241,1769
6308116,455.7,317.025,469.94,323.1,1000,3094,1149,3167,1236,1770
6308118,454.82,316.65,470.02,323.25,992,3090,1150,3168,1238,1769
6308120,454.98,317.325,470.1,323.775,992,3098,1150,3174,1238,1771
6308122,455.94,316.05,469.94,322.8,1003,3084,1149,3163,1241,1773
6308124,455.86,316.575,469.62,322.725,1002,3090,1145,3162,1234,1772
6308126,455.38,315,469.86,323.775,997,3072,1148,3174,1239,1769
6308128,454.9,315.975,469.94,323.025,992,3082,1148,3165,1239,1770
6308130,455.14,315.825,470.5,323.1,995,3081,1154,3165,1236,1772
6308132,455.46,314.625,469.94,323.4,998,3067,1148,3169,1238,1771
6308134,455.94,315.375,470.58,323.1,1003,3076,1155,3165,1238,1771
6308136,456.42,315.075,470.1,323.625,1008,3072,1149,3171,1230,1769
6308138,455.86,313.425,470.34,323.55,1003,3053,1152,3170,1236,1770
6308140,455.54,313.875,470.18,323.775,999,3058,1150,3172,1241,1768
6308142,455.22,313.65,470.1,323.625,996,3055,1149,3170,1235,1768
6308144,455.86,314.85,470.34,323.325,1002,3068,1152,3166,1236,1770
6308146,455.86,316.95,470.58,323.7,1001,3091,1154,3170,1234,1765
6308148,456.02,315.825,470.1,323.625,1003,3079,1150,3169,1238,1770
6308150,455.86,315.225,470.42,324.3,1002,3072,1153,3177,1239,1766
6308152,456.26,315.6,470.82,323.475,1006,3076,1157,3167,1235,1766
6308154,455.94,314.55,470.58,323.925,1003,3064,1154,3172,1236,1765
6308156,456.98,315.825,471.06,324.6,1014,3078,1160,3180,1242,1764
6308158,456.34,315.825,471.54,323.55,1007,3078,1165,3168,1240,1768
6308160,457.06,314.925,470.66,324.825,1015,3068,1156,3182,1235,1760
6308162,457.38,316.2,470.98,324.675,1018,3082,1159,3180,1233,1764
6308164,457.22,316.05,471.3,324.15,1017,3081,1163,3175,1231,1762
6308166,458.42,314.625,471.38,324.6,1030,3065,1164,3179,1230,1765
6308168,457.14,317.025,472.1,324.15,1016,3091,1172,3175,1233,1764
6308170,456.82,316.8,472.02,324.525,1013,3089,1171,3179,1233,1763
6308172,459.22,315.675,471.7,324.45,1038,3077,1168,3178,1232,1761
6308174,457.3,316.8,471.38,324.975,1018,3088,1164,3183,1235,1763
6308176,457.62,316.125,471.78,324.975,1022,3081,1168,3183,1230,1762
6308178,457.38,316.35,471.86,324.75,1020,3083,1169,3181,1232,1759
6308180,458.1,317.1,471.78,324.675,1027,3092,1169,3180,1234,1763
6308182,458.18,317.025,472.18,324.075,1028,3091,1174,3173,1234,1762
6308184,457.7,315.675,471.78,324.45,1024,3076,1170,3177,1234,1761
6308186,457.78,316.5,471.86,324.15,1024,3085,1171,3174,1235,1764
6308188,457.3,316.575,471.86,324.6,1020,3086,1171,3179,1231,1762
6308190,457.94,316.425,471.78,325.275,1027,3084,1170,3186,1231,1758
6308192,457.38,314.925,471.46,324.75,1022,3068,1167,3181,1228,1758
6308194,457.78,315.45,471.3,324.525,1026,3074,1165,3179,1233,1762
6308196,458.26,316.8,471.7,324.9,1031,3089,1170,3183,1232,1758
6308198,458.02,315.525,471.22,325.2,1028,3075,1165,3186,1235,1756
6308200,457.78,315.75,471.7,325.2,1026,3077,1170,3186,1231,1760
6308202,456.66,315.975,471.3,325.125,1014,3079,1166,3185,1235,1757
6308204,457.38,316.35,470.98,324.75,1021,3084,1162,3181,1231,1758
6308206,458.5,315.15,471.46,324.975,1034,3071,1167,3184,1230,1760
6308208,456.26,316.8,471.38,325.05,1009,3088,1166,3184,1232,1757
6308210,456.9,315.6,471.22,324.9,1016,3075,1165,3183,1233,1759
6308212,457.7,316.425,471.06,325.5,1024,3085,1162,3189,1235,1757
6308214,456.74,315.525,471.14,324.975,1014,3075,1164,3183,1231,1755
6308216,457.14,315.975,470.82,324.825,1018,3080,1160,3181,1232,1759
6308218,457.7,316.05,471.22,324.675,1024,3080,1164,3180,1229,1760
6308220,457.22,316.125,470.98,324.825,1019,3081,1161,3182,1230,1758
6308222,457.14,315.225,470.66,324.6,1019,3070,1158,3179,1229,1759
6308224,456.74,315.525,470.9,325.2,1014,3073,1160,3185,1231,1756
6308226,457.3,315.525,470.98,324.6,1020,3074,1161,3179,1233,1759
6308228,456.74,314.25,470.66,325.2,1014,3059,1158,3184,1231,1760
6308230,457.06,314.925,470.9,324.375,1017,3067,1160,3176,1234,1761
6308232,455.94,315.675,470.82,324.9,1005,3074,1159,3181,1231,1756
6308234,456.82,315.45,470.66,325.35,1014,3072,1157,3186,1228,1757
6308236,457.3,316.35,471.22,324.825,1018,3082,1163,3180,1231,1756
6308238,456.82,316.125,470.74,325.275,1013,3079,1157,3184,1231,1754
6308240,457.3,315.825,470.66,324.75,1018,3076,1156,3178,1229,1759
6308242,456.42,315.975,470.1,325.65,1009,3076,1150,3188,1227,1753
6308244,456.82,315.3,470.9,324.75,1012,3068,1158,3177,1228,1756
6308246,456.9,314.925,470.74,324.45,1013,3064,1156,3174,1232,1759
6308248,456.34,315.75,470.58,325.275,1007,3072,1154,3182,1232,1755
6308250,456.18,316.2,470.74,324.975,1005,3077,1156,3179,1231,1757
6308252,456.42,316.125,470.02,324.675,1007,3076,1148,3174,1226,1752
6308254,456.9,316.5,470.9,324.675,1012,3080,1157,3175,1227,1751
6308256,457.06,315.45,469.94,325.275,1014,3068,1146,3180,1228,1751
6308258,455.7,316.35,470.42,325.275,999,3077,1151,3181,1227,1752
6308260,456.82,315.825,470.58,325.35,1011,3071,1153,3181,1228,1750
6308262,457.14,316.5,470.5,325.5,1014,3079,1152,3182,1230,1752
6308264,457.06,315.525,470.26,325.125,1013,3067,1148,3178,1226,1751
6308266,456.42,315.75,470.66,325.2,1006,3069,1153,3179,1228,1751
6308268,456.1,314.625,470.26,325.35,1002,3057,1148,3180,1230,1754
6308270,456.26,315.45,470.66,324.45,1004,3066,1153,3170,1230,1753
6308272,456.5,316.65,470.18,325.2,1005,3078,1147,3177,1227,1747
6308274,457.06,316.425,470.26,325.725,1012,3076,1147,3183,1225,1751
6308276,456.82,315,470.42,324.675,1009,3060,1150,3171,1225,1751
6308278,457.54,315.225,470.5,324.525,1016,3062,1150,3169,1227,1749
6308280,457.54,314.1,470.42,325.2,1016,3049,1149,3177,1225,1750
6308282,456.9,316.125,470.34,324.225,1009,3071,1148,3166,1222,1748
6308284,457.14,315.3,470.34,324.975,1012,3062,1147,3174,1228,1748
6308286,456.1,315.675,470.58,325.125,1000,3066,1150,3175,1231,1751
6308288,457.06,314.175,470.98,324.9,1011,3049,1154,3172,1227,1753
6308290,457.3,315.075,470.98,325.125,1013,3059,1154,3175,1228,1754
6308292,457.86,316.2,470.82,325.8,1018,3071,1152,3181,1224,1749
6308294,457.62,314.775,470.58,325.425,1016,3056,1149,3178,1229,1750
6308296,457.62,316.35,471.14,325.275,1015,3073,1155,3176,1225,1751
6308298,456.74,316.425,471.06,325.5,1006,3073,1154,3178,1228,1748
6308300,457.78,315.525,471.06,325.725,1018,3063,1154,3180,1227,1749
6308302,458.66,315.375,470.74,325.725,1026,3062,1151,3180,1228,1751
6308304,457.38,316.2,470.82,325.575,1013,3071,1152,3179,1228,1746
6308306,457.62,316.8,471.22,325.95,1015,3077,1155,3183,1227,1748
6308308,457.54,315.225,471.22,326.1,1015,3060,1156,3184,1225,1752
6308310,457.94,315.825,471.22,326.175,1019,3066,1156,3185,1226,1746
6308312,457.7,315.975,471.06,326.55,1016,3068,1154,3189,1226,1750
6308314,458.02,315.6,471.06,326.175,1020,3064,1154,3185,1228,1749
6308316,457.54,317.325,471.06,326.175,1014,3083,1154,3185,1222,1749
6308318,457.94,316.05,470.98,326.325,1018,3069,1153,3187,1228,1749
6308320,457.46,316.35,471.54,326.175,1013,3072,1159,3185,1225,1752
6308322,457.78,317.325,471.3,326.175,1017,3083,1156,3185,1224,1748
6308324,457.7,316.125,471.38,326.175,1016,3070,1157,3185,1221,1751
6308326,457.78,315.825,471.54,326.175,1017,3067,1159,3185,1229,1750
6308328,458.1,316.8,471.7,326.55,1020,3077,1161,3189,1227,1750
6308330,457.78,316.125,471.46,326.775,1017,3069,1158,3191,1221,1750
6308332,457.46,315.6,471.38,325.875,1014,3063,1158,3181,1226,1751
6308334,458.5,315.825,471.22,326.1,1024,3066,1155,3184,1221,1748
6308336,457.62,314.1,471.46,325.575,1016,3047,1159,3178,1228,1752
6308338,457.38,315.675,471.46,325.8,1013,3064,1158,3180,1221,1750
6308340,457.54,314.625,471.38,326.475,1015,3052,1157,3187,1219,1750
6308342,458.82,315.75,470.98,325.125,1028,3065,1153,3173,1218,1746
6308344,458.18,316.2,470.74,325.425,1022,3069,1151,3175,1220,1743
6308346,458.1,314.55,470.98,325.725,1021,3050,1154,3178,1224,1745
6308348,458.18,316.2,470.9,324.9,1022,3069,1153,3169,1219,1744
6308350,457.22,313.725,471.14,324.6,1012,3041,1156,3165,1216,1747
6308352,458.58,314.1,470.98,325.425,1027,3045,1154,3174,1220,1744
6308354,458.42,314.55,471.14,324.75,1025,3050,1156,3167,1220,1749
6308356,458.5,314.55,471.22,325.2,1025,3050,1157,3172,1226,1744
6308358,457.78,314.25,470.82,325.575,1018,3046,1153,3176,1220,1742
6308360,458.58,314.475,471.06,324.825,1027,3048,1155,3167,1219,1745
6308362,457.86,314.625,470.9,324.9,1019,3050,1153,3167,1223,1744
6308364,458.66,315.45,471.14,325.8,1027,3059,1155,3177,1223,1744
6308366,459.38,313.35,471.46,324.225,1036,3035,1159,3160,1220,1749
6308368,458.82,315.15,470.42,324.525,1029,3055,1149,3162,1221,1740
6308370,458.5,314.7,471.14,325.125,1026,3050,1156,3169,1219,1747
6308372,458.5,315.675,470.66,324.825,1025,3061,1151,3166,1221,1742
6308374,457.86,315.375,470.9,325.125,1018,3057,1153,3169,1218,1744
6308376,458.1,313.725,470.98,325.65,1021,3039,1153,3174,1223,1747
6308378,458.1,315.375,470.82,324.975,1021,3057,1152,3167,1217,1746
6308380,457.7,316.2,470.82,324.975,1016,3066,1151,3167,1218,1741
6308382,457.78,315.45,471.06,325.65,1017,3058,1154,3175,1222,1742
6308384,458.02,315.15,470.82,325.575,1019,3054,1151,3174,1224,1743
6308386,458.02,316.575,470.74,325.275,1019,3070,1150,3171,1222,1746
6308388,458.02,316.5,470.82,325.35,1019,3070,1151,3172,1220,1742
6308390,458.1,315,471.06,325.575,1020,3053,1154,3174,1218,1747
6308392,458.26,315.75,471.06,325.5,1021,3062,1152,3174,1218,1746
6308394,457.86,315.15,470.82,325.05,1017,3055,1150,3169,1214,1745
6308396,458.5,315.375,471.14,326.325,1023,3058,1153,3183,1215,1747
6308398,457.94,316.2,471.38,325.5,1017,3067,1156,3174,1220,1748
6308400,458.26,316.125,471.14,325.125,1020,3067,1153,3171,1218,1744
6308402,458.9,315.15,471.06,325.875,1027,3056,1152,3179,1218,1747
6308404,458.26,315.45,471.22,325.425,1020,3059,1153,3174,1218,1747
6308406,457.38,315.525,471.06,324.975,1010,3060,1151,3169,1220,1743
6308408,457.78,315.6,470.98,325.275,1014,3061,1150,3173,1217,1742
6308410,457.86,315.9,470.74,325.05,1014,3065,1147,3170,1222,1745
6308412,457.7,316.275,471.06,325.425,1012,3070,1151,3175,1218,1743
6308414,457.78,315.15,470.82,325.2,1014,3057,1148,3173,1217,1746
6308416,458.1,314.325,470.82,324.975,1017,3048,1147,3170,1222,1745
6308418,457.46,315.825,470.98,324.675,1010,3065,1149,3167,1221,1742
6308420,457.94,316.425,470.9,325.425,1014,3072,1148,3176,1212,1745
6308422,458.42,316.05,470.34,324.675,1019,3068,1142,3167,1222,1747
6308424,457.94,314.7,470.82,324.75,1014,3053,1147,3169,1217,1744
6308426,457.06,316.5,470.34,325.2,1005,3073,1142,3173,1221,1749
6308428,456.82,316.275,470.42,325.125,1002,3071,1142,3172,1216,1748
6308430,457.54,315.675,471.22,325.05,1010,3064,1151,3172,1219,1744
6308432,457.86,315.15,470.9,324.975,1013,3058,1147,3171,1217,1745
6308434,457.86,314.925,470.58,324.6,1013,3056,1144,3167,1219,1747
6308436,458.18,315.225,470.74,324.9,1016,3059,1146,3170,1219,1748
6308438,457.22,316.575,470.34,324.45,1005,3074,1142,3165,1222,1745
6308440,457.94,315.525,470.66,324.225,1013,3063,1144,3163,1219,1743
6308442,458.1,315.525,470.58,324.9,1015,3063,1144,3170,1216,1747
6308444,457.46,315.6,470.58,323.85,1007,3064,1144,3158,1216,1745
6308446,458.42,316.425,470.82,324.45,1018,3073,1146,3165,1221,1742
6308448,457.3,314.55,470.66,323.625,1006,3052,1144,3156,1220,1748
6308450,457.7,315.15,470.82,324,1010,3058,1146,3161,1218,1745
6308452,458.42,315.375,470.9,323.625,1017,3061,1146,3157,1215,1741
6308454,457.62,315.3,470.5,323.625,1009,3060,1142,3156,1216,1746
6308456,458.34,314.475,471.06,324.225,1016,3051,1148,3163,1215,1747
6308458,458.42,315.675,471.22,323.85,1017,3064,1149,3159,1220,1742
6308460,458.02,315.3,471.14,323.775,1013,3060,1148,3158,1220,1745
6308462,458.74,315.6,470.58,323.25,1020,3063,1143,3152,1218,1743
6308464,458.5,315.3,471.06,323.775,1018,3060,1148,3158,1216,1746
6308466,458.5,313.875,470.58,323.925,1019,3044,1143,3160,1223,1747
6308468,459.3,313.95,470.82,323.625,1027,3046,1145,3156,1220,1750
6308470,458.82,315.825,470.58,323.925,1022,3066,1143,3159,1221,1741
6308472,459.06,315.225,470.98,323.625,1024,3060,1147,3156,1222,1745
6308474,458.1,315.375,471.38,323.325,1014,3061,1151,3153,1216,1744
6308476,458.42,315.375,471.06,322.8,1017,3061,1148,3147,1219,1742
6308478,459.3,314.475,471.46,324.375,1026,3051,1152,3164,1216,1748
6308480,459.38,314.7,470.98,322.5,1028,3054,1147,3143,1220,1745
6308482,459.46,314.85,471.06,323.85,1028,3056,1148,3159,1219,1745
6308484,459.14,314.85,471.14,324.15,1025,3055,1149,3162,1217,1744
6308486,459.62,315.75,471.46,323.175,1030,3065,1152,3151,1222,1748
6308488,459.38,314.1,470.98,323.7,1027,3047,1147,3157,1224,1747
6308490,460.18,314.775,471.06,322.725,1036,3055,1148,3146,1225,1741
6308492,459.54,314.775,471.06,324.15,1029,3054,1148,3162,1217,1749
6308494,459.14,315.15,471.3,323.025,1025,3059,1151,3150,1220,1747
6308496,459.38,315.15,471.62,322.575,1028,3059,1154,3145,1215,1746
6308498,459.7,314.55,471.38,324.075,1031,3052,1151,3161,1222,1749
6308500,460.58,315.225,471.14,323.175,1040,3060,1150,3152,1224,1748
6308502,458.74,315.525,471.54,323.625,1021,3063,1154,3156,1219,1746
6308504,459.62,315.525,471.54,323.175,1030,3063,1154,3151,1224,1750
6308506,459.14,316.125,471.86,323.55,1026,3070,1157,3156,1221,1750
6308508,458.98,315.6,471.86,324,1024,3064,1158,3161,1219,1746
6308510,459.7,315.225,471.22,324.075,1032,3060,1150,3162,1222,1751
6308512,459.3,314.55,472.02,323.925,1028,3053,1159,3161,1224,1749
6308514,460.02,315.975,472.1,324.525,1036,3068,1160,3167,1222,1750
6308516,460.66,315.075,471.22,324.9,1043,3059,1151,3171,1223,1749
6308518,460.42,315.45,472.18,324.15,1040,3063,1161,3163,1224,1754
6308520,459.86,315.45,471.94,324.525,1034,3063,1159,3168,1217,1750
6308522,460.34,314.775,471.94,324.525,1040,3056,1159,3167,1220,1754
6308524,459.94,315.75,472.26,324.075,1035,3067,1163,3163,1223,1754
6308526,459.46,315.675,472.9,325.2,1030,3066,1169,3176,1218,1755
6308528,460.18,314.85,472.18,324.75,1038,3057,1162,3171,1223,1754
6308530,459.3,315.825,471.86,324,1028,3067,1159,3162,1223,1757
6308532,459.62,315.825,472.18,324.45,1032,3068,1162,3167,1221,1751
6308534,460.1,316.5,472.42,324.6,1037,3075,1165,3169,1226,1760
6308536,459.54,316.425,472.34,324.675,1032,3074,1164,3170,1221,1753
6308538,459.94,313.275,472.02,324.525,1037,3040,1161,3168,1227,1754
6308540,460.42,315.075,472.5,323.55,1042,3059,1167,3157,1225,1754
6308542,459.54,314.925,472.58,323.925,1033,3057,1167,3161,1225,1755
6308544,459.54,314.175,472.34,323.925,1034,3049,1166,3161,1225,1759
6308546,460.1,314.475,472.26,323.25,1040,3053,1165,3154,1224,1753
6308548,459.7,315.225,472.02,323.1,1035,3061,1163,3152,1223,1754
6308550,459.54,312.675,472.58,323.175,1035,3033,1169,3153,1222,1760
6308552,459.38,314.1,472.42,323.175,1033,3048,1168,3153,1222,1757
6308554,460.58,313.65,472.1,323.1,1046,3044,1164,3152,1221,1752
6308556,460.42,312.75,472.5,323.55,1045,3034,1169,3156,1227,1756
6308558,460.02,313.725,472.1,322.575,1040,3044,1165,3146,1220,1755
6308560,459.94,314.25,472.26,322.725,1040,3050,1168,3147,1222,1758
6308562,459.7,313.65,472.1,322.05,1037,3042,1165,3140,1228,1757
6308564,460.26,312.75,472.66,322.425,1044,3033,1172,3144,1223,1754
6308566,459.7,314.325,472.66,322.65,1038,3050,1172,3146,1222,1758
6308568,459.54,312.6,472.18,323.1,1038,3030,1168,3151,1226,1758
6308570,460.34,313.05,472.1,322.425,1047,3036,1167,3143,1223,1756
6308572,459.94,314.175,472.74,322.65,1042,3048,1175,3145,1225,1760
6308574,459.86,312.6,472.5,322.8,1042,3030,1173,3147,1224,1761
6308576,460.02,312.45,472.9,322.5,1045,3028,1178,3143,1226,1755
6308578,460.1,313.2,472.1,322.125,1045,3036,1169,3138,1226,1756
6308580,459.54,313.575,472.58,322.8,1040,3040,1174,3146,1223,1760
6308582,459.86,314.55,472.42,322.875,1043,3050,1172,3147,1227,1761
6308584,459.38,313.2,472.82,321.6,1039,3035,1178,3133,1225,1755
6308586,460.1,312.9,472.42,322.35,1046,3032,1173,3141,1223,1760
6308588,459.7,314.1,472.34,322.575,1042,3045,1173,3143,1223,1763
6308590,460.34,312.75,472.34,321.975,1050,3031,1174,3137,1229,1757
6308592,459.86,312.75,472.58,322.8,1046,3031,1176,3146,1224,1758
6308594,459.54,313.125,472.58,322.95,1041,3035,1176,3147,1228,1761
6308596,459.62,314.55,472.74,322.875,1043,3050,1178,3147,1228,1758
6308598,460.02,313.2,472.26,322.5,1047,3035,1173,3142,1225,1762
6308600,459.62,312.525,472.26,322.425,1043,3027,1173,3141,1227,1762
6308602,459.94,313.95,472.34,322.275,1046,3044,1174,3140,1227,1758
6308604,460.18,313.875,472.5,323.1,1049,3043,1176,3149,1230,1761
6308606,459.86,314.85,472.18,323.25,1046,3054,1173,3151,1228,1765
6308608,459.94,314.1,472.1,322.95,1047,3045,1172,3147,1230,1763
6308610,460.18,314.775,472.5,322.875,1049,3053,1176,3146,1227,1760
6308612,459.14,313.575,472.26,323.55,1039,3040,1174,3154,1227,1764
6308614,459.62,314.4,472.18,323.625,1044,3049,1173,3155,1229,1763
6308616,458.98,314.025,472.5,322.8,1037,3045,1177,3146,1226,1762
6308618,459.94,313.5,472.26,323.475,1047,3040,1174,3154,1226,1764
6308620,459.94,314.775,471.94,323.475,1047,3054,1171,3154,1229,1765
6308622,459.38,315.6,472.34,322.875,1041,3063,1175,3147,1231,1761
6308624,459.94,315.075,472.1,323.25,1047,3057,1173,3152,1229,1765
6308626,459.54,315.075,471.86,322.8,1043,3057,1170,3146,1229,1767
6308628,459.46,315.525,472.5,323.925,1042,3062,1177,3159,1227,1761
6308630,459.78,314.175,471.94,323.025,1046,3048,1171,3149,1231,1766
6308632,459.78,314.025,472.58,323.025,1046,3046,1178,3149,1227,1761
6308634,458.74,312.75,471.86,323.25,1035,3031,1170,3151,1224,1766
6308636,460.18,314.25,472.58,322.725,1050,3048,1179,3146,1234,1765
6308638,459.54,313.575,472.1,323.1,1043,3040,1173,3150,1230,1761
6308640,459.3,313.875,472.18,323.025,1041,3044,1174,3149,1231,1765
6308642,459.78,315.525,472.34,323.025,1045,3062,1176,3149,1226,1761
6308644,460.18,314.55,472.26,322.8,1050,3051,1175,3146,1230,1762
6308646,459.3,314.325,471.78,322.575,1041,3049,1170,3143,1232,1767
6308648,459.14,313.875,471.86,321.675,1040,3043,1171,3133,1234,1764
6308650,459.46,314.85,471.78,321.525,1043,3054,1171,3132,1230,1765
6308652,459.38,313.35,471.54,321.45,1043,3038,1168,3131,1228,1768
6308654,459.54,312.975,472.1,321.15,1044,3034,1174,3128,1231,1766
6308656,459.14,312.975,471.46,320.325,1040,3033,1168,3118,1228,1763
6308658,459.54,312,471.78,322.125,1045,3023,1171,3138,1235,1767
6308660,458.98,313.5,471.62,320.85,1039,3039,1170,3124,1232,1765
6308662,458.66,313.575,472.02,321,1035,3039,1173,3126,1230,1766
6308664,458.98,313.2,471.7,321.675,1038,3035,1170,3132,1233,1767
6308666,458.9,313.125,471.78,322.425,1038,3034,1171,3141,1230,1765
6308668,459.06,312.9,471.46,320.85,1040,3031,1168,3124,1230,1765
6308670,459.14,311.475,471.7,321.675,1041,3016,1170,3132,1234,1767
6308672,459.62,312.9,471.54,321.3,1045,3031,1169,3128,1232,1767
6308674,459.06,313.275,471.78,321.75,1039,3036,1171,3133,1229,1770
6308676,458.66,312.375,471.7,321.675,1035,3026,1170,3133,1235,1768
6308678,458.66,312.675,471.54,322.425,1035,3029,1168,3141,1233,1770
6308680,458.42,314.475,471.54,322.125,1032,3049,1167,3138,1238,1769
6308682,459.3,314.85,471.7,322.275,1041,3053,1169,3139,1238,1767
6308684,458.18,312.15,471.62,322.2,1030,3024,1168,3138,1235,1772
6308686,458.82,313.875,471.62,322.425,1036,3042,1168,3141,1237,1770
6308688,458.18,315.75,472.18,322.425,1028,3063,1174,3142,1236,1772
6308690,457.78,315.3,471.86,322.725,1025,3058,1171,3145,1238,1770
6308692,458.74,316.5,471.7,323.325,1034,3072,1168,3151,1235,1770
6308694,459.46,317.25,472.18,323.25,1041,3080,1173,3151,1230,1767
6308696,457.94,315.525,472.02,323.775,1025,3062,1171,3157,1233,1770
6308698,458.9,315.525,472.02,324,1035,3062,1171,3160,1238,1771
6308700,458.42,317.7,472.66,323.175,1029,3086,1177,3151,1238,1767
6308702,458.18,316.2,472.26,324.225,1027,3069,1173,3163,1240,1771
6308704,458.34,316.5,472.02,323.85,1028,3073,1169,3159,1239,1772
6308706,458.1,317.175,472.26,324.075,1025,3081,1172,3161,1238,1772
6308708,458.18,315.9,472.34,324.15,1025,3067,1172,3163,1233,1770
6308710,458.18,315.525,472.26,324.225,1026,3062,1171,3164,1239,1772
6308712,458.58,316.725,472.42,324.525,1029,3076,1172,3167,1238,1771
6308714,458.02,316.725,472.66,323.775,1023,3076,1175,3159,1241,1771
6308716,458.18,316.725,472.34,324.225,1024,3077,1171,3164,1238,1772
6308718,457.7,317.55,472.1,323.4,1019,3085,1169,3155,1241,1768
6308720,457.3,315.675,472.34,323.775,1015,3065,1171,3159,1241,1772
6308722,458.34,317.55,472.18,324.225,1025,3086,1169,3164,1237,1772
6308724,457.86,318.3,472.02,323.925,1019,3094,1167,3161,1235,1774
6308726,457.7,317.325,472.1,323.775,1018,3083,1168,3159,1239,1774
6308728,457.22,315.225,471.78,323.25,1013,3060,1164,3153,1240,1772
6308730,457.54,316.2,471.86,323.325,1017,3071,1165,3155,1243,1774
6308732,457.3,316.275,471.7,323.55,1013,3071,1163,3157,1242,1772
6308734,458.02,316.05,472.1,323.175,1021,3069,1167,3152,1241,1770
6308736,456.9,315.3,471.78,323.625,1008,3060,1163,3156,1242,1772
6308738,457.62,316.425,471.78,323.1,1015,3072,1163,3151,1240,1771
6308740,456.66,316.35,471.7,322.425,1005,3071,1162,3142,1240,1773
6308742,456.82,315,471.78,322.5,1007,3055,1162,3143,1241,1776
6308744,456.74,314.175,471.38,323.55,1006,3046,1157,3154,1240,1772
6308746,456.9,315.675,471.7,322.5,1007,3062,1161,3142,1242,1773
6308748,456.9,315.15,471.46,322.95,1007,3055,1157,3146,1243,1775
6308750,456.42,314.775,471.7,323.175,1001,3051,1160,3149,1245,1776
6308752,456.82,315.075,471.54,323.325,1004,3053,1158,3149,1241,1773
6308754,456.74,315,471.62,323.175,1004,3052,1158,3148,1246,1775
6308756,456.02,314.85,471.46,323.7,995,3049,1155,3152,1246,1774
6308758,456.26,315.675,471.78,322.8,998,3059,1160,3142,1243,1774
6308760,456.66,314.475,471.62,323.85,1002,3044,1157,3153,1245,1772
6308762,457.54,314.4,471.46,323.4,1011,3044,1155,3148,1245,1775
6308764,456.9,315.6,472.02,323.25,1003,3056,1160,3145,1243,1776
6308766,456.1,314.175,471.86,324.15,995,3040,1158,3155,1246,1775
6308768,456.82,315.75,471.22,324.375,1001,3056,1150,3156,1242,1773
6308770,456.9,316.65,471.38,323.85,1002,3066,1152,3150,1244,1772
6308772,456.18,315.15,471.94,324.075,994,3048,1157,3152,1245,1772
6308774,456.26,316.275,471.38,324.75,994,3060,1151,3159,1250,1772
6308776,456.18,315.15,471.62,324.75,993,3047,1152,3158,1245,1773
6308778,455.94,313.875,471.46,325.2,991,3033,1151,3163,1244,1773
6308780,455.94,315.3,471.46,325.95,989,3047,1150,3170,1247,1773
6308782,456.66,316.35,471.3,325.575,997,3059,1148,3166,1246,1770
6308784,456.58,317.775,471.14,325.8,995,3075,1146,3168,1244,1772
6308786,456.66,316.275,471.46,326.325,996,3058,1149,3174,1248,1774
6308788,456.34,314.775,470.98,326.25,992,3040,1143,3172,1248,1771
6308790,456.34,316.95,471.14,326.1,992,3064,1145,3171,1247,1769
6308792,456.9,315.15,471.14,326.55,997,3044,1144,3175,1246,1773
6308794,455.7,315.6,471.38,326.475,985,3049,1147,3174,1246,1775
6308796,456.5,317.475,471.7,326.55,992,3070,1150,3175,1246,1772
6308798,456.34,315.75,471.38,326.85,991,3050,1146,3178,1247,1770
6308800,456.5,317.025,471.54,326.775,991,3064,1147,3177,1248,1771
6308802,455.78,316.5,471.22,326.4,984,3058,1144,3173,1244,1772
6308804,456.26,315.45,471.14,327.075,989,3047,1142,3180,1245,1770
6308806,456.58,316.35,471.22,327.075,992,3057,1143,3180,1247,1771
6308808,457.06,318.45,471.78,326.1,996,3080,1149,3169,1246,1772
6308810,457.14,315.9,471.38,327.15,998,3052,1144,3181,1244,1769
6308812,456.58,317.325,471.54,327.15,990,3067,1146,3181,1246,1769
6308814,456.58,318.525,471.94,327.075,990,3080,1150,3181,1242,1768
6308816,457.06,316.725,471.46,326.925,996,3061,1144,3178,1247,1769
6308818,456.5,315.9,472.1,326.1,990,3051,1151,3169,1244,1769
6308820,456.18,316.35,471.78,326.1,986,3056,1148,3169,1242,1772
6308822,456.82,316.5,471.86,326.4,993,3059,1149,3173,1248,1769
6308824,457.06,316.125,472.18,326.4,995,3055,1152,3173,1243,1768
6308826,457.22,317.475,472.5,326.925,997,3069,1154,3179,1244,1767
6308828,456.9,317.25,472.1,327.3,993,3067,1151,3183,1246,1770
6308830,456.74,318.375,472.26,326.625,991,3080,1152,3175,1243,1765
6308832,457.22,316.425,472.02,327.45,998,3058,1149,3185,1247,1767
6308834,457.38,317.7,472.18,327.3,999,3072,1152,3183,1245,1767
6308836,457.46,317.325,472.42,327.525,1000,3068,1155,3186,1246,1764
6308838,457.38,316.875,472.58,327.75,1000,3063,1157,3188,1247,1765
6308840,457.22,316.875,473.38,327.3,999,3063,1165,3184,1249,1763
6308842,458.1,316.65,473.62,327.375,1008,3061,1168,3185,1246,1761
6308844,458.5,317.475,472.98,326.925,1012,3071,1162,3180,1244,1765
6308846,457.86,317.325,472.9,326.85,1005,3068,1161,3180,1242,1764
6308848,456.82,318.375,472.9,327.3,995,3080,1161,3185,1249,1764
6308850,457.78,317.175,473.22,327.525,1005,3068,1165,3187,1244,1761
6308852,457.38,317.1,472.98,327.45,1002,3067,1164,3187,1242,1761
6308854,457.22,319.05,473.22,327.3,1000,3089,1166,3185,1243,1762
6308856,457.22,316.575,473.22,327.9,1001,3062,1166,3193,1246,1762
6308858,457.62,316.575,473.62,327.15,1005,3062,1171,3184,1245,1764
6308860,458.34,318.225,473.46,327.75,1014,3081,1170,3192,1243,1758
6308862,458.98,316.275,473.62,328.35,1020,3059,1171,3199,1247,1759
6308864,457.3,317.1,473.3,328.425,1004,3069,1169,3200,1247,1758
6308866,457.54,318,473.62,328.05,1006,3079,1173,3196,1247,1763
6308868,457.06,317.775,473.46,328.275,1002,3077,1171,3198,1243,1761
6308870,458.58,317.7,473.3,328.425,1018,3077,1170,3200,1247,1758
6308872,458.02,317.85,473.94,327.825,1014,3079,1178,3195,1242,1761
6308874,457.54,317.775,473.54,328.275,1008,3078,1174,3200,1242,1759
6308876,458.58,316.275,474.02,328.65,1021,3063,1179,3205,1243,1762
6308878,457.46,316.875,473.62,328.35,1009,3069,1175,3202,1248,1759
6308880,456.82,317.475,473.46,327.9,1003,3077,1175,3197,1243,1760
6308882,457.7,317.775,473.54,328.5,1012,3080,1176,3204,1246,1760
6308884,458.1,319.275,473.46,328.35,1016,3098,1175,3203,1238,1758
6308886,457.94,318.15,473.62,328.125,1014,3085,1177,3201,1245,1758
6308888,457.7,316.2,473.46,327.9,1014,3064,1176,3199,1242,1759
6308890,458.1,317.625,473.62,327.75,1017,3080,1178,3197,1244,1759
6308892,457.94,318.075,473.62,328.2,1016,3086,1178,3203,1241,1759
6308894,457.7,316.05,473.62,328.2,1014,3064,1178,3204,1246,1761
6308896,458.26,318.15,473.46,327.975,1020,3087,1177,3201,1242,1756
6308898,458.26,317.625,473.86,327.75,1020,3081,1182,3199,1247,1759
6308900,457.38,316.35,473.3,328.2,1012,3068,1176,3205,1243,1757
6308902,458.1,316.8,473.86,327.675,1019,3073,1182,3199,1242,1757
6308904,457.22,318,473.86,327.225,1010,3087,1182,3195,1242,1758
6308906,456.74,317.025,473.46,327.75,1005,3076,1178,3200,1241,1756
6308908,457.06,317.175,473.7,326.775,1009,3079,1181,3191,1243,1753
6308910,457.46,318.225,473.62,326.925,1013,3090,1181,3192,1241,1756
6308912,457.78,316.875,473.78,327.375,1017,3076,1182,3197,1239,1755
6308914,456.82,316.95,473.62,327.15,1007,3076,1181,3195,1243,1755
6308916,457.46,318.15,473.46,327.375,1013,3090,1179,3198,1242,1755
6308918,457.78,318.225,473.06,327.6,1017,3091,1175,3200,1242,1752
6308920,457.7,316.275,473.3,327.15,1017,3070,1177,3196,1242,1754
6308922,456.5,317.775,473.14,327.375,1003,3086,1176,3198,1239,1753
6308924,457.3,317.475,473.06,327.075,1012,3083,1175,3195,1239,1752
6308926,457.14,317.7,473.14,327.225,1011,3085,1177,3196,1241,1749
6308928,456.82,317.175,473.06,327.225,1008,3080,1176,3197,1244,1750
6308930,456.5,316.8,472.74,327.525,1005,3075,1172,3199,1241,1752
6308932,456.42,317.1,472.74,327.45,1004,3078,1173,3199,1241,1751
6308934,457.38,318.675,472.58,327.525,1013,3096,1170,3199,1239,1749
6308936,456.66,317.4,472.5,327.675,1006,3082,1170,3201,1236,1751
6308938,456.58,317.85,472.34,326.85,1005,3087,1168,3192,1240,1745
6308940,456.02,316.875,472.1,327.075,1000,3076,1166,3195,1246,1746
6308942,456.42,316.5,472.74,327.15,1004,3072,1172,3195,1241,1749
6308944,456.1,316.8,472.02,326.55,1000,3075,1165,3188,1238,1743
6308946,455.62,316.275,471.86,327,996,3069,1164,3193,1240,1749
6308948,456.26,315.75,471.78,326.625,1002,3063,1162,3189,1239,1744
6308950,455.86,315,471.38,327,998,3055,1158,3193,1246,1742
6308952,456.42,314.7,472.02,326.175,1004,3051,1164,3183,1244,1742
6308954,455.78,316.275,471.22,325.875,997,3069,1157,3180,1239,1740
6308956,455.7,316.65,470.66,326.475,996,3073,1150,3186,1237,1740
6308958,455.86,315.375,471.06,325.875,998,3059,1155,3180,1239,1739
6308960,455.94,316.125,470.74,325.575,998,3066,1151,3176,1242,1739
6308962,454.82,316.2,470.98,325.8,986,3067,1153,3178,1241,1738
6308964,455.94,315.45,470.98,326.1,998,3059,1153,3182,1244,1737
6308966,455.86,316.125,470.9,325.875,996,3066,1153,3179,1240,1738
6308968,455.62,315.825,470.74,325.05,994,3062,1150,3169,1236,1737
6308970,455.62,314.475,471.3,325.95,994,3048,1156,3180,1243,1737
6308972,455.22,315.9,470.5,326.025,989,3063,1147,3180,1240,1737
6308974,455.14,316.425,470.66,325.5,988,3069,1148,3174,1237,1734
6308976,455.62,316.275,471.14,325.5,992,3067,1153,3174,1241,1734
6308978,456.34,315,470.98,325.8,1000,3054,1151,3178,1243,1735
6308980,456.34,316.35,470.9,325.95,999,3068,1149,3179,1240,1736
6308982,456.34,316.5,470.98,325.875,999,3070,1150,3178,1242,1732
6308984,455.78,315.825,471.22,326.025,993,3062,1151,3180,1244,1736
6308986,456.18,316.575,470.98,325.95,996,3071,1149,3180,1237,1734
6308988,456.74,317.85,471.22,326.025,1001,3085,1152,3180,1240,1730
6308990,455.7,315.9,471.46,326.4,991,3063,1153,3184,1241,1733
6308992,456.98,316.125,471.38,325.575,1004,3067,1152,3176,1235,1737
6308994,455.94,318,471.22,326.25,993,3086,1151,3183,1241,1733
6308996,457.22,317.625,471.14,325.35,1005,3084,1150,3173,1237,1730
6308998,457.22,317.625,471.06,325.5,1005,3083,1149,3175,1237,1732
6309000,456.98,317.85,471.22,326.7,1002,3086,1149,3189,1235,1730
6309002,456.42,317.325,471.38,326.4,997,3080,1152,3185,1237,1734
6309004,456.66,318,471.22,326.475,998,3088,1149,3187,1232,1730
6309006,457.38,318.675,471.38,326.55,1006,3096,1151,3188,1235,1729
6309008,456.74,318.9,471.22,326.55,999,3099,1149,3189,1234,1729
6309010,457.62,317.775,471.22,326.25,1008,3087,1149,3185,1237,1730
6309012,456.82,318.6,471.38,326.625,999,3097,1150,3190,1237,1725
6309014,457.3,319.425,471.38,326.85,1004,3105,1150,3192,1233,1726
6309016,457.06,318.6,471.3,326.4,1002,3097,1149,3188,1230,1729
6309018,458.02,318.675,471.38,326.025,1011,3098,1150,3184,1237,1728
6309020,457.06,317.7,471.94,326.775,1002,3088,1156,3193,1236,1724
6309022,456.5,317.325,471.06,325.875,996,3083,1147,3183,1237,1728
6309024,456.98,317.625,471.62,325.8,1001,3087,1153,3183,1237,1725
6309026,456.82,317.325,470.98,325.5,1000,3084,1146,3179,1234,1723
6309028,456.66,316.875,471.14,326.025,998,3079,1148,3185,1236,1723
6309030,456.58,316.275,471.3,325.8,998,3073,1150,3182,1233,1723
6309032,456.98,317.775,471.3,325.5,1002,3090,1151,3180,1234,1724
6309034,457.22,317.55,471.3,325.425,1004,3087,1150,3179,1235,1722
6309036,456.42,316.65,471.46,325.2,996,3077,1152,3177,1234,1722
6309038,457.62,316.425,470.66,325.5,1009,3075,1144,3179,1231,1722
6309040,457.22,317.1,470.74,324.3,1005,3082,1145,3167,1230,1717
6309042,456.98,316.275,470.82,325.2,1002,3073,1146,3177,1231,1716
6309044,457.14,316.725,470.58,324,1004,3079,1144,3163,1233,1713
6309046,456.98,316.35,470.66,324.525,1003,3074,1145,3169,1232,1716
6309048,457.62,316.8,470.5,325.35,1010,3079,1142,3179,1230,1723
6309050,457.46,316.2,469.86,323.625,1008,3073,1136,3159,1231,1713
6309052,457.22,316.5,469.94,324.975,1006,3076,1137,3174,1233,1715
6309054,457.38,315.825,470.5,325.725,1007,3069,1142,3182,1229,1717
6309056,457.38,317.025,470.18,324.9,1007,3082,1140,3173,1231,1713
6309058,457.06,317.925,470.26,325.575,1003,3092,1140,3181,1232,1713
6309060,457.22,317.475,470.9,325.275,1006,3087,1147,3178,1231,1718
6309062,457.3,316.95,469.78,324.9,1006,3081,1136,3173,1231,1710
6309064,457.3,317.625,470.18,325.275,1006,3089,1140,3178,1232,1714
6309066,456.18,315.9,470.26,326.175,995,3069,1140,3187,1234,1714
6309068,457.06,317.325,470.18,325.8,1004,3086,1139,3184,1232,1713
6309070,457.38,318.15,470.02,325.95,1007,3095,1138,3185,1233,1713
6309072,457.86,318,470.26,325.2,1012,3093,1141,3177,1228,1710
6309074,457.62,316.5,471.06,326.775,1010,3076,1148,3195,1230,1714
6309076,457.3,318.6,470.66,324.9,1006,3100,1145,3174,1229,1713
6309078,457.14,317.1,470.42,325.575,1004,3083,1142,3181,1229,1711
6309080,457.7,318.15,470.82,325.05,1010,3095,1146,3176,1229,1710
6309082,458.34,318.15,470.9,325.8,1016,3095,1146,3184,1227,1715
6309084,458.26,317.55,470.58,326.775,1016,3089,1143,3195,1229,1713
6309086,458.58,319.05,471.06,326.85,1019,3105,1148,3196,1230,1712
6309088,458.26,317.625,470.82,325.875,1016,3090,1146,3185,1230,1711
6309090,458.26,317.55,471.14,324.825,1015,3089,1149,3174,1227,1705
6309092,458.66,318.45,470.82,324.75,1019,3099,1146,3172,1229,1709
6309094,458.34,315.6,470.98,323.925,1018,3068,1148,3164,1226,1709
6309096,459.22,317.25,470.82,323.55,1026,3086,1146,3159,1222,1703
6309098,458.82,315.9,470.82,324,1022,3071,1146,3164,1221,1705
6309100,458.42,316.05,470.58,323.925,1018,3073,1143,3164,1225,1706
6309102,458.34,317.1,470.66,323.175,1017,3084,1145,3155,1222,1703
6309104,458.5,315.15,470.9,323.175,1019,3063,1147,3155,1224,1707
6309106,459.54,315.45,470.9,322.95,1030,3066,1147,3153,1227,1704
6309108,458.98,315.825,470.58,323.7,1024,3070,1144,3161,1220,1702
6309110,458.9,315.6,470.74,323.175,1023,3068,1146,3155,1222,1703
6309112,459.86,316.125,470.42,323.1,1033,3073,1142,3154,1222,1701
6309114,460.18,316.275,470.5,323.625,1036,3075,1142,3160,1223,1704
6309116,459.22,315.675,470.1,323.25,1026,3068,1138,3155,1221,1706
6309118,459.54,316.65,470.18,322.425,1030,3079,1139,3147,1221,1700
6309120,459.22,314.7,470.18,323.175,1026,3057,1139,3154,1221,1701
6309122,459.7,315.75,470.26,322.875,1031,3069,1140,3151,1223,1702
6309124,459.78,314.85,469.78,323.85,1033,3058,1135,3161,1216,1700
6309126,459.3,315.225,470.34,323.4,1027,3062,1141,3156,1222,1702
6309128,459.86,314.775,470.02,323.55,1033,3057,1137,3157,1222,1700
6309130,459.86,315.075,469.78,323.775,1033,3060,1135,3160,1217,1701
6309132,459.46,315.75,470.02,323.325,1028,3067,1138,3154,1224,1704
6309134,460.26,316.275,469.7,323.175,1036,3073,1134,3152,1221,1702
6309136,458.98,316.2,470.02,323.775,1023,3071,1137,3158,1219,1700
6309138,459.46,315.225,470.1,324.15,1029,3060,1138,3162,1221,1703
6309140,459.86,315.375,469.62,323.7,1033,3062,1133,3157,1221,1700
6309142,459.14,315.675,469.86,323.625,1025,3065,1135,3156,1220,1699
6309144,458.58,316.125,469.94,324.15,1019,3069,1136,3161,1216,1702
6309146,459.54,314.775,469.06,323.55,1030,3054,1127,3154,1214,1703
6309148,459.54,315.825,469.94,323.325,1029,3065,1136,3152,1220,1702
6309150,459.94,315.6,469.54,323.25,1034,3063,1132,3151,1216,1702
6309152,459.62,314.925,469.78,323.775,1031,3055,1135,3157,1220,1699
6309154,458.74,314.625,469.46,323.775,1021,3052,1131,3156,1216,1701
6309156,460.02,315,470.26,323.1,1035,3056,1140,3149,1217,1702
6309158,460.18,316.425,469.06,323.1,1036,3071,1127,3148,1219,1703
6309160,459.54,315.225,469.7,323.25,1029,3057,1133,3150,1218,1703
6309162,460.02,314.475,469.94,323.175,1035,3049,1136,3149,1222,1704
6309164,459.62,313.95,469.78,323.475,1031,3043,1134,3152,1218,1697
6309166,459.94,313.725,469.38,323.1,1033,3041,1130,3148,1213,1703
6309168,459.54,315.15,469.62,323.4,1029,3056,1133,3151,1212,1702
6309170,459.22,312.675,469.86,322.875,1026,3029,1135,3145,1215,1702
6309172,459.86,314.1,469.46,323.025,1033,3045,1131,3146,1217,1703
6309174,459.54,313.875,469.38,323.175,1029,3042,1130,3148,1216,1703
6309176,459.46,312.3,469.3,322.8,1029,3025,1130,3144,1216,1703
6309178,459.78,311.625,469.3,322.8,1033,3018,1129,3144,1220,1703
6309180,460.18,314.475,469.3,323.25,1036,3049,1129,3148,1213,1701
6309182,460.66,315.825,469.14,323.25,1040,3064,1127,3149,1221,1703
6309184,460.5,313.95,469.06,323.4,1039,3043,1127,3150,1223,1703
6309186,460.58,315.525,469.14,323.775,1039,3060,1127,3154,1216,1702
6309188,460.34,314.55,469.3,323.1,1037,3050,1129,3147,1220,1704
6309190,460.5,312.525,469.62,323.325,1040,3028,1132,3150,1223,1702
6309192,459.94,316.575,469.3,323.925,1032,3072,1129,3156,1213,1702
6309194,460.26,314.625,469.22,323.925,1036,3050,1128,3156,1216,1701
6309196,460.02,313.875,469.3,323.475,1034,3042,1128,3151,1222,1702
6309198,460.1,314.1,469.14,324.075,1035,3045,1126,3158,1215,1699
6309200,460.66,313.875,468.82,323.85,1040,3043,1123,3155,1217,1701
6309202,460.26,314.025,469.3,323.475,1037,3044,1128,3151,1217,1702
6309204,460.1,314.475,469.22,323.775,1034,3049,1127,3155,1216,1702
6309206,459.7,313.95,468.98,323.475,1031,3043,1125,3151,1220,1704
6309208,460.18,314.475,469.22,323.85,1036,3050,1127,3156,1217,1699
6309210,461.22,314.7,469.7,323.325,1046,3052,1132,3150,1219,1702
6309212,461.06,312.75,468.98,323.925,1045,3031,1125,3157,1216,1700
6309214,460.5,313.65,469.38,323.325,1038,3041,1129,3150,1218,1704
6309216,460.34,314.025,469.22,323.7,1037,3045,1127,3155,1214,1701
6309218,460.5,313.5,469.14,323.625,1038,3039,1127,3154,1216,1703
6309220,460.66,314.025,469.54,323.475,1040,3045,1130,3153,1215,1701
6309222,460.66,313.125,469.38,323.7,1040,3036,1129,3155,1217,1702
6309224,461.3,313.95,469.22,323.25,1046,3045,1127,3150,1215,1704
6309226,461.3,314.1,469.22,323.55,1046,3047,1127,3154,1219,1699
6309228,461.14,315.3,468.82,323.7,1045,3060,1123,3155,1215,1701
6309230,460.82,314.475,469.46,323.175,1041,3051,1129,3150,1217,1701
6309232,460.9,313.875,469.3,323.4,1043,3044,1128,3152,1218,1702
6309234,460.42,314.55,468.9,323.625,1037,3052,1124,3154,1216,1699
6309236,460.74,315.375,468.98,323.25,1040,3061,1125,3151,1212,1702
6309238,461.22,314.4,468.98,323.625,1046,3051,1125,3155,1216,1704
6309240,459.94,313.875,468.98,323.7,1033,3044,1125,3156,1211,1702
6309242,460.98,315.225,468.98,323.7,1043,3059,1125,3156,1215,1702
6309244,460.9,315.9,469.06,323.4,1042,3067,1126,3153,1214,1703
6309246,460.98,313.95,468.26,324.15,1043,3045,1117,3160,1219,1703
6309248,461.46,314.7,468.98,323.85,1049,3054,1124,3157,1214,1705
6309250,461.3,315.3,468.98,323.625,1047,3060,1125,3154,1215,1704
6309252,460.82,314.625,468.58,324.225,1042,3053,1120,3161,1216,1702
6309254,460.66,315.825,468.5,323.775,1040,3065,1120,3156,1216,1701
6309256,460.58,315.225,468.66,323.775,1039,3059,1121,3157,1214,1702
6309258,461.06,313.5,468.1,323.85,1044,3040,1116,3157,1215,1701
6309260,460.34,314.7,468.66,323.925,1037,3054,1121,3158,1214,1702
6309262,460.9,314.625,468.1,323.85,1043,3053,1116,3157,1216,1703
6309264,460.9,312.975,467.78,324.225,1043,3035,1112,3161,1222,1706
6309266,460.98,314.625,467.7,323.625,1044,3053,1111,3154,1217,1702
6309268,461.78,314.625,467.94,323.775,1052,3053,1115,3156,1216,1702
6309270,461.14,314.325,467.7,323.1,1046,3049,1112,3148,1212,1699
6309272,460.58,312.375,468.02,323.4,1041,3028,1116,3152,1217,1701
6309274,461.14,313.725,468.02,323.325,1046,3043,1115,3151,1212,1703
6309276,460.82,312.3,467.54,323.325,1044,3026,1110,3150,1214,1700
6309278,460.58,311.775,467.54,323.55,1041,3021,1110,3153,1219,1698
6309280,460.98,312.225,467.7,323.1,1045,3025,1112,3148,1216,1702
6309282,461.7,313.725,467.78,322.8,1052,3043,1113,3145,1220,1702
6309284,461.22,313.275,467.62,323.175,1047,3037,1111,3148,1222,1702
6309286,460.98,313.95,467.62,323.325,1044,3045,1111,3150,1220,1704
6309288,460.66,312.225,467.62,322.875,1041,3026,1111,3145,1216,1701
6309290,460.98,313.2,467.46,323.85,1044,3036,1109,3156,1223,1701
6309292,461.14,313.575,467.38,323.55,1045,3040,1108,3153,1221,1701
6309294,461.06,312.525,467.54,323.475,1045,3029,1110,3152,1217,1700
6309296,460.58,311.625,467.7,324.3,1040,3018,1111,3161,1216,1705
6309298,461.3,312.375,467.7,323.775,1048,3027,1111,3155,1221,1703
6309300,460.9,313.275,467.54,323.775,1042,3036,1109,3155,1213,1699
6309302,460.9,312.975,467.78,323.55,1043,3034,1112,3153,1214,1701
6309304,461.78,314.175,467.78,323.85,1052,3047,1112,3155,1219,1706
6309306,460.66,314.25,467.86,324,1039,3047,1112,3158,1216,1699
6309308,460.42,313.575,467.7,323.325,1038,3039,1111,3150,1216,1702
6309310,461.54,313.875,467.46,324.15,1049,3044,1108,3159,1219,1702
6309312,461.46,313.125,467.78,323.55,1049,3035,1112,3152,1216,1701
6309314,461.14,313.35,467.7,324.075,1045,3038,1111,3158,1218,1704
6309316,461.86,313.8,468.1,324.15,1053,3043,1115,3159,1221,1706
6309318,460.9,313.65,467.7,324.15,1042,3041,1111,3158,1219,1704
6309320,461.3,312.9,467.46,323.625,1047,3032,1108,3153,1215,1703
6309322,461.38,312.6,467.62,324.375,1047,3029,1110,3161,1219,1703
6309324,461.7,313.05,467.78,324.375,1051,3034,1111,3161,1220,1705
6309326,461.86,313.275,468.02,323.775,1052,3037,1114,3155,1219,1705
6309328,462.18,314.025,467.54,323.925,1055,3045,1109,3156,1216,1703
6309330,461.86,312.525,467.7,324.15,1053,3029,1111,3159,1223,1704
6309332,461.94,312.9,467.86,324.45,1054,3032,1112,3162,1218,1704
6309334,461.62,312.975,467.54,324,1050,3034,1109,3157,1214,1701
6309336,462.1,313.2,467.46,324.075,1055,3036,1108,3158,1222,1700
6309338,462.1,314.025,467.3,323.775,1055,3045,1106,3154,1215,1703
6309340,462.1,312.825,467.78,323.775,1056,3031,1112,3155,1215,1700
6309342,462.1,312.45,467.62,323.7,1056,3027,1110,3154,1220,1702
6309344,462.18,313.575,467.54,323.925,1056,3040,1109,3156,1219,1701
6309346,462.34,313.5,467.3,323.4,1058,3039,1107,3150,1215,1702
6309348,462.26,311.85,467.38,323.625,1057,3021,1108,3153,1222,1701
6309350,462.5,312.45,467.78,323.7,1060,3028,1112,3154,1216,1703
6309352,463.14,314.025,467.7,324.45,1066,3045,1111,3162,1221,1705
6309354,462.34,312.6,467.62,324.6,1058,3029,1109,3164,1220,1704
6309356,461.94,313.2,467.38,323.775,1053,3036,1108,3154,1219,1705
6309358,462.5,313.5,467.06,323.625,1059,3039,1104,3153,1217,1700
6309360,461.94,312.825,466.98,324.3,1053,3032,1103,3160,1216,1705
6309362,462.42,313.5,467.3,324.225,1059,3040,1107,3159,1212,1704
6309364,462.98,313.575,467.94,323.775,1065,3040,1113,3155,1219,1702
6309366,462.26,312.75,467.94,323.925,1057,3031,1113,3156,1217,1704
6309368,461.54,312.375,467.3,324.15,1050,3027,1106,3158,1219,1701
6309370,462.42,312.9,467.62,324,1059,3033,1110,3157,1219,1706
6309372,461.94,313.95,467.38,324.675,1054,3044,1108,3164,1216,1706
6309374,462.42,312.975,467.3,324.675,1059,3034,1107,3164,1223,1706
6309376,462.26,313.8,467.3,324.675,1057,3043,1107,3165,1214,1705
6309378,462.18,313.65,467.06,325.125,1056,3041,1104,3169,1217,1706
6309380,462.1,314.025,467.46,324.45,1055,3046,1109,3163,1221,1706
6309382,462.82,314.55,467.7,324.45,1063,3052,1111,3163,1222,1707
6309384,462.98,315.6,467.38,325.2,1065,3063,1107,3171,1220,1706
6309386,462.9,313.05,466.98,325.275,1064,3036,1103,3172,1227,1703
6309388,463.06,314.55,467.78,324.525,1066,3052,1112,3164,1220,1707
6309390,462.74,313.65,467.7,325.35,1063,3043,1111,3173,1220,1707
6309392,462.5,314.1,467.46,324.975,1061,3047,1110,3169,1222,1707
6309394,463.46,314.025,467.94,324.45,1070,3047,1115,3163,1221,1706
6309396,462.9,314.55,467.38,325.05,1065,3052,1109,3170,1217,1705
6309398,462.9,312.6,467.22,323.925,1066,3031,1107,3157,1222,1704
6309400,463.38,313.5,467.3,324.375,1070,3042,1109,3163,1218,1706
6309402,463.78,313.575,467.14,324.525,1074,3042,1106,3164,1219,1704
6309404,464.02,312.45,467.06,324.6,1078,3030,1106,3165,1217,1707
6309406,463.7,314.025,467.22,324.825,1074,3047,1108,3168,1221,1707
6309408,462.9,312.975,467.06,324.525,1066,3036,1106,3164,1221,1705
6309410,463.7,312.075,467.46,324.525,1075,3026,1110,3164,1219,1706
6309412,463.7,313.125,467.38,324.45,1075,3038,1110,3164,1218,1706
6309414,463.62,311.85,467.14,323.925,1074,3024,1107,3158,1218,1702
6309416,463.22,313.125,467.46,324.6,1071,3038,1111,3166,1213,1704
6309418,462.98,314.025,467.22,324.675,1068,3048,1108,3167,1213,1706
6309420,463.94,313.425,466.82,324.525,1078,3041,1105,3165,1213,1702
6309422,463.78,312.6,467.22,324.15,1077,3032,1109,3160,1215,1709
6309424,463.46,312.375,466.74,324.15,1074,3029,1105,3160,1214,1703
6309426,463.86,312.075,466.66,324.825,1079,3026,1104,3167,1217,1703
6309428,463.46,314.025,466.66,324.825,1074,3047,1104,3167,1216,1704
6309430,463.22,312.525,466.98,324.375,1072,3030,1108,3162,1217,1703
6309432,463.62,311.925,466.98,324.825,1077,3024,1108,3166,1221,1705
6309434,464.1,312.825,467.3,324.6,1081,3034,1111,3164,1216,1702
6309436,463.38,311.25,467.06,324.15,1075,3016,1110,3159,1220,1704
6309438,463.38,311.85,466.82,324.45,1075,3022,1106,3162,1213,1705
6309440,464.02,312.3,466.66,324.375,1082,3027,1105,3161,1220,1702
6309442,463.78,312.45,466.82,324.45,1079,3028,1107,3162,1218,1704
6309444,463.94,312.45,466.9,324.525,1081,3028,1108,3163,1220,1706
6309446,463.62,312.675,466.9,324.075,1078,3031,1109,3157,1211,1704
6309448,463.86,311.7,467.06,324,1081,3020,1111,3157,1213,1703
6309450,463.94,312.45,466.98,324.6,1082,3028,1110,3163,1217,1705
6309452,463.78,312.75,466.5,324,1081,3031,1105,3156,1215,1706
6309454,463.3,310.95,466.9,324.075,1076,3011,1109,3157,1215,1704
6309456,464.34,312.225,466.98,324.825,1087,3025,1110,3165,1221,1708
6309458,464.18,312.15,466.74,324.825,1085,3025,1108,3165,1217,1705
6309460,464.5,313.35,466.82,324.45,1089,3037,1109,3160,1215,1704
6309462,464.1,311.25,465.94,324.75,1085,3014,1100,3164,1217,1701
6309464,463.7,312.675,466.34,325.35,1081,3029,1104,3170,1219,1705
6309466,464.26,313.875,466.42,324.525,1086,3043,1105,3161,1214,1703
6309468,463.3,312.45,466.82,324.525,1077,3027,1110,3161,1219,1704
6309470,464.18,312.3,466.02,324.9,1086,3026,1101,3165,1217,1703
6309472,463.54,312.975,466.18,324.825,1079,3033,1103,3165,1220,1705
6309474,463.46,311.85,466.26,324.675,1079,3021,1104,3163,1212,1702
6309476,463.78,313.275,466.1,325.35,1082,3036,1103,3170,1216,1706
6309478,463.54,312.15,466.58,325.275,1080,3024,1108,3170,1216,1706
6309480,463.94,314.175,466.02,325.275,1083,3046,1102,3169,1217,1706
6309482,464.34,313.125,466.1,325.65,1088,3035,1103,3173,1218,1707
6309484,464.02,314.85,465.62,325.125,1085,3054,1098,3168,1214,1703
6309486,464.02,314.7,465.94,326.25,1085,3052,1102,3180,1214,1707
6309488,464.5,312.525,466.02,325.425,1091,3029,1103,3171,1222,1708
6309490,463.86,314.1,465.78,325.275,1083,3045,1100,3169,1215,1702
6309492,463.46,313.575,465.46,326.1,1080,3040,1096,3178,1215,1703
6309494,463.94,312.45,466.02,325.5,1085,3027,1102,3172,1215,1705
6309496,463.7,312.15,465.38,325.95,1083,3024,1095,3177,1217,1703
6309498,463.78,312.225,466.02,324.675,1083,3025,1103,3163,1211,1702
6309500,463.94,312.975,466.18,324.75,1085,3034,1105,3164,1215,1704
6309502,463.94,312.3,465.7,325.125,1085,3026,1099,3168,1216,1705
6309504,464.26,314.1,465.22,324.375,1087,3046,1095,3159,1213,1701
6309506,463.7,313.425,465.54,324.9,1082,3038,1097,3165,1212,1702
6309508,463.94,312.825,465.7,324.525,1085,3031,1100,3162,1216,1702
6309510,464.26,311.7,465.54,324.675,1088,3019,1097,3163,1214,1700
6309512,464.02,311.475,465.78,324.375,1086,3016,1100,3159,1212,1701
6309514,463.86,310.575,465.62,324,1084,3006,1099,3156,1212,1699
6309516,464.5,310.125,466.02,324.15,1091,3002,1102,3157,1210,1703
6309518,463.78,312.6,465.46,323.925,1083,3029,1097,3155,1210,1703
6309520,463.94,310.8,465.78,324,1085,3009,1100,3155,1212,1699
6309522,464.66,310.5,465.7,324,1093,3006,1099,3155,1214,1701
6309524,463.54,310.275,465.46,323.85,1081,3003,1097,3153,1213,1700
6309526,463.78,310.35,466.02,323.925,1084,3004,1102,3154,1213,1698
6309528,464.1,311.175,465.7,324,1086,3013,1099,3155,1216,1699
6309530,464.26,311.7,465.94,324,1088,3019,1101,3155,1212,1700
6309532,464.5,311.1,465.62,324,1090,3013,1099,3155,1205,1699
6309534,464.02,310.5,465.62,324.15,1086,3006,1098,3157,1212,1697
6309536,463.94,311.925,465.62,324.45,1085,3021,1098,3160,1203,1701
6309538,463.78,311.175,465.54,324.675,1083,3013,1097,3162,1213,1700
6309540,464.58,310.5,465.86,324.825,1092,3006,1101,3164,1212,1700
6309542,464.02,311.7,465.62,324.45,1086,3019,1098,3160,1207,1701
6309544,463.86,310.8,465.54,325.125,1084,3009,1097,3167,1204,1700
6309546,463.78,312.3,465.78,325.575,1083,3025,1100,3172,1211,1700
6309548,463.46,311.925,465.54,326.325,1080,3021,1097,3180,1208,1702
6309550,462.82,312.15,465.54,325.5,1073,3023,1098,3171,1209,1696
6309552,464.5,312.975,465.7,325.575,1090,3033,1099,3172,1208,1704
6309554,463.94,313.575,465.86,325.725,1085,3039,1101,3174,1207,1703
6309556,464.1,312.675,465.62,325.95,1087,3030,1098,3177,1205,1701
6309558,463.7,312.525,465.46,326.625,1082,3028,1096,3184,1208,1704
6309560,463.86,314.025,465.86,326.475,1084,3045,1101,3183,1203,1699
6309562,463.94,313.8,465.94,326.325,1085,3042,1102,3181,1212,1699
6309564,463.46,314.7,465.22,326.775,1080,3052,1094,3186,1206,1700
6309566,464.18,314.175,465.7,326.85,1087,3047,1100,3187,1211,1704
6309568,464.5,315.975,465.3,326.325,1090,3067,1095,3181,1208,1701
6309570,463.94,314.775,465.62,327.75,1085,3054,1098,3197,1209,1704
6309572,464.58,313.425,465.54,327.45,1092,3039,1098,3195,1205,1701
6309574,464.5,315.75,466.02,326.325,1090,3065,1103,3182,1206,1702
6309576,464.42,315.9,465.62,326.475,1089,3067,1098,3184,1201,1698
6309578,464.5,314.1,465.3,326.7,1090,3047,1095,3187,1204,1698
6309580,463.7,315.3,465.14,326.25,1081,3060,1093,3181,1205,1699
6309582,463.94,314.775,465.22,327,1084,3054,1094,3190,1203,1698
6309584,463.94,313.2,465.62,327.225,1085,3038,1098,3192,1206,1700
6309586,464.18,314.325,465.3,325.875,1087,3050,1095,3178,1202,1698
6309588,463.94,313.275,464.9,326.4,1084,3038,1090,3183,1200,1694
6309590,463.78,313.5,465.3,327.375,1082,3041,1094,3194,1207,1699
6309592,463.38,313.8,465.06,326.475,1077,3044,1091,3184,1203,1699
6309594,463.7,313.65,464.82,326.55,1081,3043,1089,3185,1201,1692
6309596,463.46,312.975,464.66,326.175,1078,3035,1087,3181,1198,1696
6309598,463.06,312.6,464.82,325.725,1074,3031,1088,3176,1202,1692
6309600,462.9,315.15,464.82,326.4,1071,3058,1087,3184,1195,1692
6309602,463.54,313.35,464.66,326.775,1078,3039,1086,3187,1200,1693
6309604,463.86,311.925,464.5,326.025,1082,3023,1083,3178,1197,1691
6309606,463.54,312.975,464.66,326.325,1078,3034,1086,3182,1203,1691
6309608,462.82,312.45,464.66,327,1070,3028,1085,3189,1201,1693
6309610,463.06,313.725,464.34,326.175,1072,3042,1082,3180,1201,1692
6309612,463.06,313.05,464.66,326.325,1072,3034,1085,3181,1199,1690
6309614,463.06,312.375,464.66,326.175,1072,3027,1084,3180,1195,1692
6309616,463.46,312.15,464.5,327.225,1076,3024,1082,3190,1193,1690
6309618,462.98,311.775,464.9,327.3,1071,3020,1086,3192,1198,1691
6309620,463.3,312.45,464.58,326.475,1074,3027,1083,3182,1195,1691
6309622,462.5,312.3,464.98,326.325,1065,3025,1088,3180,1191,1690
6309624,462.58,312.975,464.9,327.525,1066,3032,1086,3193,1189,1691
6309626,463.06,312,464.74,326.775,1072,3021,1084,3184,1194,1690
6309628,462.98,312.45,464.66,327.075,1070,3025,1083,3187,1194,1689
6309630,463.62,311.7,464.66,327.075,1078,3017,1083,3187,1195,1689
6309632,464.26,312.975,464.66,327.375,1083,3031,1083,3190,1190,1690
6309634,463.14,313.575,464.66,327.15,1071,3037,1083,3187,1195,1689
6309636,463.86,312.075,464.9,327.525,1080,3020,1086,3191,1191,1688
6309638,464.34,314.175,464.74,327.45,1084,3044,1084,3190,1193,1688
6309640,464.5,313.8,464.9,327.075,1086,3039,1085,3185,1187,1688
6309642,464.18,311.4,465.06,327.15,1083,3012,1087,3187,1191,1686
6309644,464.18,316.35,465.06,327.225,1082,3066,1087,3187,1185,1687
6309646,463.94,313.65,464.9,327.375,1080,3036,1086,3188,1188,1687
6309648,464.66,311.25,465.06,327.75,1088,3010,1087,3192,1190,1689
6309650,465.06,313.95,465.22,327.45,1092,3040,1089,3189,1187,1688
6309652,465.06,312.6,465.38,327.6,1093,3025,1091,3190,1191,1684
6309654,464.66,315.225,465.7,327.9,1088,3053,1095,3194,1181,1682
6309656,464.5,315.375,465.22,327.75,1086,3055,1089,3191,1183,1687
6309658,464.82,315.45,465.3,327.225,1089,3055,1091,3186,1185,1686
6309660,465.38,313.425,465.22,327.225,1096,3033,1090,3186,1186,1684
6309662,464.74,313.65,465.54,327.975,1090,3036,1094,3194,1184,1684
6309664,465.46,314.775,465.86,328.125,1097,3047,1097,3195,1185,1683
6309666,464.74,314.775,465.86,327.375,1089,3048,1097,3187,1189,1683
6309668,465.22,313.575,465.94,328.425,1095,3034,1098,3198,1188,1682
6309670,465.3,314.55,465.7,328.275,1095,3045,1095,3197,1185,1681
6309672,464.1,315.45,465.86,327.6,1083,3055,1097,3189,1178,1681
6309674,465.62,314.85,466.02,327.675,1100,3049,1099,3190,1182,1681
6309676,464.98,315.825,465.62,327.975,1092,3059,1095,3193,1181,1682
6309678,465.22,314.85,465.54,328.05,1096,3048,1094,3194,1186,1682
6309680,465.22,314.775,466.02,328.275,1096,3047,1100,3197,1181,1680
6309682,465.78,315.9,466.18,328.95,1101,3060,1101,3204,1187,1681
6309684,465.14,315.825,465.54,328.35,1095,3059,1095,3197,1183,1681
6309686,465.38,315.375,465.62,327.975,1098,3054,1097,3194,1181,1681
6309688,466.18,316.35,465.7,328.05,1107,3066,1098,3195,1187,1680
6309690,466.02,315.45,465.78,328.125,1105,3055,1099,3195,1187,1680
6309692,465.22,316.65,465.94,328.65,1098,3069,1101,3202,1178,1680
6309694,465.06,314.85,465.78,328.65,1096,3049,1100,3201,1183,1682
6309696,465.3,315.375,465.14,327.75,1100,3055,1094,3192,1184,1681
6309698,464.42,315.75,465.22,327.9,1090,3059,1095,3193,1179,1681
6309700,464.9,315.15,464.5,328.05,1096,3053,1087,3195,1177,1681
6309702,463.78,313.875,464.26,326.775,1085,3039,1086,3181,1174,1683
6309704,464.02,315.45,463.78,327.375,1087,3056,1081,3188,1174,1679
6309706,464.42,312.375,463.3,327,1092,3022,1076,3184,1180,1681
6309708,464.5,313.725,463.54,326.175,1093,3038,1079,3175,1172,1679
6309710,464.5,312.825,463.94,326.25,1094,3028,1083,3176,1180,1681
6309712,463.94,311.925,463.22,326.625,1088,3019,1076,3180,1175,1677
6309714,464.1,311.475,463.62,326.175,1090,3013,1080,3175,1174,1682
6309716,464.18,311.7,463.46,326.1,1091,3016,1079,3175,1176,1679
6309718,464.18,312.525,463.06,326.4,1091,3026,1075,3178,1174,1679
6309720,464.42,312.225,463.38,325.8,1094,3022,1078,3172,1175,1677
6309722,464.58,313.275,463.78,326.175,1095,3035,1083,3176,1175,1681
6309724,464.82,312.45,463.38,326.325,1098,3026,1079,3178,1178,1681
6309726,464.42,313.575,463.06,326.55,1094,3038,1075,3180,1172,1677
6309728,464.58,313.725,463.3,326.7,1096,3040,1078,3182,1174,1678
6309730,464.34,313.575,462.58,326.7,1094,3038,1071,3182,1176,1677
6309732,463.86,312.675,462.98,327.225,1089,3029,1075,3188,1175,1678
6309734,464.58,314.7,463.3,326.175,1096,3051,1079,3177,1171,1677
6309736,464.18,312.375,462.9,326.4,1093,3025,1075,3179,1176,1677
6309738,463.62,313.35,463.14,326.475,1087,3036,1078,3181,1176,1676
6309740,464.74,313.125,463.06,326.775,1099,3034,1077,3184,1175,1678
6309742,464.18,312.45,463.06,326.1,1093,3026,1077,3177,1174,1678
6309744,463.94,312.675,463.22,325.95,1091,3029,1079,3175,1171,1673
6309746,464.98,313.5,462.9,325.95,1102,3038,1076,3175,1175,1679
6309748,464.1,311.025,462.82,326.325,1093,3011,1075,3180,1176,1673
6309750,463.78,312.975,463.06,327,1089,3032,1077,3187,1173,1673
6309752,464.02,312.825,463.3,326.175,1092,3031,1080,3178,1173,1675
6309754,463.86,312.525,462.66,326.475,1091,3028,1073,3181,1172,1674
6309756,464.34,313.8,462.82,326.7,1095,3042,1075,3183,1171,1676
6309758,464.1,312.975,462.82,326.4,1093,3033,1076,3180,1168,1673
6309760,464.02,312.375,462.58,325.95,1092,3026,1073,3175,1175,1678
6309762,463.46,312.3,462.5,326.325,1086,3025,1072,3179,1173,1675
6309764,463.7,311.85,463.3,326.325,1089,3021,1080,3180,1174,1667
6309766,463.94,312.525,463.14,325.875,1092,3028,1079,3175,1171,1673
6309768,463.46,313.425,462.98,326.325,1088,3038,1078,3180,1174,1672
6309770,463.78,313.35,463.14,326.325,1091,3037,1080,3180,1166,1670
6309772,463.46,312.45,463.14,326.325,1088,3027,1080,3180,1175,1673
6309774,463.54,313.95,462.34,326.25,1088,3044,1072,3179,1169,1670
6309776,463.78,313.575,462.82,326.85,1091,3040,1076,3185,1169,1667
6309778,463.7,313.35,462.74,326.1,1090,3037,1076,3177,1168,1669
6309780,463.14,312.45,462.58,326.625,1084,3027,1074,3183,1168,1668
6309782,464.18,314.1,462.98,326.4,1095,3045,1078,3180,1169,1668
6309784,463.3,313.5,463.22,326.1,1086,3039,1080,3178,1169,1671
6309786,463.46,312.9,462.58,326.925,1087,3032,1074,3186,1171,1666
6309788,463.94,314.325,462.58,326.475,1092,3048,1074,3181,1170,1666
6309790,463.22,312.075,462.1,326.925,1085,3023,1069,3186,1166,1670
6309792,464.42,313.65,462.74,326.625,1097,3040,1075,3183,1164,1666
6309794,463.54,312.525,462.58,326.325,1088,3028,1073,3180,1168,1665
6309796,463.38,313.2,462.5,325.875,1086,3035,1073,3175,1167,1663
6309798,463.54,312.15,462.58,326.25,1088,3023,1073,3179,1168,1660
6309800,463.38,314.025,462.66,325.95,1086,3044,1075,3176,1164,1662
6309802,463.46,311.1,462.82,326.025,1088,3012,1076,3177,1167,1661
6309804,463.7,313.575,462.34,325.5,1090,3039,1071,3170,1165,1663
6309806,463.3,312.9,462.82,326.025,1086,3032,1076,3176,1165,1659
6309808,463.46,313.05,462.1,325.725,1087,3034,1068,3173,1160,1661
6309810,463.46,311.475,462.42,326.325,1087,3016,1072,3180,1168,1661
6309812,463.22,313.8,462.9,325.425,1085,3042,1077,3170,1166,1660
6309814,462.82,312.825,462.5,325.725,1080,3031,1073,3173,1160,1660
6309816,463.14,312.075,462.58,325.875,1084,3022,1073,3174,1165,1657
6309818,463.06,311.625,462.58,325.725,1083,3017,1074,3173,1161,1658
6309820,463.62,311.325,462.42,325.725,1089,3013,1072,3172,1162,1659
6309822,463.54,311.55,462.58,325.575,1089,3016,1073,3171,1163,1656
6309824,463.7,311.25,462.5,325.05,1090,3013,1073,3165,1165,1653
6309826,463.3,311.55,462.74,324.975,1086,3016,1076,3164,1164,1651
6309828,463.46,311.4,462.98,324.825,1087,3014,1078,3162,1162,1653
6309830,463.86,311.475,462.98,325.65,1092,3015,1078,3171,1162,1652
6309832,463.46,311.625,462.74,325.35,1087,3016,1076,3168,1160,1649
6309834,464.18,310.575,462.9,325.125,1095,3005,1078,3165,1161,1649
6309836,463.94,311.85,462.66,325.575,1093,3019,1075,3170,1156,1649
6309838,463.06,311.85,462.9,325.35,1084,3018,1077,3167,1162,1646
6309840,463.78,311.625,463.38,325.425,1092,3016,1083,3168,1158,1649
6309842,463.46,312.225,463.22,325.425,1088,3023,1081,3167,1161,1648
6309844,463.38,310.95,463.22,325.65,1087,3008,1081,3170,1159,1646
6309846,463.46,310.35,462.58,325.425,1088,3001,1075,3167,1161,1645
6309848,463.7,312.675,462.9,325.2,1091,3027,1078,3165,1156,1643
6309850,463.94,311.625,462.66,325.2,1094,3016,1076,3165,1156,1642
6309852,463.46,312.6,463.14,325.575,1088,3026,1081,3169,1155,1646
6309854,463.94,311.1,463.22,325.125,1094,3010,1082,3165,1158,1643
6309856,464.1,312.3,462.98,326.025,1096,3023,1079,3174,1160,1643
6309858,464.02,312.3,463.22,325.125,1094,3023,1081,3165,1159,1642
6309860,463.78,313.8,463.3,325.65,1091,3040,1083,3170,1155,1641
6309862,464.34,311.7,463.7,325.65,1098,3017,1087,3171,1156,1640
6309864,464.26,312,463.3,325.35,1097,3020,1083,3168,1155,1641
6309866,464.18,313.35,462.9,325.65,1096,3035,1079,3171,1152,1640
6309868,464.26,313.2,463.54,325.65,1097,3034,1085,3171,1154,1639
6309870,463.38,310.725,463.38,325.575,1089,3006,1084,3170,1158,1637
6309872,463.62,311.475,463.46,325.8,1090,3015,1084,3173,1155,1634
6309874,464.9,313.275,463.14,325.95,1104,3035,1081,3175,1154,1636
6309876,463.62,312.45,463.14,325.575,1091,3026,1081,3171,1151,1636
6309878,464.66,311.25,462.74,325.425,1101,3013,1077,3169,1153,1634
6309880,464.26,312.9,463.22,325.725,1097,3032,1082,3172,1152,1631
6309882,464.5,313.275,463.14,325.65,1099,3035,1081,3172,1151,1634
6309884,463.3,312.6,463.22,326.4,1087,3028,1081,3180,1150,1633
6309886,463.7,313.275,463.22,325.95,1091,3036,1082,3175,1155,1632
6309888,464.18,313.425,463.14,326.325,1096,3038,1081,3180,1151,1629
6309890,463.54,313.65,463.14,325.35,1089,3041,1081,3169,1151,1627
6309892,464.5,312.3,462.82,325.425,1099,3026,1077,3170,1150,1624
6309894,464.1,312.975,463.06,325.8,1094,3033,1079,3174,1153,1626
6309896,464.1,312.45,462.9,325.95,1094,3028,1078,3177,1147,1628
6309898,463.38,312.75,462.74,325.35,1087,3031,1076,3170,1152,1623
6309900,464.18,312,463.62,325.05,1095,3024,1086,3167,1150,1623
6309902,463.86,311.475,463.78,325.275,1092,3017,1087,3169,1149,1625
6309904,463.62,312.75,462.5,325.05,1089,3031,1073,3167,1147,1622
6309906,463.7,312.675,463.06,325.35,1090,3031,1079,3170,1147,1620
6309908,464.1,311.775,462.9,324.975,1094,3021,1077,3166,1151,1618
6309910,463.62,312.45,462.9,325.8,1088,3028,1077,3176,1148,1620
6309912,463.38,311.475,462.74,325.2,1086,3017,1075,3169,1152,1617
6309914,463.86,312.75,463.22,325.5,1091,3031,1080,3172,1143,1614
6309916,464.02,312.225,462.98,324.9,1092,3026,1077,3165,1144,1614
6309918,463.7,312.075,462.5,325.725,1090,3024,1073,3174,1143,1616
6309920,463.7,312.15,463.22,325.125,1089,3025,1080,3168,1147,1613
6309922,464.1,311.325,462.66,325.05,1094,3016,1075,3167,1145,1610
6309924,463.94,312,463.22,325.575,1092,3023,1080,3173,1143,1610
6309926,464.34,311.325,462.82,324.75,1096,3016,1076,3163,1143,1608
6309928,464.5,312.075,463.46,324.675,1097,3024,1082,3163,1144,1606
6309930,463.94,311.475,463.46,324.45,1092,3017,1083,3160,1138,1606
6309932,463.38,311.325,463.22,324.75,1086,3015,1080,3163,1145,1606
6309934,464.42,311.625,463.22,324.6,1096,3019,1080,3162,1145,1605
6309936,463.78,311.325,463.54,324.3,1090,3015,1083,3158,1139,1605
6309938,463.7,311.7,464.1,324.825,1089,3019,1089,3164,1141,1599
6309940,463.94,312.375,464.26,324.225,1091,3026,1091,3157,1143,1601
6309942,464.02,311.475,464.66,325.05,1093,3017,1095,3167,1140,1596
6309944,464.58,311.775,464.34,324.975,1099,3020,1092,3165,1142,1598
6309946,464.18,312.525,464.34,325.8,1094,3028,1091,3175,1138,1593
6309948,465.54,312.45,464.9,324.9,1108,3027,1098,3165,1137,1593
6309950,464.66,312.375,464.66,325.05,1099,3027,1096,3166,1137,1595
6309952,464.18,312.375,464.58,325.725,1094,3026,1094,3173,1140,1588
6309954,464.66,312.3,464.74,325.95,1099,3025,1096,3176,1141,1591
6309956,464.66,311.025,465.3,325.275,1100,3011,1102,3168,1132,1591
6309958,464.26,312.525,465.46,324.525,1095,3027,1104,3160,1138,1591
6309960,464.42,312.225,465.46,325.2,1097,3024,1104,3168,1139,1586
6309962,464.98,310.725,466.02,324.375,1104,3008,1110,3159,1130,1587
6309964,465.86,311.925,465.94,325.2,1112,3021,1109,3168,1132,1585
6309966,464.74,312.45,465.94,324.15,1100,3027,1109,3156,1135,1585
6309968,465.86,310.875,466.1,324.525,1112,3010,1110,3160,1128,1584
6309970,464.42,311.325,466.02,323.925,1097,3014,1111,3153,1131,1585
6309972,466.34,313.575,465.46,323.925,1117,3039,1104,3153,1128,1579
6309974,465.3,311.025,465.78,324,1107,3011,1107,3154,1124,1578
6309976,466.18,310.35,465.46,323.55,1116,3003,1105,3148,1127,1576
6309978,466.02,312.975,465.14,324.675,1114,3032,1101,3161,1127,1574
6309980,467.38,312,464.42,324.375,1129,3022,1094,3157,1124,1572
6309982,467.86,310.65,464.5,324.6,1134,3008,1095,3160,1117,1570
6309984,468.1,311.775,463.94,324.675,1137,3020,1089,3160,1121,1569
6309986,468.26,311.55,463.54,324.15,1139,3017,1085,3154,1118,1564
6309988,469.7,311.325,463.62,324.45,1154,3015,1086,3158,1117,1563
6309990,469.62,311.85,463.78,323.775,1153,3021,1088,3150,1116,1564
6309992,470.5,311.1,463.54,324,1163,3013,1085,3152,1115,1558
6309994,471.22,311.7,463.38,323.25,1170,3020,1084,3145,1112,1555
6309996,471.22,312.45,462.74,322.725,1170,3028,1077,3139,1114,1549
6309998,473.14,311.625,462.26,323.7,1190,3020,1072,3149,1109,1550
6310000,474.5,311.775,461.46,322.425,1204,3022,1063,3135,1100,1545
6310002,475.62,311.4,459.78,321.375,1216,3018,1046,3123,1101,1537
6310004,477.3,312.15,458.9,321.6,1234,3026,1037,3124,1103,1537
6310006,479.94,310.8,458.02,320.625,1262,3012,1028,3113,1102,1536
6310008,482.66,309.3,456.58,320.025,1292,2997,1014,3106,1096,1534
6310010,483.94,308.4,455.86,321.225,1306,2987,1006,3119,1092,1525
6310012,488.66,310.5,455.22,321.525,1355,3012,999,3122,1082,1513
6310014,489.7,317.625,455.62,322.725,1364,3091,1003,3136,1046,1496
6310016,490.34,330.9,455.94,342.825,1367,3238,1000,3358,999,1405
6310018,492.74,349.425,449.94,362.175,1387,3444,929,3571,934,1326
6310020,492.58,379.725,444.9,392.85,1378,3783,865,3914,842,1193
6310022,494.26,402.075,439.54,421.35,1389,4036,798,4234,758,1047
6310024,495.22,436.425,434.9,455.7,1390,4427,735,4625,650,894
6310026,499.06,457.65,431.46,491.7,1425,4673,684,5041,567,735
6310028,500.82,486.975,423.7,526.2,1436,5013,586,5440,472,579
6310030,505.46,514.425,412.26,556.725,1480,5336,449,5796,369,436
6310032,514.82,541.275,NaN,NaN,1575,5656,NaN,NaN,283,0
6310034,NaN,NaN,NaN,NaN,NaN,NaN,NaN,NaN,0,0
6310036,NaN,NaN,NaN,NaN,NaN,NaN,NaN,NaN,0,0
6310038,NaN,NaN,NaN,NaN,NaN,NaN,NaN,NaN,0,0
6310040,NaN,NaN,NaN,NaN,NaN,NaN,NaN,NaN,0,0
6310042,NaN,NaN,NaN,NaN,NaN,NaN,NaN,NaN,0,0
6310044,NaN,NaN,NaN,NaN,NaN,NaN,NaN,NaN,0,0
6310046,NaN,NaN,NaN,NaN,NaN,NaN,NaN,NaN,0,0
6310048,NaN,NaN,NaN,NaN,NaN,NaN,NaN,NaN,0,0
6310050,NaN,NaN,NaN,NaN,NaN,NaN,NaN,NaN,0,0
6310052,NaN,NaN,NaN,NaN,NaN,NaN,NaN,NaN,0,0
6310054,NaN,NaN,NaN,NaN,NaN,NaN,NaN,NaN,0,0
6310056,NaN,NaN,NaN,NaN,NaN,NaN,NaN,NaN,0,0
6310058,NaN,NaN,NaN,NaN,NaN,NaN,NaN,NaN,0,0
6310060,NaN,NaN,NaN,NaN,NaN,NaN,NaN,NaN,0,0
6310062,NaN,NaN,NaN,NaN,NaN,NaN,NaN,NaN,0,0
6310064,NaN,NaN,NaN,NaN,NaN,NaN,NaN,NaN,0,0
6310066,NaN,NaN,NaN,NaN,NaN,NaN,NaN,NaN,0,0
6310068,NaN,NaN,NaN,NaN,NaN,NaN,NaN,NaN,0,0
6310070,NaN,NaN,NaN,NaN,NaN,NaN,NaN,NaN,0,0
6310072,NaN,NaN,NaN,NaN,NaN,NaN,NaN,NaN,0,0
6310074,NaN,NaN,NaN,NaN,NaN,NaN,NaN,NaN,0,0
6310076,NaN,NaN,NaN,NaN,NaN,NaN,NaN,NaN,0,0
6310078,NaN,NaN,NaN,NaN,NaN,NaN,NaN,NaN,0,0
6310080,NaN,NaN,NaN,NaN,NaN,NaN,NaN,NaN,0,0
6310082,NaN,NaN,NaN,NaN,NaN,NaN,NaN,NaN,0,0
6310084,NaN,NaN,NaN,NaN,NaN,NaN,NaN,NaN,0,0
6310086,NaN,NaN,NaN,NaN,NaN,NaN,NaN,NaN,0,0
6310088,NaN,NaN,NaN,NaN,NaN,NaN,NaN,NaN,0,0
6310090,NaN,NaN,NaN,NaN,NaN,NaN,NaN,NaN,0,0
6310092,NaN,NaN,NaN,NaN,NaN,NaN,NaN,NaN,0,0
6310094,NaN,NaN,NaN,NaN,NaN,NaN,NaN,NaN,0,0
6310096,NaN,NaN,NaN,NaN,NaN,NaN,NaN,NaN,0,0
6310098,NaN,NaN,NaN,NaN,NaN,NaN,NaN,NaN,0,0
6310100,NaN,NaN,NaN,NaN,NaN,NaN,NaN,NaN,0,0
6310102,NaN,NaN,NaN,NaN,NaN,NaN,NaN,NaN,0,0
6310104,NaN,NaN,NaN,NaN,NaN,NaN,NaN,NaN,0,0
6310106,NaN,NaN,NaN,NaN,NaN,NaN,NaN,NaN,0,0
6310108,NaN,NaN,NaN,NaN,NaN,NaN,NaN,NaN,0,0
6310110,NaN,NaN,NaN,NaN,NaN,NaN,NaN,NaN,0,0
6310112,NaN,NaN,NaN,NaN,NaN,NaN,NaN,NaN,0,0
6310114,NaN,NaN,NaN,NaN,NaN,NaN,NaN,NaN,0,0
6310116,NaN,NaN,NaN,NaN,NaN,NaN,NaN,NaN,0,0
6310118,NaN,NaN,NaN,NaN,NaN,NaN,NaN,NaN,0,0
6310120,NaN,NaN,NaN,NaN,NaN,NaN,NaN,NaN,0,0
6310122,NaN,NaN,NaN,NaN,NaN,NaN,NaN,NaN,0,0
6310124,NaN,NaN,NaN,NaN,NaN,NaN,NaN,NaN,0,0
6310126,NaN,NaN,NaN,NaN,NaN,NaN,NaN,NaN,0,0
6310128,NaN,NaN,NaN,NaN,NaN,NaN,NaN,NaN,0,0
6310130,NaN,NaN,NaN,NaN,NaN,NaN,NaN,NaN,0,0
6310132,NaN,NaN,NaN,NaN,NaN,NaN,NaN,NaN,0,0
6310134,NaN,NaN,NaN,NaN,NaN,NaN,NaN,NaN,0,0
6310136,NaN,NaN,NaN,NaN,NaN,NaN,NaN,NaN,0,0
6310138,NaN,NaN,NaN,NaN,NaN,NaN,NaN,NaN,0,0
6310140,NaN,NaN,NaN,NaN,NaN,NaN,NaN,NaN,0,0
6310142,NaN,NaN,NaN,NaN,NaN,NaN,NaN,NaN,0,0
6310144,460.26,506.775,NaN,NaN,981,5230,NaN,NaN,291,0
6310146,460.26,506.85,NaN,NaN,981,5229,NaN,NaN,291,0
6310148,461.3,489.525,452.5,551.775,998,5028,880,5756,350,362
6310150,462.26,472.125,452.5,551.85,1014,4827,880,5755,410,362
6310152,459.62,456.525,455.38,534,991,4646,918,5546,456,437
6310154,456.98,440.85,458.18,515.925,968,4465,955,5335,503,513
6310156,460.34,427.2,459.3,497.475,1008,4311,974,5119,548,591
6310158,458.9,408.3,461.3,479.85,999,4095,1001,4916,599,663
6310160,454.98,400.05,463.94,463.2,961,4000,1035,4724,637,733
6310162,458.74,386.625,464.9,446.775,1005,3850,1052,4536,686,816
6310164,461.62,371.4,467.78,435.525,1041,3680,1087,4408,735,867
6310166,461.3,362.325,469.14,419.025,1041,3578,1106,4220,774,942
6310168,462.18,350.475,468.9,405.075,1054,3446,1108,4062,804,1004
6310170,462.58,341.1,471.94,389.625,1062,3342,1146,3889,844,1072
6310172,462.02,328.425,473.86,376.95,1060,3201,1170,3747,882,1124
6310174,462.34,322.725,474.5,364.5,1065,3139,1180,3607,901,1181
6310176,465.62,312.45,476.1,352.575,1103,3027,1202,3475,939,1232
6310178,464.34,305.925,477.14,339.525,1091,2955,1216,3330,962,1284
6310180,465.86,299.775,477.86,329.7,1110,2888,1227,3221,987,1324
6310182,464.26,294.075,478.02,321.45,1095,2824,1231,3130,1012,1358
6310184,464.58,289.275,477.62,313.5,1099,2772,1229,3042,1018,1389
6310186,462.9,286.275,477.54,307.575,1082,2739,1230,2977,1032,1414
6310188,463.06,284.325,475.94,300.525,1085,2718,1216,2899,1043,1437
6310190,463.94,283.875,475.78,299.475,1094,2713,1214,2887,1053,1445
6310192,463.7,284.1,474.98,298.95,1092,2715,1206,2881,1056,1447
6310194,462.1,284.1,474.58,298.425,1076,2715,1202,2875,1059,1451
6310196,462.98,284.1,474.34,298.575,1084,2715,1200,2877,1058,1457
6310198,463.22,283.65,474.1,298.275,1087,2710,1197,2873,1059,1456
6310200,461.7,286.275,473.78,299.4,1071,2738,1193,2886,1060,1454
6310202,461.46,285.9,473.7,299.4,1068,2734,1193,2886,1064,1455
6310204,461.86,286.35,473.78,300,1072,2739,1193,2893,1066,1454
6310206,460.42,287.475,472.74,300.225,1056,2750,1182,2895,1060,1456
6310208,461.06,286.575,473.46,300.75,1064,2741,1190,2901,1061,1456
6310210,460.26,288.675,472.9,301.35,1054,2764,1184,2907,1063,1456
6310212,461.06,291.075,472.34,302.1,1062,2790,1177,2915,1065,1456
6310214,460.5,288.975,472.26,302.4,1058,2767,1176,2919,1067,1459
6310216,460.34,290.325,472.34,302.775,1055,2782,1177,2923,1062,1457
6310218,459.7,290.55,471.7,303.375,1048,2785,1170,2929,1063,1458
6310220,459.94,291.375,471.78,304.2,1050,2793,1171,2938,1068,1458
6310222,458.18,292.8,471.38,304.575,1032,2809,1166,2942,1070,1458
6310224,458.74,293.25,471.62,306.825,1037,2814,1168,2967,1069,1465
6310226,458.74,292.95,471.14,307.125,1037,2811,1163,2970,1063,1463
6310228,457.54,294.45,471.14,307.8,1024,2826,1163,2978,1065,1466
6310230,458.26,295.95,471.06,308.325,1031,2843,1161,2983,1064,1468
6310232,458.02,296.175,470.82,308.4,1028,2846,1159,2984,1064,1467
6310234,458.1,294.375,470.5,309.3,1030,2825,1155,2994,1069,1468
6310236,457.62,297.675,470.18,309.45,1023,2862,1152,2996,1061,1467
6310238,457.38,297.9,470.18,309.375,1021,2864,1152,2994,1061,1468
6310240,457.7,296.1,470.18,310.05,1024,2844,1151,3002,1069,1465
6310242,456.9,297.9,469.46,310.275,1016,2864,1143,3004,1066,1467
6310244,457.7,299.625,469.62,311.55,1024,2883,1145,3018,1063,1468
6310246,457.3,298.05,469.94,312,1020,2866,1148,3023,1062,1468
6310248,457.22,297.6,469.14,312.6,1019,2861,1139,3030,1067,1467
6310250,457.62,298.05,469.14,313.275,1023,2866,1139,3038,1063,1463
6310252,457.14,298.35,469.62,313.275,1018,2869,1144,3038,1063,1465
6310254,456.66,297.225,469.3,313.875,1013,2857,1140,3044,1069,1465
6310256,456.26,299.55,468.82,313.575,1007,2883,1136,3041,1062,1465
6310258,456.5,298.8,468.82,314.1,1010,2874,1135,3046,1066,1457
6310260,456.9,300.225,469.46,315.3,1014,2890,1142,3060,1062,1462
6310262,456.58,299.85,468.9,315.45,1011,2886,1135,3062,1065,1458
6310264,456.58,299.7,468.82,316.125,1011,2884,1134,3069,1063,1456
6310266,456.66,300.075,468.66,316.725,1011,2889,1132,3076,1063,1459
6310268,456.42,301.05,468.42,316.575,1008,2900,1129,3075,1067,1458
6310270,456.74,301.725,468.18,317.4,1011,2907,1127,3083,1070,1464
6310272,456.18,301.35,468.26,317.775,1005,2902,1127,3088,1065,1465
6310274,455.94,302.7,467.78,318.3,1002,2917,1122,3093,1066,1462
6310276,456.02,302.025,467.78,318.375,1003,2910,1122,3094,1066,1460
6310278,455.54,301.95,467.86,318.525,998,2909,1122,3095,1072,1463
6310280,455.38,302.775,467.22,318.75,996,2919,1116,3098,1071,1463
6310282,455.3,303.525,467.38,318.3,995,2926,1117,3094,1074,1464
6310284,455.86,302.025,467.06,319.2,1001,2911,1113,3104,1070,1466
6310286,454.58,302.775,467.7,319.425,987,2919,1121,3106,1075,1461
6310288,455.54,304.05,467.38,319.95,996,2933,1116,3112,1075,1462
6310290,455.22,301.725,467.38,319.425,994,2908,1117,3107,1067,1460
6310292,456.66,303.075,467.54,320.325,1008,2923,1118,3116,1067,1458
6310294,455.78,304.275,467.62,320.175,999,2936,1118,3114,1070,1457
6310296,456.18,302.925,467.38,320.325,1003,2921,1116,3117,1070,1459
6310298,456.18,303.45,466.98,320.775,1003,2927,1111,3122,1064,1460
6310300,456.66,304.125,466.82,320.7,1008,2934,1109,3121,1071,1462
6310302,455.3,303.075,466.42,321.3,994,2923,1105,3127,1070,1463
6310304,455.22,304.425,467.06,321.3,992,2937,1111,3127,1077,1462
6310306,455.22,305.475,466.42,320.625,992,2949,1105,3119,1079,1460
6310308,455.78,304.875,466.9,321.075,997,2943,1110,3125,1075,1459
6310310,455.06,305.175,466.82,321.375,990,2946,1109,3128,1078,1460
6310312,456.42,305.25,466.74,321.6,1004,2947,1107,3130,1077,1462
6310314,455.7,304.5,466.74,321.9,997,2938,1108,3134,1068,1461
6310316,455.94,305.925,466.98,321.6,999,2955,1110,3131,1075,1461
6310318,456.42,305.85,466.9,322.35,1003,2954,1109,3139,1073,1460
6310320,456.5,305.55,466.9,323.025,1005,2951,1109,3147,1073,1463
6310322,455.86,307.05,466.58,323.025,997,2967,1105,3146,1074,1461
6310324,456.26,306.225,466.5,322.95,1002,2958,1105,3146,1073,1461
6310326,456.58,306.6,466.1,323.1,1005,2962,1100,3147,1074,1462
6310328,457.06,305.55,466.42,323.025,1011,2952,1103,3147,1075,1462
6310330,457.3,305.925,466.5,322.8,1013,2956,1105,3144,1075,1463
6310332,456.42,305.7,466.02,323.7,1004,2953,1100,3154,1074,1462
6310334,456.98,307.5,466.1,323.7,1009,2972,1100,3155,1077,1462
6310336,457.38,306.75,465.86,324.15,1014,2965,1098,3160,1075,1462
6310338,456.82,306.675,465.94,324.675,1008,2964,1098,3165,1081,1461
6310340,457.78,307.5,466.18,324.45,1019,2973,1101,3163,1076,1462
6310342,457.38,306.375,466.18,324.525,1015,2960,1101,3164,1074,1460
6310344,456.9,306.075,465.86,324.75,1010,2958,1098,3166,1072,1459
6310346,457.06,306.675,466.02,324.225,1011,2965,1100,3161,1076,1461
6310348,456.98,306.75,465.94,324.75,1011,2965,1100,3166,1071,1461
6310350,456.9,306.375,465.94,324.675,1010,2961,1099,3166,1070,1459
6310352,457.7,308.325,465.62,325.275,1018,2983,1096,3173,1073,1460
6310354,458.1,307.5,466.1,324.6,1022,2974,1101,3165,1073,1460
6310356,458.18,307.875,465.7,324.6,1024,2978,1098,3166,1074,1462
6310358,457.86,306.15,466.02,324.975,1021,2959,1101,3170,1072,1461
6310360,457.78,308.25,465.78,325.125,1020,2983,1098,3171,1074,1462
6310362,458.1,307.65,466.1,325.2,1023,2976,1101,3172,1078,1463
6310364,458.42,307.8,465.94,325.35,1026,2978,1099,3174,1077,1462
6310366,458.1,308.55,465.94,324.825,1022,2987,1100,3169,1074,1464
6310368,458.66,308.1,465.54,325.275,1028,2982,1096,3173,1074,1464
6310370,457.7,307.5,465.94,325.425,1019,2975,1100,3175,1078,1461
6310372,457.3,307.95,465.78,324.9,1014,2980,1098,3169,1076,1465
6310374,458.66,308.25,465.86,324.9,1029,2983,1099,3170,1076,1466
6310376,458.34,307.2,465.78,325.125,1026,2972,1099,3171,1072,1461
6310378,458.18,308.1,465.62,324.225,1024,2981,1097,3161,1075,1466
6310380,458.82,307.875,465.22,324.675,1031,2980,1093,3167,1075,1467
6310382,458.18,307.125,465.22,324.675,1025,2971,1093,3167,1074,1467
6310384,457.46,307.875,465.3,324.45,1017,2979,1094,3164,1077,1469
6310386,458.26,307.05,465.3,324,1026,2970,1094,3159,1076,1467
6310388,457.54,306.75,465.22,324.675,1018,2967,1093,3166,1075,1467
6310390,458.5,306.975,465.14,324.75,1028,2970,1093,3167,1073,1470
6310392,458.66,308.25,464.98,324.9,1029,2984,1091,3170,1080,1468
6310394,458.26,310.425,465.38,325.2,1025,3007,1095,3173,1079,1467
6310396,458.42,308.4,465.06,325.35,1028,2985,1092,3175,1078,1468
6310398,458.34,307.725,464.98,325.125,1027,2978,1091,3172,1077,1468
6310400,457.86,308.4,464.82,325.125,1022,2985,1090,3171,1080,1474
6310402,458.1,310.5,464.5,324.825,1024,3008,1086,3168,1085,1474
6310404,458.42,310.35,465.14,325.725,1027,3007,1093,3178,1082,1471
6310406,458.1,309.15,464.58,325.5,1024,2994,1087,3176,1087,1477
6310408,458.34,310.725,465.06,326.025,1026,3011,1092,3182,1083,1472
6310410,458.5,309.975,464.74,326.025,1028,3002,1088,3182,1083,1475
6310412,458.5,310.95,464.26,326.1,1028,3014,1084,3182,1089,1476
6310414,458.5,310.575,464.66,327,1028,3009,1088,3193,1084,1478
6310416,458.1,310.425,464.1,326.925,1024,3007,1082,3192,1084,1474
6310418,458.42,312.15,464.74,327.9,1027,3027,1088,3202,1089,1481
6310420,458.02,313.125,464.34,327.675,1023,3037,1084,3200,1094,1477
6310422,458.34,311.25,464.9,327.15,1027,3017,1091,3194,1086,1479
6310424,458.02,311.175,464.5,327.15,1023,3017,1086,3195,1086,1482
6310426,459.46,310.95,464.26,327.375,1038,3014,1083,3197,1085,1483
6310428,458.1,309.75,464.74,327.9,1024,3001,1089,3203,1085,1479
6310430,458.58,311.625,464.58,327.375,1029,3022,1087,3198,1092,1484
6310432,457.94,313.425,464.5,327.675,1021,3042,1085,3201,1097,1486
6310434,458.02,311.325,464.66,327.75,1023,3019,1088,3202,1090,1484
6310436,458.66,311.925,464.66,327.75,1028,3026,1087,3203,1097,1484
6310438,458.82,312.825,464.34,327.825,1030,3036,1084,3203,1098,1484
6310440,458.82,312.15,464.82,327.45,1030,3029,1088,3199,1097,1483
6310442,458.9,312.675,464.26,327.525,1031,3035,1083,3200,1088,1487
6310444,459.38,311.625,464.5,327.3,1035,3023,1084,3198,1092,1488
6310446,458.66,311.925,464.5,327.525,1028,3027,1085,3201,1095,1488
6310448,457.7,311.775,464.82,327.45,1018,3024,1087,3199,1094,1488
6310450,459.3,313.05,464.34,326.625,1034,3039,1082,3191,1097,1491
6310452,459.06,312.225,464.42,326.7,1031,3030,1083,3191,1096,1490
6310454,458.5,312.225,464.66,327.375,1025,3029,1086,3199,1097,1490
6310456,458.42,313.2,464.42,327.15,1024,3040,1082,3196,1096,1487
6310458,457.38,312.225,464.66,327.375,1013,3029,1085,3199,1098,1488
6310460,457.7,313.05,464.34,327.075,1016,3038,1081,3195,1103,1490
6310462,457.86,312.375,464.18,327.075,1017,3030,1080,3195,1100,1493
6310464,458.66,313.425,464.26,326.775,1025,3042,1080,3191,1099,1492
6310466,457.78,312.525,463.86,326.7,1016,3032,1076,3190,1105,1490
6310468,457.62,312.675,463.94,327,1013,3033,1076,3194,1105,1493
6310470,457.94,312.9,463.38,327.6,1017,3035,1070,3199,1099,1494
6310472,457.62,312.375,464.1,327.975,1014,3030,1077,3203,1101,1491
6310474,457.46,313.425,463.46,327.3,1011,3040,1070,3196,1101,1495
6310476,456.98,312.9,463.38,327.9,1006,3035,1069,3202,1105,1500
6310478,457.22,312.075,463.14,328.05,1008,3026,1066,3204,1103,1498
6310480,456.82,313.2,463.54,327.75,1003,3037,1070,3200,1105,1499
6310482,456.98,313.875,463.14,327.975,1005,3045,1065,3202,1114,1502
6310484,457.3,313.5,462.9,328.2,1009,3040,1062,3204,1109,1499
6310486,457.06,313.35,463.46,327.675,1006,3038,1068,3199,1110,1504
6310488,457.06,313.95,463.62,328.65,1005,3045,1070,3209,1116,1503
6310490,456.9,312.675,462.9,328.2,1003,3030,1062,3203,1108,1503
6310492,457.62,314.025,463.7,328.275,1010,3045,1070,3204,1109,1507
6310494,457.46,314.175,464.02,328.2,1009,3047,1074,3203,1112,1507
6310496,458.5,312.525,463.06,328.5,1020,3028,1063,3206,1107,1504
6310498,458.34,313.425,463.7,328.2,1018,3038,1070,3203,1108,1507
6310500,458.34,311.85,463.62,328.8,1018,3020,1068,3209,1112,1509
6310502,456.98,313.575,463.54,327.675,1003,3038,1068,3196,1118,1509
6310504,457.06,314.325,464.1,328.575,1003,3046,1073,3206,1118,1508
6310506,458.42,313.95,463.62,328.95,1018,3043,1068,3210,1119,1510
6310508,457.54,314.925,463.78,328.95,1008,3053,1069,3210,1116,1510
6310510,458.26,313.65,463.38,329.25,1016,3039,1065,3212,1118,1511
6310512,457.94,313.125,463.22,329.175,1013,3032,1063,3212,1115,1516
6310514,458.42,314.4,463.94,328.8,1017,3047,1071,3208,1117,1514
6310516,458.1,314.85,464.1,328.5,1014,3051,1073,3204,1118,1514
6310518,458.82,313.8,464.1,329.775,1021,3040,1073,3218,1122,1517
6310520,458.5,314.175,465.06,329.7,1019,3044,1083,3218,1123,1519
6310522,458.26,314.325,464.9,329.175,1016,3045,1081,3211,1122,1520
6310524,459.22,314.775,464.34,329.775,1026,3050,1076,3217,1124,1519
6310526,459.78,314.85,464.82,328.425,1032,3051,1081,3203,1124,1517
6310528,458.9,314.7,464.98,329.475,1023,3049,1083,3214,1124,1521
6310530,459.06,312.45,464.82,329.925,1025,3024,1080,3219,1124,1525
6310532,459.86,313.275,465.06,329.7,1034,3034,1083,3217,1126,1523
6310534,458.74,314.55,464.98,328.425,1022,3047,1083,3202,1129,1518
6310536,459.62,314.175,465.06,330,1032,3044,1085,3220,1124,1524
6310538,460.26,312.975,464.66,327.975,1039,3030,1080,3198,1132,1523
6310540,460.98,314.4,465.22,328.575,1047,3046,1087,3204,1128,1519
6310542,460.34,312.9,464.9,329.775,1040,3030,1083,3217,1127,1526
6310544,460.42,313.2,464.98,329.7,1042,3033,1085,3216,1131,1525
6310546,460.18,314.475,465.14,330,1039,3047,1087,3220,1131,1525
6310548,460.1,312.15,464.98,330,1039,3021,1085,3219,1129,1524
6310550,460.34,313.2,465.14,329.55,1042,3033,1087,3215,1129,1523
6310552,459.7,314.85,464.98,329.475,1036,3051,1087,3214,1131,1523
6310554,461.7,313.725,464.74,330.225,1056,3039,1084,3222,1130,1524
6310556,460.1,314.55,464.74,329.85,1040,3047,1084,3218,1133,1525
6310558,460.42,315.075,464.66,330.225,1044,3054,1083,3222,1125,1527
6310560,460.26,313.725,464.98,330.75,1043,3039,1087,3228,1128,1524
6310562,460.02,311.475,464.34,330.225,1041,3014,1081,3222,1128,1529
6310564,460.5,314.7,464.34,329.625,1047,3050,1082,3216,1126,1528
6310566,460.26,313.5,464.5,329.55,1044,3037,1084,3215,1132,1526
6310568,460.5,312.375,463.86,330,1048,3024,1078,3220,1127,1527
6310570,460.98,313.8,464.66,330.15,1053,3040,1086,3222,1133,1527
6310572,459.94,313.575,464.42,329.85,1042,3038,1085,3219,1137,1527
6310574,459.94,313.95,463.78,330.075,1043,3041,1078,3221,1136,1529
6310576,460.02,315.15,464.18,330.45,1044,3055,1082,3225,1134,1529
6310578,459.7,313.95,464.5,330.6,1041,3041,1086,3227,1138,1528
6310580,459.94,314.925,463.78,330.45,1043,3053,1079,3226,1140,1530
6310582,459.86,314.85,463.94,330.3,1043,3052,1080,3224,1140,1531
6310584,459.78,314.1,464.02,330.525,1043,3044,1082,3227,1141,1527
6310586,459.7,313.8,463.7,330.6,1042,3040,1078,3228,1134,1529
6310588,459.3,314.7,463.54,330.375,1038,3051,1077,3225,1140,1528
6310590,459.46,314.175,464.34,330.9,1040,3045,1085,3231,1139,1525
6310592,459.62,313.35,464.1,329.85,1042,3036,1084,3220,1134,1527
6310594,459.54,313.875,464.42,330.45,1040,3042,1087,3227,1136,1527
6310596,459.46,313.425,463.54,330.45,1041,3038,1078,3227,1137,1524
6310598,460.1,313.95,463.62,329.475,1047,3043,1079,3216,1137,1526
6310600,459.54,314.175,463.78,330.3,1042,3046,1081,3225,1137,1527
6310602,459.22,315.075,463.22,330.45,1038,3056,1076,3227,1141,1532
6310604,459.38,314.55,463.62,330.225,1040,3050,1080,3225,1138,1528
6310606,459.46,313.65,463.7,330.075,1041,3041,1081,3224,1141,1528
6310608,459.22,315,463.14,330.675,1038,3055,1075,3230,1139,1531
6310610,459.3,314.4,463.38,330.375,1040,3049,1077,3227,1137,1529
6310612,459.62,313.95,463.14,330.3,1043,3045,1075,3226,1139,1529
6310614,459.22,315.075,463.38,330.75,1039,3057,1078,3231,1142,1528
6310616,458.98,314.55,463.38,330.45,1036,3051,1077,3228,1140,1527
6310618,459.78,314.85,463.86,330.75,1045,3055,1082,3232,1140,1527
6310620,458.98,314.325,463.06,330.675,1036,3050,1074,3232,1140,1525
6310622,459.14,314.175,463.3,329.625,1038,3048,1077,3220,1139,1525
6310624,459.3,313.875,463.14,331.425,1040,3045,1075,3240,1140,1523
6310626,459.46,314.55,462.82,330.225,1041,3053,1071,3227,1140,1522
6310628,459.22,315,463.22,330.45,1038,3058,1075,3230,1140,1524
6310630,459.62,314.475,463.06,330.45,1043,3052,1074,3230,1139,1522
6310632,458.98,314.85,462.82,330.6,1035,3056,1071,3232,1140,1522
6310634,458.9,314.25,462.58,330.675,1034,3050,1068,3232,1140,1523
6310636,458.5,315.525,463.38,331.35,1030,3064,1076,3241,1140,1523
6310638,458.42,315.075,462.34,331.35,1029,3060,1065,3241,1139,1523
6310640,459.62,315.45,462.74,331.275,1041,3065,1069,3240,1138,1519
6310642,458.74,315.15,462.18,331.275,1032,3061,1063,3240,1137,1520
6310644,458.5,314.775,462.98,330.6,1029,3057,1072,3233,1136,1517
6310646,458.42,315.075,462.1,330.525,1028,3060,1062,3232,1136,1518
6310648,459.54,314.925,462.42,330.3,1039,3060,1064,3230,1138,1519
6310650,458.74,314.775,462.26,331.125,1031,3057,1063,3239,1138,1517
6310652,459.06,314.925,462.02,330.45,1033,3060,1059,3233,1141,1514
6310654,459.3,314.775,462.18,329.925,1036,3058,1061,3226,1135,1517
6310656,458.98,314.85,463.22,330.525,1032,3060,1071,3234,1136,1515
6310658,459.06,313.725,461.7,330.375,1033,3047,1056,3232,1136,1514
6310660,459.22,314.775,461.7,328.95,1034,3059,1056,3217,1136,1512
6310662,459.46,313.95,462.1,328.8,1037,3050,1060,3215,1136,1506
6310664,459.14,315.15,461.54,327.75,1033,3063,1054,3204,1135,1504
6310666,458.66,314.325,461.22,329.025,1028,3054,1050,3217,1133,1512
6310668,459.3,314.85,461.46,328.125,1034,3060,1052,3208,1135,1499
6310670,459.38,312.825,461.38,327.9,1036,3038,1052,3205,1133,1501
6310672,459.06,314.475,461.62,327.9,1031,3056,1054,3205,1135,1498
6310674,459.54,313.275,461.86,327.375,1037,3043,1056,3200,1137,1500
6310676,458.9,313.35,460.9,327.825,1029,3044,1046,3204,1130,1498
6310678,458.98,313.875,461.06,327.6,1030,3050,1047,3202,1131,1501
6310680,459.7,313.5,461.78,327.675,1038,3046,1055,3203,1134,1496
6310682,459.62,312.675,460.9,327.9,1037,3037,1046,3205,1132,1500
6310684,459.38,313.425,461.14,327.675,1034,3045,1048,3203,1128,1501
6310686,459.22,314.325,461.7,328.2,1032,3055,1053,3209,1134,1493
6310688,459.14,312.9,460.98,327.825,1031,3039,1046,3205,1134,1495
6310690,459.14,313.875,462.34,327.9,1031,3050,1060,3206,1130,1495
6310692,458.82,313.05,461.06,328.125,1028,3041,1046,3208,1129,1494
6310694,459.62,312.3,461.86,327.675,1036,3033,1055,3203,1125,1494
6310696,458.5,313.875,461.94,328.05,1024,3050,1056,3208,1121,1491
6310698,459.46,311.7,461.46,327.9,1035,3026,1051,3206,1122,1490
6310700,459.78,314.925,462.42,329.4,1037,3062,1060,3223,1125,1483
6310702,458.26,315.075,462.1,328.65,1021,3063,1057,3215,1128,1487
6310704,459.46,314.325,462.58,329.325,1033,3055,1062,3223,1128,1481
6310706,460.02,314.85,462.26,329.1,1039,3062,1059,3220,1126,1482
6310708,459.7,314.85,462.42,329.625,1036,3062,1059,3226,1126,1480
6310710,460.5,313.35,462.5,329.1,1045,3046,1061,3220,1118,1480
6310712,459.94,315.525,462.26,329.475,1037,3070,1058,3225,1127,1477
6310714,460.9,314.025,462.82,329.325,1048,3054,1063,3224,1119,1478
6310716,462.1,313.05,463.14,329.175,1061,3044,1067,3222,1112,1476
6310718,462.18,314.175,464.1,327.975,1061,3057,1077,3209,1117,1481
6310720,464.02,313.65,464.82,327.675,1081,3052,1085,3207,1117,1484
6310722,465.38,311.25,466.18,327.525,1096,3026,1100,3205,1111,1481
6310724,466.26,312.825,467.54,327.15,1105,3044,1114,3202,1101,1477
6310726,466.26,312.075,468.58,325.5,1105,3035,1125,3184,1110,1480
6310728,467.46,311.55,468.42,326.4,1119,3030,1124,3195,1108,1477
6310730,467.54,311.4,468.66,326.025,1119,3029,1126,3190,1108,1476
6310732,466.82,309.6,468.82,324.975,1112,3009,1128,3180,1106,1476
6310734,467.46,310.8,468.5,324.3,1118,3023,1125,3172,1108,1470
6310736,466.5,309.675,468.02,323.7,1109,3010,1120,3165,1104,1471
6310738,467.38,309.75,468.02,324,1118,3011,1120,3169,1105,1472
6310740,467.22,309.45,467.06,323.775,1117,3008,1111,3167,1103,1469
6310742,466.74,310.125,466.66,323.325,1112,3016,1107,3161,1102,1468
6310744,467.14,309.75,467.06,324.075,1117,3013,1111,3170,1098,1465
6310746,467.46,309.825,466.18,324.375,1119,3014,1102,3174,1100,1464
6310748,467.54,309.3,466.02,324.3,1121,3008,1101,3173,1100,1464
6310750,467.78,310.35,466.18,324.15,1123,3020,1102,3171,1099,1462
6310752,467.3,309.6,466.18,324.9,1118,3012,1102,3180,1099,1464
6310754,467.38,309.15,466.18,324.3,1119,3006,1102,3174,1093,1461
6310756,467.14,309.825,466.5,324.675,1117,3014,1106,3178,1094,1462
6310758,468.26,309.225,466.34,324.6,1129,3008,1104,3177,1092,1460
6310760,466.74,309.975,466.58,324.525,1113,3016,1107,3176,1095,1456
6310762,467.22,308.775,466.42,324.45,1119,3002,1105,3175,1081,1460
6310764,466.82,310.275,466.5,324.75,1115,3018,1107,3179,1082,1455
6310766,466.82,309.75,466.42,324.675,1114,3013,1105,3178,1085,1456
6310768,466.98,309.9,467.06,325.05,1116,3015,1112,3182,1090,1456
6310770,467.86,309,466.26,324.75,1126,3005,1104,3179,1086,1456
6310772,466.58,308.775,466.18,325.2,1113,3002,1104,3183,1084,1452
6310774,466.58,309.375,466.66,325.425,1113,3009,1108,3186,1085,1456
6310776,467.14,309.6,466.26,324.225,1118,3012,1105,3173,1082,1453
6310778,466.1,310.425,466.42,324.825,1107,3021,1106,3180,1085,1450
6310780,465.86,310.5,466.74,325.275,1105,3022,1110,3184,1080,1453
6310782,466.18,309.675,466.9,324.6,1108,3013,1111,3177,1079,1450
6310784,466.34,309.675,466.42,325.2,1110,3012,1106,3183,1081,1451
6310786,466.02,309.15,466.74,324.75,1107,3006,1110,3179,1077,1451
6310788,466.5,308.85,466.82,324.825,1112,3003,1111,3180,1077,1448
6310790,466.58,308.25,466.5,324.975,1113,2997,1107,3182,1068,1446
6310792,466.1,308.025,466.66,325.2,1108,2994,1108,3184,1067,1447
6310794,466.42,309,466.42,324.975,1111,3005,1106,3181,1067,1443
6310796,466.1,309.375,466.5,324.525,1108,3009,1107,3176,1068,1440
6310798,466.18,308.775,466.5,324.975,1108,3002,1107,3181,1070,1443
6310800,466.42,309.375,466.74,324.375,1111,3009,1109,3174,1069,1441
6310802,465.38,308.775,466.5,324.525,1100,3002,1107,3176,1067,1443
6310804,466.18,308.025,466.58,324.825,1108,2994,1108,3179,1071,1437
6310806,466.74,309,466.02,324.75,1114,3005,1102,3179,1065,1438
6310808,465.7,310.5,466.5,324.375,1103,3021,1106,3174,1066,1440
6310810,466.82,308.475,466.58,324.3,1115,2999,1108,3173,1065,1436
6310812,466.5,309.225,466.9,324.75,1111,3007,1110,3179,1064,1433
6310814,466.02,308.625,466.74,324.6,1106,3001,1109,3177,1063,1434
6310816,466.42,308.85,466.42,324.975,1111,3004,1105,3181,1066,1433
6310818,466.42,309.525,466.02,324.225,1110,3011,1101,3172,1053,1429
6310820,466.42,309.75,467.22,324.9,1110,3013,1114,3180,1056,1431
6310822,465.62,306.975,467.06,324.3,1102,2982,1112,3174,1058,1428
6310824,467.06,311.1,466.66,324.15,1116,3028,1108,3172,1053,1426
6310826,466.26,308.625,465.62,324.075,1108,3001,1096,3171,1062,1427
6310828,466.98,307.5,466.9,324.45,1116,2989,1110,3175,1050,1425
6310830,467.62,309.6,466.74,323.85,1122,3011,1108,3169,1052,1422
6310832,467.3,309,466.1,323.85,1119,3004,1102,3168,1054,1421
6310834,467.38,309.3,466.18,323.775,1119,3008,1103,3168,1056,1423
6310836,467.14,309.075,466.34,323.775,1116,3005,1104,3167,1054,1420
6310838,466.66,308.925,466.5,323.55,1112,3003,1105,3165,1048,1419
6310840,466.42,310.95,466.5,323.55,1108,3025,1106,3164,1043,1419
6310842,467.22,308.85,466.9,323.55,1117,3003,1110,3165,1052,1417
6310844,466.66,307.65,466.58,323.4,1112,2989,1107,3163,1046,1415
6310846,466.82,309.375,466.42,323.85,1113,3009,1105,3168,1047,1418
6310848,465.46,308.25,466.82,323.85,1100,2995,1109,3168,1043,1416
6310850,466.18,309.6,466.82,323.325,1106,3010,1109,3162,1044,1412
6310852,465.62,309.375,466.74,323.475,1101,3008,1108,3164,1041,1413
6310854,465.54,309.525,466.58,323.85,1100,3010,1107,3168,1037,1414
6310856,465.7,308.1,466.74,323.85,1102,2994,1108,3168,1041,1410
6310858,465.38,308.475,466.34,323.025,1099,2998,1104,3158,1037,1410
6310860,465.38,308.55,466.66,324.225,1098,2998,1107,3171,1033,1409
6310862,465.46,308.625,466.5,323.25,1099,2999,1106,3161,1030,1409
6310864,465.86,308.25,466.66,323.475,1103,2995,1107,3164,1030,1410
6310866,465.22,307.8,466.9,323.25,1096,2990,1109,3160,1035,1409
6310868,465.46,307.125,466.9,322.95,1098,2983,1109,3157,1030,1408
6310870,466.02,306.675,466.18,323.25,1105,2978,1101,3160,1031,1409
6310872,465.7,306.975,466.5,323.775,1101,2981,1105,3166,1032,1408
6310874,465.46,307.875,466.42,322.725,1098,2991,1104,3155,1033,1409
6310876,466.02,306.375,467.06,323.025,1105,2974,1110,3158,1030,1404
6310878,465.46,306.6,466.26,323.175,1098,2977,1102,3160,1030,1404
6310880,465.06,309.225,466.26,322.8,1093,3005,1102,3155,1027,1404
6310882,465.14,308.1,466.42,322.8,1095,2993,1104,3156,1025,1402
6310884,465.86,307.125,466.1,323.1,1102,2982,1100,3158,1030,1399
6310886,465.3,307.8,466.42,322.725,1096,2989,1103,3155,1026,1400
6310888,465.94,306.225,466.42,322.8,1103,2972,1103,3154,1026,1399
6310890,465.78,307.2,466.34,322.05,1101,2982,1103,3146,1023,1398
6310892,464.82,307.875,466.26,322.5,1090,2989,1101,3151,1017,1397
6310894,466.34,306.225,466.34,322.725,1107,2972,1102,3153,1025,1396
6310896,465.86,309.075,466.5,322.95,1100,3003,1103,3156,1017,1398
6310898,464.98,307.875,466.66,322.875,1091,2989,1104,3155,1024,1395
6310900,466.58,307.35,466.42,322.425,1108,2984,1101,3150,1019,1395
6310902,467.06,307.425,466.58,322.875,1113,2984,1103,3155,1019,1393
6310904,465.22,308.25,466.9,323.625,1093,2993,1106,3163,1019,1395
6310906,466.58,306.675,466.74,322.35,1108,2976,1105,3149,1021,1392
6310908,465.06,307.65,466.42,322.425,1091,2986,1102,3150,1021,1391
6310910,465.14,308.4,466.5,322.8,1092,2995,1102,3154,1019,1392
6310912,465.14,308.175,466.5,322.35,1092,2992,1103,3149,1018,1390
6310914,465.7,308.25,465.86,322.575,1098,2993,1096,3151,1019,1390
6310916,465.46,308.025,466.18,322.875,1096,2991,1099,3154,1013,1390
6310918,466.26,307.875,466.42,323.25,1104,2989,1101,3158,1016,1390
6310920,466.02,307.65,466.42,322.5,1101,2986,1101,3150,1017,1389
6310922,466.1,307.8,466.5,322.95,1102,2988,1102,3155,1019,1389
6310924,465.94,308.25,466.66,323.1,1099,2992,1103,3156,1019,1386
6310926,466.02,308.25,466.34,322.875,1101,2993,1100,3154,1015,1388
6310928,465.38,308.775,466.18,323.1,1093,2998,1097,3156,1012,1385
6310930,465.86,308.7,466.42,322.725,1098,2998,1100,3153,1012,1385
6310932,466.34,308.85,466.18,322.65,1104,3000,1098,3151,1009,1385
6310934,466.5,308.775,466.5,323.025,1105,2998,1101,3156,1008,1381
6310936,465.7,309.75,466.42,323.1,1096,3009,1100,3157,1010,1385
6310938,466.9,307.875,466.42,323.175,1110,2989,1100,3157,1013,1382
6310940,466.58,309.075,466.26,321.225,1106,3002,1099,3136,1012,1381
6310942,465.86,308.325,466.18,321.9,1099,2994,1098,3144,1010,1382
6310944,466.02,308.55,466.02,322.275,1101,2997,1097,3148,1008,1379
6310946,466.66,307.8,466.1,321.9,1108,2988,1098,3143,1007,1382
6310948,466.02,308.1,466.02,321.45,1101,2991,1097,3139,1007,1378
6310950,465.94,309.525,466.74,321.675,1100,3007,1105,3141,1008,1378
6310952,466.34,308.25,465.54,320.85,1104,2993,1092,3131,1006,1378
6310954,466.5,307.725,465.86,320.925,1106,2987,1096,3132,1001,1375
6310956,466.9,308.475,465.86,320.85,1110,2995,1096,3131,1004,1370
6310958,466.5,307.425,465.78,320.85,1106,2984,1095,3132,1004,1375
6310960,466.66,309.15,465.78,321.75,1108,3003,1095,3141,1001,1371
6310962,466.42,308.325,466.34,321.675,1105,2994,1101,3140,998,1372
6310964,466.5,308.625,465.86,320.475,1106,2996,1095,3127,1002,1369
6310966,467.3,308.7,465.46,320.775,1115,2998,1092,3130,998,1371
6310968,467.22,307.725,466.42,320.55,1114,2987,1102,3128,997,1367
6310970,467.22,307.575,466.42,320.025,1114,2985,1102,3123,1003,1365
6310972,467.14,308.175,466.18,319.725,1114,2992,1100,3119,996,1364
6310974,466.42,307.95,466.18,319.65,1106,2989,1100,3118,1001,1364
6310976,467.94,308.025,466.26,319.875,1122,2990,1101,3120,1000,1364
6310978,467.78,309.3,466.42,319.575,1120,3004,1102,3117,997,1364
6310980,466.98,307.95,466.66,319.65,1112,2989,1105,3118,998,1364
6310982,468.1,307.425,466.34,319.95,1124,2984,1102,3121,998,1367
6310984,467.22,307.125,466.02,319.725,1115,2980,1099,3118,993,1362
6310986,466.98,307.05,466.18,320.025,1112,2979,1101,3121,998,1362
6310988,467.54,307.575,466.58,319.5,1118,2984,1104,3115,995,1365
6310990,467.3,308.775,466.42,319.8,1115,2998,1103,3118,991,1359
6310992,467.54,307.5,466.82,319.575,1118,2983,1107,3116,993,1363
6310994,467.3,308.025,466.58,319.275,1116,2989,1105,3112,992,1363
6310996,467.46,307.05,466.58,319.725,1118,2978,1105,3117,991,1360
6310998,467.14,307.2,466.58,319.425,1114,2980,1105,3114,998,1361
6311000,467.7,308.1,466.98,319.5,1120,2989,1109,3114,994,1359
6311002,468.02,305.7,466.9,318.975,1124,2963,1109,3109,996,1361
6311004,467.78,305.925,466.58,319.425,1122,2965,1105,3113,999,1361
6311006,468.02,307.95,467.14,318.9,1124,2987,1111,3108,993,1362
6311008,467.46,307.425,466.98,318.9,1119,2982,1110,3108,992,1358
6311010,468.18,307.2,466.98,319.125,1126,2979,1110,3110,995,1361
6311012,467.86,307.8,466.5,319.35,1123,2985,1105,3112,993,1357
6311014,467.46,307.35,466.82,318.9,1119,2980,1108,3107,991,1359
6311016,467.22,307.2,467.38,318.6,1116,2978,1115,3104,992,1358
6311018,467.46,306.975,466.66,319.275,1119,2975,1107,3111,995,1358
6311020,466.9,307.2,466.82,319.125,1113,2978,1109,3109,993,1359
6311022,467.22,307.275,467.14,319.125,1116,2979,1112,3108,993,1360
6311024,467.86,307.5,466.74,318.9,1123,2981,1108,3106,993,1359
6311026,466.82,306.675,467.06,319.05,1112,2972,1111,3108,990,1358
6311028,467.54,306.6,467.06,318.9,1120,2970,1112,3106,993,1356
6311030,467.06,307.95,466.9,318.45,1115,2985,1110,3101,991,1357
6311032,467.3,306.825,466.66,318.675,1118,2972,1107,3103,994,1356
6311034,466.82,307.875,466.58,318.75,1112,2984,1107,3103,990,1356
6311036,466.82,306.525,466.58,319.2,1112,2969,1106,3108,991,1358
6311038,466.42,307.65,466.5,319.05,1107,2981,1106,3106,985,1357
6311040,466.58,306.975,466.74,318.9,1110,2973,1107,3104,985,1356
6311042,466.26,306.225,466.82,318.975,1106,2965,1109,3106,985,1353
6311044,466.42,308.25,466.66,318.75,1107,2987,1106,3103,983,1356
6311046,466.34,307.8,466.34,319.2,1106,2982,1103,3108,983,1354
6311048,465.78,308.625,467.06,318.9,1100,2991,1110,3104,985,1353
6311050,466.26,307.05,466.5,318.675,1105,2973,1105,3102,984,1353
6311052,466.1,307.275,466.66,319.2,1103,2975,1105,3107,986,1353
6311054,466.66,306.6,466.66,319.2,1109,2968,1105,3107,984,1355
6311056,465.86,308.025,466.18,319.2,1100,2984,1100,3107,983,1353
6311058,465.7,306.975,466.1,319.425,1099,2972,1099,3109,977,1349
6311060,465.78,308.025,465.7,319.2,1098,2983,1094,3106,977,1347
6311062,465.78,308.4,466.34,319.125,1098,2987,1101,3106,978,1353
6311064,465.7,307.5,466.5,318.975,1096,2977,1102,3104,982,1351
6311066,465.54,306.075,465.94,319.2,1095,2962,1095,3106,984,1350
6311068,465.78,306.75,466.1,319.2,1097,2969,1096,3106,982,1350
6311070,465.62,307.725,466.1,319.65,1095,2980,1097,3111,981,1352
6311072,465.22,307.95,465.22,318.975,1090,2982,1087,3103,980,1350
6311074,465.14,309.225,465.3,319.35,1089,2996,1087,3107,981,1353
6311076,465.62,307.8,465.7,319.575,1094,2980,1091,3110,982,1353
6311078,465.38,308.25,464.66,319.425,1090,2985,1080,3108,980,1352
6311080,464.9,308.7,464.66,318.825,1085,2990,1079,3102,983,1352
6311082,465.38,307.95,465.46,319.35,1090,2982,1088,3108,980,1353
6311084,465.38,308.55,464.98,319.65,1089,2989,1082,3111,976,1350
6311086,465.86,306.975,464.42,319.575,1095,2972,1076,3110,972,1348
6311088,465.78,308.25,464.82,320.25,1093,2986,1079,3118,973,1347
6311090,465.7,309.3,464.98,319.5,1091,2997,1081,3109,974,1347
6311092,464.66,307.875,465.22,319.8,1080,2981,1083,3113,974,1350
6311094,464.9,307.575,464.66,319.725,1083,2978,1077,3111,976,1348
6311096,465.3,309,464.82,320.175,1086,2994,1078,3116,976,1347
6311098,464.98,307.5,464.66,319.8,1083,2977,1075,3113,974,1347
6311100,465.38,307.05,464.18,319.425,1086,2973,1070,3108,976,1348
6311102,465.54,309.375,464.74,319.8,1087,2998,1075,3113,975,1347
6311104,464.82,309.75,464.74,319.5,1078,3003,1075,3110,976,1348
6311106,464.82,307.65,463.7,319.8,1079,2980,1064,3113,981,1351
6311108,465.7,308.625,464.42,319.575,1087,2990,1071,3111,974,1347
6311110,466.26,307.425,464.58,319.8,1094,2978,1073,3113,974,1348
6311112,465.62,307.65,464.26,319.65,1087,2980,1069,3112,978,1350
6311114,465.86,309,464.66,319.5,1089,2995,1073,3110,976,1348
6311116,465.3,307.95,464.58,319.8,1083,2984,1071,3113,981,1347
6311118,465.46,307.35,464.34,319.275,1085,2977,1070,3108,979,1348
6311120,465.38,308.775,464.98,319.425,1083,2993,1076,3110,977,1351
6311122,464.82,309.15,465.46,319.2,1077,2996,1080,3108,978,1350
6311124,465.06,307.875,464.5,319.2,1079,2983,1070,3107,981,1349
6311126,465.22,309.225,464.66,318.825,1080,2998,1071,3103,977,1352
6311128,465.78,308.775,465.14,319.2,1086,2993,1076,3107,978,1351
6311130,465.54,306.3,464.66,318.825,1084,2966,1071,3103,978,1352
6311132,465.78,306.975,464.74,318.825,1086,2973,1071,3103,979,1352
6311134,465.86,307.95,464.98,318.6,1086,2984,1074,3102,975,1349
6311136,466.1,308.025,465.38,318.825,1090,2986,1079,3104,976,1351
6311138,466.5,307.65,465.14,319.275,1093,2981,1076,3109,979,1347
6311140,465.94,307.275,465.54,318.825,1088,2977,1080,3104,976,1351
6311142,466.18,307.575,465.86,319.2,1090,2981,1083,3108,979,1348
6311144,466.18,307.125,466.02,318.825,1090,2976,1085,3105,980,1351
6311146,466.34,307.275,465.46,318.675,1092,2977,1080,3103,976,1353
6311148,466.18,308.025,466.5,318.825,1091,2986,1091,3104,976,1349
6311150,466.26,306.9,466.58,318.675,1092,2974,1091,3103,979,1352
6311152,466.18,308.25,466.66,319.2,1091,2988,1093,3109,975,1353
6311154,467.14,307.95,466.5,318.375,1101,2985,1092,3100,973,1352
6311156,467.06,307.125,466.42,318.525,1102,2976,1092,3102,975,1348
6311158,466.58,306.9,466.66,318.675,1097,2974,1094,3103,976,1353
6311160,467.62,305.775,467.3,318.375,1109,2962,1101,3100,976,1354
6311162,467.46,305.625,467.54,318.45,1107,2960,1104,3100,978,1356
6311164,466.74,308.25,467.22,318.9,1100,2989,1102,3106,975,1357
6311166,467.3,308.1,467.38,319.125,1105,2987,1103,3108,973,1354
6311168,466.9,308.4,467.86,318.75,1102,2990,1109,3104,976,1357
6311170,466.98,307.65,467.14,318.825,1103,2982,1102,3105,980,1360
6311172,467.86,307.125,467.54,318.675,1114,2976,1107,3103,980,1356
6311174,467.3,307.275,467.62,318.225,1108,2978,1108,3099,985,1358
6311176,467.06,307.2,467.78,318.9,1106,2977,1110,3106,983,1360
6311178,467.38,306.45,467.78,318.225,1110,2969,1110,3099,980,1358
6311180,467.62,306.675,467.54,319.05,1113,2972,1109,3108,980,1361
6311182,467.22,307.725,467.22,318.9,1109,2983,1105,3107,978,1357
6311184,466.9,307.8,467.46,319.275,1107,2984,1109,3111,977,1359
6311186,468.66,307.05,467.62,318.9,1125,2977,1111,3107,973,1360
6311188,468.18,307.425,467.38,318.525,1121,2981,1109,3102,978,1357
6311190,466.66,307.05,466.9,318.75,1105,2976,1104,3105,977,1359
6311192,466.18,307.875,465.7,318.675,1101,2985,1093,3103,972,1360
6311194,465.38,307.65,464.98,318.45,1092,2982,1085,3101,976,1358
6311196,464.9,306.9,464.02,317.85,1089,2974,1076,3094,977,1358
6311198,464.66,308.1,463.3,318.3,1086,2987,1069,3099,973,1356
6311200,464.58,306.525,463.14,318.075,1086,2970,1067,3097,979,1354
6311202,464.42,304.875,462.5,317.85,1085,2952,1061,3094,980,1356
6311204,465.22,305.7,463.06,317.85,1094,2961,1068,3094,980,1356
6311206,464.1,303.675,462.66,317.25,1083,2939,1063,3087,979,1356
6311208,464.18,306,462.26,316.8,1084,2964,1061,3082,980,1355
6311210,464.66,304.35,462.34,316.8,1089,2947,1061,3083,984,1357
6311212,464.5,303.525,462.66,316.65,1089,2937,1065,3082,981,1359
6311214,464.58,305.925,462.42,315.6,1089,2964,1064,3070,982,1359
6311216,464.82,305.4,463.06,316.725,1093,2958,1070,3083,980,1354
6311218,465.22,303.675,462.58,316.65,1097,2940,1065,3082,986,1361
6311220,464.18,304.875,462.42,316.575,1086,2953,1064,3081,981,1357
6311222,464.82,304.35,462.18,317.175,1093,2947,1061,3088,985,1359
6311224,464.9,305.1,462.42,316.8,1094,2956,1064,3084,985,1358
6311226,464.9,304.875,462.42,316.8,1094,2954,1064,3084,984,1360
6311228,464.98,306.225,461.94,316.875,1095,2969,1060,3085,982,1358
6311230,464.98,305.85,462.42,316.275,1095,2964,1065,3078,981,1357
6311232,465.62,303.825,462.34,316.8,1103,2943,1064,3084,986,1360
6311234,464.74,304.05,462.1,316.8,1093,2945,1062,3084,987,1361
6311236,465.06,305.25,462.02,315.9,1096,2958,1061,3074,983,1361
6311238,462.9,303.45,461.62,316.5,1074,2938,1057,3080,978,1361
6311240,463.94,304.275,461.86,316.425,1085,2947,1059,3080,977,1363
6311242,464.02,303.75,462.5,314.4,1086,2941,1067,3058,979,1362
6311244,464.58,303.15,461.62,315.375,1093,2935,1057,3068,981,1365
6311246,463.54,303.825,461.46,315.375,1081,2942,1056,3068,981,1363
6311248,464.66,304.275,461.46,315.3,1092,2948,1056,3067,982,1366
6311250,463.7,303.975,460.66,315.075,1083,2944,1047,3065,982,1368
6311252,462.82,303.75,461.06,315.15,1073,2941,1051,3066,981,1366
6311254,463.94,305.475,461.22,314.85,1085,2961,1053,3063,977,1369
6311256,464.42,301.725,460.34,315.75,1090,2920,1043,3073,986,1368
6311258,463.22,302.475,460.98,315.375,1077,2927,1050,3068,983,1369
6311260,463.22,303.9,461.06,315.375,1077,2943,1050,3069,983,1367
6311262,463.14,304.425,460.82,315.525,1075,2949,1048,3070,982,1371
6311264,463.06,303.825,460.82,315.375,1075,2942,1048,3068,979,1372
6311266,463.22,303.825,460.74,315.675,1076,2943,1047,3072,987,1371
6311268,462.58,303.075,460.98,315.6,1069,2934,1048,3071,992,1372
6311270,462.82,304.5,460.1,316.425,1071,2950,1039,3080,990,1373
6311272,462.98,304.425,460.1,316.35,1072,2949,1039,3079,991,1372
6311274,462.66,305.025,460.5,316.5,1069,2956,1043,3081,987,1375
6311276,462.18,303.75,460.42,317.4,1064,2942,1041,3091,992,1377
6311278,461.94,304.275,460.1,317.25,1061,2947,1037,3089,990,1376
6311280,462.1,305.25,459.78,316.65,1062,2958,1034,3083,993,1379
6311282,462.66,307.125,460.1,317.85,1067,2979,1037,3097,981,1376
6311284,461.38,307.275,460.1,317.625,1053,2981,1037,3094,984,1376
6311286,462.18,305.925,460.34,317.7,1062,2966,1039,3095,986,1376
6311288,461.54,308.325,459.94,317.475,1054,2992,1034,3093,988,1380
6311290,462.26,306.675,460.1,317.925,1062,2975,1036,3097,988,1379
6311292,462.42,307.425,460.18,317.85,1062,2983,1036,3097,987,1379
6311294,462.18,309,460.26,317.775,1059,3001,1037,3097,986,1380
6311296,460.98,308.325,460.02,318.075,1046,2993,1033,3100,985,1382
6311298,461.62,308.85,460.18,317.4,1053,2999,1035,3093,987,1381
6311300,461.22,308.475,460.02,318.15,1048,2996,1033,3101,987,1382
6311302,460.74,306.975,460.26,317.475,1043,2979,1035,3095,996,1384
6311304,461.54,308.1,460.34,317.325,1051,2992,1036,3093,992,1382
6311306,460.42,307.125,460.42,318.45,1039,2981,1036,3105,997,1384
6311308,460.66,307.35,460.1,317.325,1041,2984,1032,3093,996,1385
6311310,460.42,307.2,460.34,317.025,1038,2982,1035,3090,996,1385
6311312,460.5,306.9,460.1,317.25,1038,2979,1032,3093,991,1387
6311314,461.14,305.7,459.22,316.425,1045,2966,1022,3083,997,1387
6311316,461.06,306.525,459.7,316.35,1044,2975,1026,3083,996,1389
6311318,460.82,306.525,460.1,316.875,1041,2975,1030,3089,994,1391
6311320,460.58,305.325,458.74,315.975,1038,2962,1016,3078,998,1389
6311322,462.02,305.7,459.54,315.975,1054,2967,1025,3079,996,1389
6311324,460.58,306.15,459.22,315.75,1038,2970,1020,3076,997,1390
6311326,460.74,305.925,459.3,315.825,1039,2968,1022,3077,997,1389
6311328,461.14,305.1,458.82,315.45,1044,2959,1016,3072,1000,1391
6311330,460.26,304.95,458.98,314.4,1034,2957,1018,3060,999,1394
6311332,461.86,303.15,459.62,314.4,1051,2937,1024,3060,1001,1395
6311334,461.22,303.675,459.14,314.475,1044,2942,1019,3061,998,1396
6311336,462.1,304.95,459.3,314.325,1052,2956,1020,3059,1002,1393
6311338,461.38,304.05,459.46,314.4,1045,2946,1022,3059,995,1396
6311340,461.7,303.675,459.38,314.25,1048,2941,1020,3057,995,1397
6311342,461.54,304.8,458.9,314.25,1046,2953,1015,3057,997,1396
6311344,461.54,306,459.46,314.7,1045,2966,1021,3061,997,1399
6311346,461.86,304.2,459.78,315,1049,2946,1024,3065,998,1401
6311348,461.46,304.875,459.7,314.7,1045,2953,1023,3060,996,1400
6311350,461.14,305.7,460.34,315.3,1041,2962,1030,3067,995,1402
6311352,461.46,305.475,460.1,315.525,1045,2958,1028,3069,995,1402
6311354,461.86,306.225,460.82,315.525,1049,2967,1035,3069,1000,1402
6311356,462.18,304.8,460.58,315.6,1052,2951,1033,3068,996,1401
6311358,461.7,306.525,460.34,316.35,1047,2969,1030,3077,998,1403
6311360,461.38,307.275,460.5,316.8,1044,2977,1032,3081,997,1401
6311362,461.62,307.8,461.38,317.475,1047,2983,1041,3089,999,1413
6311364,461.3,307.65,460.74,317.925,1043,2980,1034,3093,997,1412
6311366,461.78,306.75,461.3,319.125,1049,2971,1039,3106,1005,1410
6311368,461.94,307.275,461.14,318.375,1050,2976,1038,3098,1004,1414
6311370,462.26,308.7,461.22,319.275,1053,2992,1039,3108,1004,1417
6311372,462.26,307.2,461.7,320.1,1054,2975,1044,3117,1006,1417
6311374,461.7,308.55,461.38,320.1,1048,2990,1041,3117,1003,1418
6311376,462.34,309,461.7,319.5,1055,2994,1045,3110,1005,1421
6311378,462.1,309,461.3,320.625,1053,2994,1041,3122,1001,1419
6311380,462.02,308.325,461.38,319.425,1052,2988,1043,3109,1002,1419
6311382,462.1,307.275,461.7,319.8,1053,2976,1045,3113,1003,1423
6311384,462.02,308.55,461.86,320.475,1053,2990,1047,3121,1004,1424
6311386,462.58,308.55,462.02,320.1,1059,2990,1049,3117,1006,1422
6311388,462.26,307.8,461.86,319.275,1056,2982,1048,3108,1006,1421
6311390,462.58,308.475,461.62,319.35,1059,2989,1046,3108,1006,1425
6311392,462.82,307.05,461.46,319.35,1063,2974,1044,3109,1006,1418
6311394,462.34,308.55,462.34,319.65,1057,2990,1054,3112,1002,1425
6311396,462.82,306.525,462.1,318.675,1063,2969,1052,3102,1011,1426
6311398,462.98,306.525,461.78,318.3,1065,2969,1049,3098,1010,1425
6311400,463.06,306.45,462.26,318.825,1067,2968,1054,3104,1009,1426
6311402,463.54,305.775,461.7,319.05,1072,2961,1048,3106,1015,1428
6311404,463.22,306.825,462.02,318.825,1068,2973,1052,3104,1012,1429
6311406,462.34,306.9,461.86,318.825,1059,2974,1051,3105,1009,1428
6311408,463.62,307.35,461.62,319.2,1073,2979,1049,3109,1011,1429
6311410,462.82,304.575,461.62,319.2,1066,2948,1049,3109,1018,1431
6311412,462.98,306.075,461.7,318.375,1068,2966,1050,3101,1014,1430
6311414,463.46,306.15,461.38,318.975,1072,2966,1047,3106,1018,1433
6311416,462.74,304.725,461.54,318.525,1067,2951,1050,3103,1015,1433
6311418,462.1,306.675,461.3,318.75,1059,2972,1047,3105,1015,1434
6311420,462.02,307.05,461.06,318.975,1059,2977,1045,3108,1013,1435
6311422,462.1,306.15,461.62,318.75,1060,2967,1051,3105,1017,1432
6311424,462.02,307.425,461.3,318.825,1059,2982,1048,3107,1013,1433
6311426,461.46,308.25,461.14,319.275,1053,2990,1046,3112,1013,1435
6311428,462.18,307.05,461.3,319.125,1061,2978,1048,3111,1016,1435
6311430,462.66,306.375,461.14,319.725,1066,2971,1046,3117,1016,1437
6311432,460.34,309.375,461.14,318.9,1041,3004,1047,3109,1015,1437
6311434,462.1,308.4,461.14,319.125,1060,2993,1047,3112,1009,1438
6311436,461.22,307.725,460.74,319.8,1052,2987,1043,3119,1014,1437
6311438,460.66,307.8,460.82,319.875,1046,2987,1044,3120,1015,1436
6311440,461.14,309.3,460.9,319.8,1050,3005,1045,3120,1009,1436
6311442,460.98,308.1,460.9,320.55,1049,2991,1045,3128,1016,1435
6311444,460.34,309.15,460.98,319.875,1042,3004,1045,3121,1012,1439
6311446,461.46,308.1,460.42,319.8,1054,2992,1040,3121,1018,1439
6311448,460.58,308.475,461.14,320.625,1045,2996,1047,3130,1015,1440
6311450,460.9,309.75,460.74,320.475,1048,3011,1043,3129,1014,1440
6311452,460.02,310.05,461.14,320.1,1038,3014,1047,3125,1013,1439
6311454,461.7,309.375,461.14,320.4,1056,3007,1047,3129,1012,1440
6311456,460.42,309.45,460.82,319.8,1043,3009,1043,3123,1014,1440
6311458,460.34,308.475,460.82,319.275,1042,2998,1044,3117,1011,1441
6311460,460.34,307.8,460.82,319.65,1042,2991,1043,3122,1018,1444
6311462,459.7,308.25,460.9,319.725,1035,2996,1044,3123,1020,1444
6311464,459.94,309,461.22,319.725,1038,3005,1048,3123,1013,1445
6311466,459.86,307.725,461.06,319.875,1037,2991,1046,3125,1020,1443
6311468,459.7,308.175,460.82,319.875,1035,2997,1043,3125,1022,1441
6311470,460.42,308.25,460.58,320.325,1043,2998,1041,3131,1020,1445
6311472,460.1,307.5,460.9,319.65,1039,2990,1044,3123,1025,1445
6311474,459.7,308.325,460.82,318.825,1035,2999,1044,3115,1021,1449
6311476,460.1,305.925,460.58,318.45,1040,2973,1042,3111,1027,1450
6311478,460.58,309.9,461.3,319.275,1044,3017,1049,3120,1018,1446
6311480,459.38,307.8,460.82,318.975,1031,2993,1043,3117,1019,1449
6311482,459.94,307.35,460.9,320.025,1037,2989,1043,3129,1021,1447
6311484,459.06,307.725,461.3,319.35,1028,2993,1048,3122,1016,1445
6311486,459.54,307.8,461.06,318.45,1033,2994,1046,3112,1021,1448
6311488,459.78,308.325,460.82,319.35,1036,3000,1043,3122,1017,1441
6311490,459.62,307.35,461.54,319.2,1034,2990,1051,3121,1020,1445
6311492,459.3,309.6,460.74,319.425,1030,3014,1043,3123,1017,1445
6311494,458.74,307.95,460.9,319.275,1025,2996,1044,3121,1017,1448
6311496,459.94,309.3,461.22,319.575,1037,3012,1047,3125,1018,1444
6311498,458.82,308.925,460.58,319.95,1026,3007,1041,3129,1019,1445
6311500,458.98,308.7,461.14,319.35,1028,3005,1047,3122,1017,1445
6311502,459.38,306.6,461.54,319.725,1033,2982,1051,3127,1029,1446
6311504,459.22,307.725,461.62,319.05,1031,2995,1053,3120,1025,1449
6311506,458.82,307.95,461.38,319.875,1026,2997,1049,3129,1024,1448
6311508,459.06,308.325,461.46,320.325,1029,3001,1050,3135,1025,1446
6311510,460.1,308.775,460.98,320.025,1039,3006,1045,3131,1024,1450
6311512,459.22,308.25,461.14,320.25,1030,3001,1047,3134,1027,1451
6311514,458.9,308.25,461.7,320.175,1027,3001,1053,3133,1025,1448
6311516,458.58,307.35,461.54,320.025,1024,2991,1051,3131,1024,1449
6311518,459.62,306.375,461.22,318.825,1035,2981,1048,3118,1026,1451
6311520,459.22,308.025,461.86,319.425,1030,2998,1055,3125,1024,1449
6311522,459.06,308.025,461.22,319.575,1028,2998,1048,3126,1024,1450
6311524,458.66,308.325,461.86,318.6,1025,3001,1055,3116,1025,1450
6311526,459.38,306.3,461.7,319.275,1033,2980,1053,3123,1024,1448
6311528,458.74,306.525,461.3,318.6,1027,2982,1049,3116,1026,1452
6311530,457.94,307.05,461.54,317.85,1018,2987,1052,3108,1024,1451
6311532,458.18,306.45,461.06,318.375,1021,2981,1048,3114,1028,1446
6311534,458.42,305.7,461.22,317.775,1023,2973,1049,3107,1025,1450
6311536,458.74,306.75,461.46,317.175,1026,2985,1052,3100,1026,1457
6311538,458.5,306.3,461.3,317.625,1024,2980,1050,3105,1024,1454
6311540,458.18,305.1,461.86,317.25,1021,2966,1056,3101,1027,1450
6311542,458.02,305.025,461.46,317.325,1020,2965,1052,3101,1022,1452
6311544,458.42,306.75,461.46,317.85,1024,2984,1052,3108,1020,1450
6311546,457.3,305.175,461.22,317.925,1013,2966,1050,3109,1022,1450
6311548,457.3,306.075,461.06,317.1,1012,2976,1049,3099,1016,1453
6311550,458.58,306.6,460.98,317.7,1026,2982,1048,3105,1023,1454
6311552,457.54,305.55,461.38,316.575,1015,2970,1052,3092,1023,1453
6311554,457.78,305.25,461.14,317.175,1018,2967,1050,3099,1022,1456
6311556,458.66,304.725,461.62,318.075,1028,2961,1055,3109,1024,1452
6311558,457.94,304.575,461.7,317.4,1020,2959,1056,3101,1027,1454
6311560,458.26,304.5,461.46,317.7,1024,2959,1054,3104,1023,1455
6311562,458.42,303.975,461.62,317.55,1026,2952,1056,3103,1028,1456
6311564,457.94,305.4,462.1,318.3,1021,2968,1061,3112,1025,1451
6311566,458.26,305.175,461.94,318,1025,2965,1059,3108,1026,1456
6311568,458.18,304.35,461.78,317.7,1025,2956,1058,3105,1029,1457
6311570,458.26,305.025,462.18,317.7,1025,2964,1062,3105,1029,1456
6311572,458.26,306.525,462.34,317.925,1025,2980,1065,3107,1027,1458
6311574,458.5,305.25,462.1,317.475,1028,2966,1062,3102,1030,1457
6311576,458.18,306.75,462.18,317.775,1024,2982,1063,3105,1024,1458
6311578,458.74,306.6,462.02,318.3,1030,2981,1061,3110,1024,1458
6311580,459.22,307.2,462.34,318.375,1036,2988,1065,3112,1026,1455
6311582,457.38,306.975,462.42,317.925,1016,2985,1065,3107,1017,1453
6311584,458.02,307.575,462.66,317.925,1023,2991,1069,3106,1024,1456
6311586,458.34,307.2,462.1,317.55,1027,2987,1063,3102,1025,1458
6311588,457.62,306.375,462.18,317.7,1020,2978,1064,3104,1022,1459
6311590,458.42,306.525,462.5,318.525,1028,2980,1067,3113,1023,1456
6311592,457.94,306.525,462.42,318.15,1023,2980,1067,3109,1022,1457
6311594,457.86,306.225,462.58,317.25,1023,2977,1069,3100,1021,1460
6311596,457.78,306.975,462.66,318.3,1022,2985,1069,3112,1022,1455
6311598,457.54,304.95,462.66,318.15,1020,2963,1069,3110,1026,1458
6311600,457.86,305.25,462.34,317.925,1023,2967,1067,3108,1023,1461
6311602,458.66,305.325,462.34,318.3,1032,2968,1067,3111,1028,1460
6311604,457.62,306.225,462.66,318.075,1021,2978,1070,3110,1028,1459
6311606,457.78,305.025,462.5,317.625,1023,2965,1069,3105,1030,1463
6311608,458.18,306.825,462.26,318.075,1027,2985,1067,3110,1027,1457
6311610,458.26,306.375,462.66,318.075,1027,2980,1070,3110,1027,1457
6311612,458.1,304.5,462.18,317.025,1027,2960,1066,3099,1028,1465
6311614,458.02,304.5,462.02,317.4,1026,2959,1064,3102,1031,1463
6311616,457.62,305.925,462.42,318.375,1022,2976,1069,3114,1031,1462
6311618,457.86,304.8,462.42,317.475,1024,2963,1068,3104,1024,1466
6311620,457.22,304.875,461.86,317.325,1018,2964,1063,3102,1027,1462
6311622,457.54,306.225,461.78,316.8,1021,2978,1063,3096,1027,1463
6311624,457.7,304.65,462.1,317.175,1023,2961,1066,3101,1029,1461
6311626,457.54,303.975,462.5,316.725,1022,2954,1070,3096,1028,1463
6311628,457.22,304.8,461.78,316.725,1018,2963,1063,3096,1029,1465
6311630,456.26,305.025,461.62,317.25,1007,2965,1060,3101,1022,1465
6311632,456.58,305.7,461.78,316.575,1011,2973,1062,3094,1020,1467
6311634,456.98,304.5,461.86,316.65,1015,2960,1063,3096,1025,1465
6311636,456.82,305.175,461.78,316.725,1014,2968,1062,3096,1025,1463
6311638,457.3,305.175,461.38,316.275,1018,2967,1058,3091,1022,1469
6311640,456.9,304.425,461.7,316.35,1014,2959,1061,3092,1025,1466
6311642,456.66,305.25,461.7,316.35,1011,2968,1061,3092,1024,1468
6311644,456.26,305.55,461.38,316.575,1007,2971,1058,3094,1019,1469
6311646,457.46,303.45,461.54,316.8,1020,2948,1059,3097,1024,1471
6311648,457.06,303.825,461.38,316.65,1016,2953,1057,3095,1027,1470
6311650,457.22,304.2,461.78,316.875,1017,2957,1061,3098,1022,1471
6311652,456.9,303.975,461.06,316.275,1014,2953,1053,3091,1025,1472
6311654,456.98,303.675,461.14,316.35,1014,2951,1054,3092,1027,1477
6311656,456.74,303.675,461.7,316.05,1012,2950,1060,3088,1024,1477
6311658,456.18,303.15,461.38,317.025,1006,2944,1057,3099,1029,1478
6311660,456.42,305.7,460.82,316.65,1008,2972,1051,3095,1022,1475
6311662,456.82,305.175,461.86,316.35,1011,2966,1062,3092,1027,1478
6311664,457.62,304.05,461.54,317.4,1020,2954,1057,3103,1031,1477
6311666,455.38,304.2,460.9,317.025,996,2955,1051,3099,1033,1479
6311668,456.74,304.275,461.22,316.425,1011,2957,1054,3092,1034,1478
6311670,457.06,303.45,461.22,315.9,1014,2948,1054,3086,1030,1483
6311672,456.74,305.025,461.54,316.575,1010,2964,1057,3094,1030,1483
6311674,456.42,303.6,461.78,316.425,1007,2949,1059,3092,1029,1486
6311676,455.38,303.675,461.46,316.725,996,2950,1055,3095,1033,1482
6311678,456.42,304.35,461.22,316.5,1006,2957,1053,3092,1027,1487
6311680,456.58,305.775,461.46,317.1,1007,2973,1055,3099,1026,1482
6311682,456.26,305.325,461.54,317.175,1004,2968,1056,3100,1030,1482
6311684,456.9,305.55,462.02,316.275,1010,2970,1061,3090,1027,1489
6311686,456.5,305.85,461.62,317.175,1006,2973,1056,3100,1026,1484
6311688,455.3,305.4,461.94,317.025,993,2969,1059,3099,1032,1485
6311690,457.14,305.925,461.54,316.725,1012,2975,1055,3095,1031,1487
6311692,456.5,304.275,461.7,316.875,1006,2957,1056,3097,1028,1487
6311694,456.02,303.525,462.1,316.425,1000,2949,1061,3092,1036,1489
6311696,457.54,305.55,462.26,317.1,1015,2971,1061,3100,1030,1491
6311698,456.5,305.325,462.26,316.725,1004,2969,1062,3095,1028,1494
6311700,456.18,304.725,461.78,316.65,1001,2962,1056,3095,1036,1490
6311702,456.5,305.1,462.1,316.875,1004,2966,1059,3097,1043,1494
6311704,456.42,304.5,462.18,316.125,1003,2959,1060,3089,1043,1496
6311706,456.74,304.5,462.58,316.05,1006,2960,1064,3089,1040,1496
6311708,455.14,303.6,461.78,315.9,990,2949,1056,3087,1039,1496
6311710,456.42,304.95,461.7,315.975,1002,2965,1054,3088,1039,1496
6311712,455.14,304.875,462.34,316.65,989,2964,1061,3096,1040,1496
6311714,455.3,304.35,462.02,316.2,990,2958,1057,3090,1041,1498
6311716,456.74,304.05,462.18,316.125,1005,2956,1059,3090,1043,1498
6311718,455.3,302.85,462.5,315.9,990,2942,1062,3088,1041,1499
6311720,455.7,303.3,462.5,316.425,994,2947,1062,3094,1043,1499
6311722,456.34,305.025,462.58,316.575,1000,2967,1063,3096,1045,1500
6311724,456.66,304.35,462.42,316.125,1004,2960,1061,3092,1046,1500
6311726,455.86,303.525,462.26,316.5,995,2950,1058,3095,1042,1504
6311728,455.14,303.825,462.58,316.65,987,2954,1062,3098,1046,1503
6311730,455.46,303.6,462.74,316.2,991,2952,1063,3093,1045,1503
6311732,455.7,304.05,462.42,316.125,993,2957,1060,3092,1043,1500
6311734,455.46,303.75,462.74,316.125,990,2953,1063,3092,1047,1503
6311736,456.58,304.425,463.14,316.275,1002,2962,1067,3094,1044,1503
6311738,455.62,304.725,462.82,315.975,991,2965,1064,3091,1040,1505
6311740,456.18,303.975,462.66,316.125,998,2956,1062,3092,1041,1504
6311742,456.98,304.5,463.06,315.075,1006,2962,1067,3081,1045,1507
6311744,455.38,303.375,463.06,315.525,989,2950,1066,3086,1040,1509
6311746,455.86,303,462.82,315.6,995,2946,1064,3087,1046,1510
6311748,456.66,304.275,463.22,315.3,1002,2960,1067,3084,1047,1508
6311750,455.54,304.05,462.98,315.75,990,2958,1065,3089,1040,1510
6311752,456.02,302.925,462.9,316.275,995,2945,1064,3095,1044,1508
6311754,456.02,301.95,462.98,315.675,996,2935,1065,3088,1049,1510
6311756,455.22,304.95,463.3,315.45,986,2968,1068,3086,1039,1511
6311758,455.94,303.3,462.58,315.75,995,2950,1060,3089,1050,1512
6311760,457.06,303.9,463.14,315.675,1006,2957,1066,3088,1056,1513
6311762,455.86,304.35,462.74,315.825,993,2961,1062,3090,1059,1516
6311764,455.86,303.375,462.98,315.3,993,2950,1064,3085,1054,1516
6311766,456.9,303.375,462.98,315.675,1004,2952,1064,3088,1048,1515
6311768,455.86,303.75,462.74,315.6,993,2955,1061,3087,1049,1517
6311770,456.18,303.525,463.14,315.975,996,2952,1066,3092,1058,1519
6311772,455.7,304.65,462.82,316.2,991,2965,1062,3094,1055,1521
6311774,455.14,304.875,462.74,315.975,985,2967,1061,3091,1053,1518
6311776,455.22,304.8,462.9,316.5,986,2966,1063,3097,1056,1522
6311778,456.34,304.425,462.26,316.125,998,2962,1056,3093,1053,1524
6311780,455.94,305.025,462.66,316.425,994,2969,1060,3096,1056,1522
6311782,456.74,303.9,462.58,316.2,1002,2957,1060,3094,1055,1522
6311784,455.54,305.925,462.26,315.975,989,2979,1056,3091,1062,1525
6311786,456.02,305.175,462.82,316.575,994,2970,1062,3098,1060,1523
6311788,455.14,305.25,462.58,316.65,985,2972,1059,3100,1061,1527
6311790,455.78,305.625,462.66,316.5,992,2976,1061,3098,1056,1527
6311792,455.7,306.45,462.9,316.725,990,2986,1062,3101,1058,1530
6311794,455.3,305.025,462.34,316.275,987,2970,1056,3096,1068,1531
6311796,456.02,306.6,462.5,315.9,993,2988,1058,3092,1064,1529
6311798,454.66,306.3,462.74,316.65,979,2984,1060,3100,1061,1532
6311800,455.54,306.45,462.26,315.9,988,2986,1056,3092,1067,1532
6311802,455.14,305.475,462.02,316.875,984,2975,1053,3103,1065,1535
6311804,455.7,306.15,462.42,316.35,989,2983,1057,3097,1072,1537
6311806,455.78,305.625,461.86,316.65,991,2977,1051,3100,1067,1538
6311808,456.18,304.95,461.78,316.875,995,2970,1050,3103,1071,1538
6311810,455.46,305.475,462.34,315.9,987,2976,1056,3093,1070,1542
6311812,455.94,304.425,461.86,316.35,992,2965,1050,3098,1073,1541
6311814,455.86,305.55,462.34,315.45,990,2977,1056,3088,1071,1543
6311816,455.94,306.15,462.1,315.525,991,2984,1053,3089,1072,1545
6311818,456.02,305.1,461.94,315.15,993,2972,1051,3085,1068,1546
6311820,455.86,304.725,462.26,315.3,991,2969,1054,3087,1072,1545
6311822,454.9,304.5,462.34,315.675,981,2966,1055,3091,1074,1544
6311824,455.78,305.1,462.58,315.075,989,2973,1057,3085,1073,1548
6311826,455.06,304.8,462.18,314.85,981,2970,1054,3082,1073,1547
6311828,456.1,304.5,462.26,314.7,993,2967,1054,3081,1070,1548
6311830,455.86,303.9,462.34,314.55,990,2960,1055,3080,1072,1549
6311832,456.18,304.05,462.26,314.85,993,2962,1054,3083,1073,1550
6311834,456.1,304.725,462.5,314.625,991,2970,1056,3081,1071,1551
6311836,455.7,304.875,462.5,314.325,987,2971,1056,3077,1070,1551
6311838,455.86,304.125,462.42,314.85,989,2963,1055,3083,1078,1555
6311840,455.7,305.25,462.5,314.625,987,2975,1056,3080,1075,1551
6311842,454.5,303.6,462.82,314.1,974,2957,1059,3075,1079,1552
6311844,455.3,304.95,462.34,314.775,983,2972,1054,3082,1079,1555
6311846,455.38,303.675,462.66,314.475,984,2958,1057,3079,1078,1553
6311848,454.98,304.2,462.9,314.775,980,2963,1060,3082,1081,1555
6311850,455.62,303.675,462.74,314.475,987,2958,1058,3079,1082,1559
6311852,455.46,303.825,462.5,315.3,985,2959,1056,3088,1081,1554
6311854,455.22,303.9,462.82,314.625,982,2960,1059,3080,1080,1561
6311856,456.1,305.25,463.14,314.1,991,2975,1062,3075,1080,1562
6311858,454.9,305.175,462.58,314.55,979,2973,1057,3079,1085,1561
6311860,455.38,304.65,463.06,315.6,984,2968,1061,3091,1085,1562
6311862,455.54,304.65,463.06,315.225,986,2968,1061,3086,1084,1560
6311864,455.78,304.875,463.22,315.15,988,2970,1063,3085,1088,1563
6311866,455.22,303.3,463.46,314.7,983,2953,1066,3081,1087,1566
6311868,455.62,304.35,463.3,314.55,987,2964,1065,3079,1085,1566
6311870,455.62,304.575,463.46,314.475,987,2967,1066,3078,1089,1569
6311872,455.22,304.2,463.86,314.925,983,2962,1071,3083,1091,1568
6311874,455.14,304.95,463.7,314.475,982,2970,1069,3078,1088,1570
6311876,455.06,304.05,463.54,314.625,982,2960,1068,3079,1091,1570
6311878,455.54,305.925,463.86,314.55,986,2981,1071,3078,1096,1568
6311880,454.58,305.85,463.86,314.325,977,2980,1071,3075,1093,1574
6311882,455.62,305.175,464.18,314.1,987,2972,1075,3073,1089,1572
6311884,455.86,304.275,464.26,314.325,991,2962,1076,3075,1093,1572
6311886,455.14,304.875,463.62,314.1,983,2969,1069,3073,1093,1575
6311888,455.86,304.95,464.02,314.325,990,2970,1073,3075,1096,1573
6311890,456.34,305.175,464.1,314.025,996,2972,1074,3072,1102,1572
6311892,455.78,305.7,464.18,313.65,990,2977,1075,3068,1097,1576
6311894,455.46,305.025,464.02,314.175,986,2970,1073,3073,1101,1575
6311896,456.02,304.8,464.1,314.775,992,2968,1075,3080,1104,1578
6311898,456.18,303.675,464.02,313.95,995,2956,1074,3071,1103,1575
6311900,455.94,304.8,464.02,314.325,992,2968,1074,3075,1107,1577
6311902,455.62,305.25,464.1,313.875,988,2973,1075,3070,1103,1581
6311904,456.26,304.2,464.34,313.575,996,2961,1077,3067,1104,1583
6311906,455.86,304.875,464.18,313.95,991,2969,1076,3071,1111,1584
6311908,456.34,305.625,464.02,313.725,996,2977,1075,3069,1106,1581
6311910,456.1,304.875,464.42,313.875,993,2968,1079,3070,1106,1583
6311912,455.7,304.35,464.02,313.725,989,2963,1075,3069,1105,1584
6311914,455.7,305.1,464.5,313.95,990,2971,1080,3071,1117,1585
6311916,456.26,304.35,464.26,314.4,996,2963,1077,3076,1116,1589
6311918,455.62,303.225,464.58,315,989,2950,1080,3083,1116,1591
6311920,456.18,305.7,464.26,315.45,994,2978,1076,3088,1119,1596
6311922,455.78,304.35,464.18,314.475,990,2963,1075,3077,1117,1592
6311924,455.62,304.8,464.1,314.625,988,2968,1074,3079,1114,1594
6311926,456.42,305.55,464.98,315.9,996,2976,1083,3093,1113,1596
6311928,456.9,304.575,464.74,314.175,1001,2966,1081,3074,1118,1597
6311930,456.9,303.3,464.58,315.45,1002,2952,1079,3088,1117,1601
6311932,455.7,305.25,464.02,315.525,988,2973,1073,3089,1120,1603
6311934,455.54,305.175,464.26,314.025,987,2972,1075,3072,1118,1596
6311936,456.34,304.35,464.34,316.125,995,2963,1076,3095,1121,1604
6311938,455.86,303.675,464.58,315.3,991,2956,1079,3086,1121,1608
6311940,455.86,304.425,463.7,314.85,991,2963,1070,3080,1121,1605
6311942,455.78,303.225,463.7,314.625,990,2950,1070,3078,1118,1606
6311944,456.5,302.025,464.74,314.625,998,2937,1081,3078,1122,1608
6311946,457.06,303.225,464.26,315.15,1004,2950,1076,3083,1123,1611
6311948,455.46,302.625,463.86,315.075,986,2943,1072,3082,1126,1609
6311950,456.42,303.15,464.74,315.6,997,2949,1080,3089,1126,1615
6311952,456.66,303.9,464.02,315.225,999,2957,1072,3083,1127,1611
6311954,456.18,302.475,463.78,315.3,994,2941,1070,3085,1131,1615
6311956,456.1,301.575,464.34,314.625,993,2930,1076,3077,1130,1613
6311958,456.74,302.475,464.34,314.4,1000,2941,1076,3074,1130,1618
6311960,456.34,302.25,463.62,315.225,996,2937,1068,3083,1133,1614
6311962,455.86,302.625,463.38,314.925,991,2942,1066,3079,1135,1618
6311964,456.42,302.025,463.62,314.7,996,2935,1068,3077,1133,1620
6311966,456.66,300.375,463.78,313.95,999,2917,1071,3068,1135,1620
6311968,457.22,301.425,463.62,315.675,1005,2928,1068,3087,1133,1622
6311970,456.9,300.9,463.78,315.3,1002,2922,1070,3083,1138,1622
6311972,456.66,302.025,463.38,315.075,999,2934,1065,3079,1136,1627
6311974,455.86,301.575,463.38,314.85,991,2929,1066,3077,1138,1626
6311976,455.7,303.15,463.7,315.45,989,2945,1069,3083,1137,1624
6311978,456.5,302.025,463.46,314.7,997,2934,1067,3075,1139,1626
6311980,456.34,302.25,463.62,315.075,995,2935,1068,3079,1143,1626
6311982,456.98,301.875,463.7,315.675,1003,2932,1069,3085,1141,1626
6311984,456.66,301.725,463.38,315.525,999,2929,1065,3083,1143,1630
6311986,456.1,301.5,463.14,315.525,993,2927,1063,3083,1144,1630
6311988,455.94,300.825,463.94,316.05,991,2919,1070,3089,1142,1631
6311990,456.5,302.625,463.54,315.975,997,2939,1067,3088,1138,1630
6311992,456.42,303.675,462.98,315.75,995,2950,1060,3085,1148,1632
6311994,456.18,301.65,463.78,316.2,993,2928,1068,3091,1142,1634
6311996,456.34,303.375,463.62,316.125,994,2947,1067,3090,1143,1635
6311998,456.74,303.3,463.38,315.375,998,2947,1064,3081,1148,1636
6312000,456.34,302.4,463.62,316.2,995,2937,1067,3091,1145,1636
6312002,456.02,303.225,463.86,316.35,991,2945,1069,3093,1150,1637
6312004,456.58,305.1,463.62,316.275,996,2966,1067,3091,1150,1638
6312006,456.26,303.6,463.54,316.425,993,2950,1065,3093,1151,1636
6312008,456.26,303.225,463.62,315.975,993,2946,1067,3088,1152,1639
6312010,456.74,304.2,463.54,316.05,997,2957,1065,3089,1154,1637
6312012,455.94,303.225,463.46,316.5,990,2946,1065,3095,1149,1639
6312014,456.02,301.275,463.7,316.5,991,2925,1067,3095,1155,1637
6312016,455.94,303.075,463.94,316.35,990,2944,1070,3093,1154,1639
6312018,456.26,303.975,463.62,316.2,993,2954,1066,3091,1154,1641
6312020,456.18,301.425,463.78,316.575,993,2927,1068,3096,1152,1641
6312022,456.5,302.325,463.94,315.975,996,2937,1070,3089,1156,1644
6312024,455.86,302.625,463.86,316.425,989,2940,1069,3095,1156,1640
6312026,456.98,303,463.78,315.975,1001,2945,1069,3089,1152,1638
6312028,456.26,302.625,463.86,316.05,993,2941,1069,3091,1160,1642
6312030,456.1,302.775,463.94,315.75,992,2942,1069,3088,1155,1641
6312032,455.94,302.85,463.86,315.825,990,2943,1069,3088,1158,1641
6312034,455.3,302.025,464.02,315.6,984,2934,1071,3086,1161,1642
6312036,455.62,303,464.02,315.45,986,2945,1071,3085,1155,1644
6312038,455.94,300.675,463.94,315.75,991,2919,1070,3088,1156,1643
6312040,455.7,301.425,464.02,315.225,988,2928,1071,3082,1160,1643
6312042,455.54,301.725,464.26,315.15,986,2931,1074,3082,1160,1644
6312044,456.42,299.175,464.18,315,996,2903,1073,3080,1161,1644
6312046,456.9,300.225,464.74,314.85,1000,2915,1078,3079,1165,1647
6312048,456.42,302.25,464.66,314.85,995,2937,1078,3078,1164,1647
6312050,457.38,300.75,464.34,314.475,1006,2921,1075,3074,1159,1646
6312052,456.26,300.45,464.66,314.85,994,2917,1078,3078,1171,1647
6312054,456.18,301.2,464.5,315.075,993,2925,1076,3081,1163,1646
6312056,456.9,299.475,464.58,314.775,1001,2907,1078,3077,1163,1648
6312058,456.82,300.525,464.82,314.925,1000,2918,1080,3079,1167,1649
6312060,456.42,302.85,464.18,315.6,996,2943,1073,3086,1163,1646
6312062,456.98,300.675,464.34,315.075,1002,2920,1075,3080,1167,1646
6312064,456.02,302.55,464.26,315,992,2940,1074,3079,1166,1645
6312066,457.22,298.95,464.5,315.675,1005,2900,1077,3087,1166,1649
6312068,456.26,301.575,464.58,315.15,994,2929,1077,3081,1168,1648
6312070,456.5,302.175,464.74,315.675,997,2936,1079,3087,1168,1652
6312072,457.38,301.2,464.9,315.75,1006,2925,1081,3087,1170,1651
6312074,456.82,301.875,464.5,315.3,1000,2932,1076,3082,1168,1652
6312076,456.42,301.875,464.74,315.975,996,2932,1079,3090,1167,1653
6312078,456.66,301.425,464.5,316.05,998,2927,1076,3090,1169,1650
6312080,457.62,302.25,464.42,315.825,1008,2936,1076,3088,1170,1652
6312082,455.62,303,464.1,316.575,987,2944,1072,3096,1172,1651
6312084,455.86,303.525,463.86,316.875,990,2951,1069,3100,1172,1652
6312086,454.5,302.325,464.02,316.725,976,2937,1071,3098,1176,1652
6312088,455.62,302.775,464.02,316.8,987,2942,1071,3099,1165,1652
6312090,454.74,302.4,463.38,317.1,978,2938,1065,3102,1171,1651
6312092,455.3,302.925,464.1,316.95,984,2944,1072,3101,1172,1654
6312094,453.94,303.15,463.78,317.1,970,2946,1069,3102,1171,1655
6312096,454.82,302.175,463.38,317.775,979,2936,1064,3111,1169,1652
6312098,454.66,302.625,463.54,317.55,977,2941,1066,3108,1177,1657
6312100,455.14,303,463.7,317.4,982,2945,1067,3107,1172,1654
6312102,454.9,303.15,463.46,317.7,979,2947,1065,3110,1174,1656
6312104,454.58,304.05,463.78,317.925,976,2957,1068,3113,1176,1660
6312106,454.34,304.35,464.18,318.15,973,2960,1072,3116,1174,1660
6312108,454.26,303.9,463.7,317.625,972,2956,1067,3110,1171,1657
6312110,454.98,304.2,463.78,318,980,2960,1068,3115,1175,1658
6312112,454.5,304.5,463.38,318.15,974,2963,1063,3116,1181,1659
6312114,453.94,305.55,463.62,317.625,967,2974,1066,3111,1176,1663
6312116,453.3,303.75,463.62,317.775,962,2954,1066,3112,1179,1659
6312118,453.86,304.125,463.14,316.875,967,2959,1061,3102,1181,1659
6312120,453.54,304.5,463.38,317.175,964,2963,1063,3106,1178,1660
6312122,453.14,303.975,463.54,317.1,960,2957,1066,3105,1177,1659
6312124,452.82,303,463.14,316.95,957,2946,1061,3103,1183,1663
6312126,453.94,304.875,463.94,316.95,968,2967,1070,3103,1175,1662
6312128,452.58,304.65,463.14,316.5,954,2964,1061,3098,1179,1664
6312130,453.78,302.775,462.58,316.5,967,2944,1055,3098,1181,1666
6312132,452.42,303.6,463.3,316.125,952,2953,1063,3093,1179,1661
6312134,453.22,301.875,462.9,315.9,961,2933,1058,3091,1181,1662
6312136,452.74,301.875,462.58,315.675,956,2933,1055,3088,1178,1666
6312138,453.7,302.625,462.66,315.375,966,2941,1056,3085,1178,1667
6312140,452.9,301.125,462.98,315.675,958,2924,1059,3088,1184,1663
6312142,452.98,302.7,462.26,315.45,958,2941,1051,3085,1179,1667
6312144,452.34,302.625,461.78,315.9,952,2940,1047,3089,1184,1670
6312146,452.9,301.275,462.9,316.05,958,2925,1058,3091,1181,1671
6312148,452.82,301.35,462.5,315.675,958,2925,1055,3086,1180,1669
6312150,451.7,302.925,462.9,315.75,945,2942,1059,3087,1178,1670
6312152,452.34,302.55,462.82,316.2,952,2937,1059,3090,1183,1671
6312154,452.42,301.875,462.5,315.525,954,2930,1055,3083,1182,1669
6312156,452.18,303.675,462.58,316.35,951,2948,1056,3091,1181,1675
6312158,452.58,303.825,463.3,316.575,955,2950,1064,3094,1181,1670
6312160,453.62,303.375,463.3,317.175,966,2945,1065,3099,1184,1674
6312162,453.22,303.975,463.46,317.025,962,2951,1066,3098,1179,1676
6312164,453.54,303.9,463.62,317.55,966,2949,1068,3103,1181,1675
6312166,453.3,305.025,463.3,316.95,963,2961,1065,3096,1183,1676
6312168,453.7,304.425,463.86,317.55,968,2954,1071,3102,1185,1674
6312170,453.7,305.1,464.26,317.175,968,2961,1076,3098,1182,1675
6312172,453.3,304.725,464.82,317.775,965,2956,1082,3103,1183,1672
6312174,453.14,304.5,464.18,316.875,963,2953,1076,3093,1184,1676
6312176,454.1,304.725,463.86,317.325,975,2954,1073,3097,1182,1676
6312178,454.34,305.025,464.58,317.85,977,2958,1080,3103,1185,1674
6312180,453.7,304.5,464.26,317.7,971,2951,1079,3100,1186,1673
6312182,453.22,303.75,464.66,317.25,967,2943,1083,3095,1182,1675
6312184,454.42,304.5,464.5,317.7,981,2951,1082,3099,1183,1676
6312186,454.82,302.775,464.98,317.7,985,2932,1088,3099,1187,1674
6312188,455.06,304.35,465.3,317.025,988,2948,1092,3091,1180,1676
6312190,454.9,304.725,464.74,317.1,987,2952,1087,3092,1185,1676
6312192,455.3,303.375,465.22,316.875,993,2936,1093,3088,1186,1677
6312194,454.66,303.15,464.82,317.7,986,2934,1088,3097,1185,1678
6312196,454.58,303.6,465.38,317.475,986,2938,1095,3094,1188,1676
6312198,454.9,302.625,465.22,317.175,989,2927,1094,3091,1188,1677
6312200,455.06,302.925,465.22,317.325,992,2930,1095,3092,1185,1676
6312202,455.22,304.125,465.22,317.175,994,2943,1095,3090,1189,1677
6312204,455.22,303,465.46,317.325,996,2931,1099,3092,1185,1676
6312206,455.14,304.95,465.54,316.8,994,2952,1100,3086,1184,1677
6312208,455.38,305.25,465.38,317.625,998,2955,1100,3094,1187,1678
6312210,454.74,304.275,465.7,317.025,992,2944,1103,3088,1191,1681
6312212,454.98,303.75,465.62,318,996,2938,1104,3099,1188,1681
6312214,455.22,304.875,465.62,317.775,998,2951,1103,3096,1188,1679
6312216,454.18,305.475,465.62,318.075,988,2957,1105,3099,1184,1680
6312218,454.5,303.75,465.7,318,993,2938,1106,3099,1182,1683
6312220,454.74,304.275,465.78,318.15,996,2943,1108,3100,1191,1683
6312222,455.22,304.95,466.02,318.675,1000,2952,1109,3106,1188,1684
6312224,454.98,305.25,466.1,318.45,999,2955,1111,3103,1187,1682
6312226,454.58,306,465.7,318.75,994,2963,1107,3107,1185,1685
6312228,454.9,305.775,466.1,319.05,999,2961,1113,3110,1187,1684
6312230,454.18,304.95,465.46,319.275,991,2951,1106,3113,1187,1688
6312232,455.38,304.875,465.38,318.675,1005,2951,1106,3106,1186,1688
6312234,454.42,306.75,465.86,318.975,995,2972,1111,3110,1184,1688
6312236,454.58,305.625,465.54,318.975,998,2960,1109,3110,1186,1687
6312238,454.34,305.25,465.86,318.525,996,2956,1112,3105,1186,1690
6312240,453.94,305.775,465.46,318.45,992,2961,1110,3104,1189,1689
6312242,454.66,306.075,465.78,318.9,999,2965,1112,3110,1187,1689
6312244,453.54,306.375,465.38,318.525,989,2968,1110,3106,1186,1688
6312246,452.98,305.85,465.7,318.9,982,2962,1112,3110,1184,1690
6312248,453.62,305.25,465.14,319.125,990,2957,1108,3113,1188,1690
6312250,453.94,306.45,465.14,318.975,994,2970,1108,3111,1188,1691
6312252,453.06,306.3,465.62,318.825,985,2968,1113,3110,1190,1691
6312254,453.94,304.8,464.82,318.525,995,2952,1105,3107,1183,1693
6312256,453.78,305.625,464.66,318.375,993,2961,1104,3105,1190,1692
6312258,453.7,306.15,464.98,317.625,992,2967,1107,3097,1190,1694
6312260,453.06,305.85,464.82,317.625,986,2963,1107,3097,1184,1695
6312262,453.22,303.825,464.42,317.4,989,2941,1102,3095,1191,1696
6312264,453.14,303.9,464.66,316.875,988,2943,1106,3089,1184,1692
6312266,453.46,304.35,464.74,316.2,992,2947,1107,3082,1187,1694
6312268,453.46,305.325,464.58,316.8,992,2958,1106,3088,1186,1693
6312270,453.06,302.475,464.02,316.8,989,2926,1100,3088,1189,1696
6312272,452.1,304.425,463.7,317.025,978,2948,1097,3090,1188,1699
6312274,453.06,304.5,464.34,316.875,988,2949,1103,3089,1190,1697
6312276,452.82,303.075,463.7,316.725,986,2934,1096,3087,1189,1698
6312278,453.3,304.275,463.62,315.975,991,2947,1096,3079,1189,1698
6312280,452.42,305.25,463.78,316.35,982,2957,1097,3083,1189,1701
6312282,452.02,303.3,464.02,316.425,978,2936,1100,3084,1188,1701
6312284,452.66,304.575,463.94,315.9,984,2950,1100,3078,1187,1703
6312286,452.74,303.6,463.7,317.7,986,2939,1097,3098,1191,1700
6312288,452.66,303.825,463.62,316.95,984,2941,1096,3090,1193,1704
6312290,452.98,304.575,463.86,316.95,987,2950,1098,3090,1190,1703
6312292,451.78,305.7,463.62,317.25,974,2962,1095,3093,1191,1706
6312294,452.66,305.775,463.7,316.95,984,2963,1096,3089,1192,1703
6312296,452.18,305.85,463.7,317.4,978,2964,1096,3094,1189,1706
6312298,452.1,305.775,463.62,317.175,977,2963,1095,3093,1189,1707
6312300,452.26,306.075,462.9,318.075,978,2967,1087,3102,1188,1705
6312302,452.34,306.75,463.62,317.7,979,2974,1095,3098,1189,1705
6312304,452.66,307.05,463.22,318.225,982,2978,1090,3104,1190,1704
6312306,451.38,306.675,463.3,318,969,2973,1091,3102,1192,1709
6312308,451.46,307.05,463.22,318.675,969,2978,1089,3109,1187,1704
6312310,451.78,307.95,464.1,317.925,972,2988,1099,3102,1189,1712
6312312,452.5,309.15,463.54,317.4,979,3002,1093,3097,1190,1712
6312314,452.18,307.125,464.18,318.45,977,2980,1100,3108,1194,1708
6312316,452.02,307.2,463.86,317.475,975,2981,1096,3097,1194,1712
6312318,452.42,306.375,463.38,317.625,979,2972,1091,3099,1191,1709
6312320,451.62,307.65,463.94,317.7,970,2986,1097,3101,1188,1709
6312322,451.86,304.95,464.1,317.175,973,2956,1098,3095,1189,1712
6312324,452.34,306.15,463.94,316.35,978,2971,1097,3087,1190,1713
6312326,452.02,305.4,463.86,316.725,975,2962,1096,3091,1189,1715
6312328,452.42,305.4,464.02,316.35,979,2962,1098,3087,1192,1714
6312330,453.06,305.85,463.54,314.625,985,2968,1093,3068,1192,1717
6312332,452.42,305.025,463.3,315.225,979,2959,1090,3074,1191,1719
6312334,452.5,305.4,463.22,314.1,980,2963,1090,3062,1194,1724
6312336,452.34,304.2,463.14,313.95,978,2950,1089,3061,1192,1718
6312338,452.74,304.05,463.7,313.5,982,2948,1095,3056,1192,1723
6312340,453.38,304.5,463.54,314.1,988,2953,1092,3063,1194,1722
6312342,452.18,305.4,463.7,313.275,976,2963,1094,3053,1192,1724
6312344,452.58,304.425,464.18,313.125,980,2953,1099,3052,1190,1722
6312346,452.98,303.15,463.46,313.875,985,2939,1091,3060,1196,1727
6312348,453.38,302.325,463.46,313.725,989,2929,1092,3059,1194,1722
6312350,452.74,302.7,463.54,313.8,982,2934,1092,3059,1194,1725
6312352,453.22,302.85,463.62,313.575,987,2935,1093,3057,1191,1729
6312354,452.74,303,464.18,313.8,982,2937,1098,3059,1195,1726
6312356,453.14,303.6,463.62,313.65,986,2943,1093,3057,1192,1727
6312358,453.14,303.825,462.98,313.5,985,2945,1087,3055,1192,1727
6312360,453.14,305.325,463.3,314.175,985,2962,1089,3062,1192,1728
6312362,452.5,304.65,463.22,313.425,978,2954,1089,3054,1194,1729
6312364,452.34,304.95,463.46,313.725,977,2957,1092,3057,1192,1731
6312366,452.82,303.975,463.22,314.4,983,2947,1089,3065,1192,1727
6312368,453.7,305.175,463.78,314.85,992,2960,1095,3069,1193,1729
6312370,452.66,304.875,463.7,314.55,981,2956,1094,3066,1193,1729
6312372,452.9,305.625,463.54,314.4,983,2964,1092,3064,1192,1731
6312374,453.62,304.5,464.26,314.4,991,2952,1100,3064,1194,1732
6312376,452.26,304.875,464.34,314.775,977,2956,1101,3068,1195,1728
6312378,453.3,306,463.86,315.075,988,2968,1095,3072,1195,1730
6312380,452.9,305.25,464.02,315,983,2960,1097,3071,1195,1733
6312382,453.94,305.475,464.02,315.225,994,2963,1097,3073,1195,1733
6312384,453.78,305.4,464.18,315.15,992,2962,1099,3073,1194,1732
6312386,453.62,305.4,464.26,315.075,990,2963,1100,3072,1194,1733
6312388,453.54,306.6,464.26,314.7,989,2976,1099,3068,1195,1733
6312390,452.98,307.125,464.5,314.475,983,2981,1102,3066,1193,1736
6312392,453.78,305.85,464.18,314.7,992,2968,1098,3069,1197,1736
6312394,453.3,305.85,464.18,314.625,987,2968,1098,3068,1193,1734
6312396,453.7,305.625,464.34,314.25,991,2966,1100,3064,1195,1737
6312398,454.5,305.85,463.94,314.925,999,2969,1095,3071,1195,1736
6312400,453.38,306,464.9,315.075,986,2971,1105,3074,1192,1735
6312402,454.42,307.725,464.58,314.55,997,2989,1102,3068,1199,1743
6312404,453.62,307.425,464.42,314.25,989,2986,1100,3065,1194,1739
6312406,454.18,306.6,464.34,313.875,995,2978,1100,3061,1202,1740
6312408,454.42,306.225,463.86,314.325,997,2974,1094,3066,1200,1738
6312410,454.1,306.675,464.66,313.725,993,2979,1102,3060,1197,1741
6312412,454.02,307.35,464.34,313.8,991,2986,1098,3061,1201,1737
6312414,453.22,306.225,463.94,314.025,983,2974,1094,3064,1194,1739
6312416,453.54,305.25,464.5,313.35,986,2964,1100,3057,1196,1739
6312418,453.78,305.925,464.26,314.1,989,2971,1097,3065,1201,1740
6312420,453.54,305.775,464.18,312.75,986,2970,1096,3051,1198,1746
6312422,453.7,304.275,464.34,312.6,988,2954,1097,3048,1195,1745
6312424,453.54,304.95,464.42,313.05,985,2961,1097,3054,1199,1743
6312426,454.26,305.025,464.1,313.2,993,2962,1094,3055,1198,1744
6312428,453.7,304.275,464.18,312.975,986,2954,1094,3053,1199,1743
6312430,453.46,304.575,464.34,312.975,983,2958,1095,3053,1201,1743
6312432,453.86,305.025,464.34,312.675,987,2962,1095,3050,1197,1744
6312434,453.94,302.325,464.02,312.45,989,2933,1092,3047,1199,1747
6312436,453.62,304.725,463.78,312.675,983,2959,1088,3050,1198,1747
6312438,453.14,304.5,464.18,312.75,979,2956,1092,3050,1198,1747
6312440,453.62,303.975,463.46,312.675,983,2950,1084,3049,1196,1749
6312442,453.14,303.9,464.26,312.75,978,2949,1092,3050,1206,1747
6312444,452.74,304.425,463.78,312.6,973,2954,1087,3048,1199,1748
6312446,453.14,304.575,463.54,312.75,977,2956,1084,3050,1200,1749
6312448,453.06,304.125,463.46,312.975,976,2950,1083,3051,1198,1748
6312450,453.54,303.225,462.82,312.45,981,2941,1076,3045,1203,1756
6312452,453.62,304.275,463.54,312.45,981,2952,1083,3045,1200,1749
6312454,452.98,304.275,462.82,311.775,975,2952,1075,3037,1205,1755
6312456,452.18,303.6,463.14,311.55,966,2944,1078,3034,1202,1754
6312458,452.34,303.375,463.22,312.9,967,2941,1079,3049,1201,1752
6312460,452.42,304.275,463.14,312.075,967,2950,1077,3039,1205,1755
6312462,452.1,305.55,463.06,311.925,963,2964,1077,3038,1200,1758
6312464,453.7,304.35,462.42,311.625,979,2951,1069,3034,1202,1758
6312466,453.3,304.875,462.58,312.6,975,2956,1070,3045,1202,1756
6312468,451.78,304.2,463.14,312,958,2948,1075,3037,1206,1756
6312470,452.1,305.325,462.58,311.925,962,2960,1070,3037,1204,1759
6312472,452.9,304.575,463.06,311.925,969,2952,1074,3036,1206,1756
6312474,453.78,303.45,463.06,312.3,979,2940,1074,3040,1202,1756
6312476,453.54,305.175,462.98,312.15,975,2958,1072,3038,1204,1759
6312478,452.58,304.275,462.42,311.475,965,2948,1067,3030,1206,1764
6312480,453.14,304.275,463.14,312.225,971,2947,1074,3038,1206,1758
6312482,453.54,305.025,462.34,311.925,975,2956,1065,3035,1207,1762
6312484,453.7,305.475,462.5,312.075,976,2960,1066,3036,1208,1760
6312486,453.3,303.975,463.3,311.775,972,2944,1075,3032,1210,1760
6312488,453.14,305.175,463.06,312,969,2956,1072,3035,1208,1759
6312490,453.62,303.225,462.9,311.1,974,2936,1070,3025,1210,1765
6312492,454.58,304.2,463.54,311.1,983,2946,1076,3025,1208,1763
6312494,454.5,305.775,463.46,311.25,983,2963,1075,3027,1208,1761
6312496,454.18,303.15,463.38,310.8,979,2935,1074,3022,1208,1765
6312498,453.86,303.825,463.7,311.25,976,2941,1077,3026,1207,1763
6312500,453.86,303.9,463.38,311.325,975,2942,1073,3027,1211,1764
6312502,454.34,303.45,463.54,311.175,981,2937,1075,3025,1212,1765
6312504,454.18,302.625,463.54,310.65,979,2928,1076,3020,1213,1763
6312506,454.26,303.825,463.62,311.25,980,2941,1076,3026,1213,1766
6312508,454.66,304.35,463.86,310.8,983,2947,1079,3020,1213,1768
6312510,454.26,302.85,463.54,310.425,980,2930,1075,3016,1214,1768
6312512,453.86,304.8,463.78,310.725,975,2952,1078,3020,1211,1766
6312514,455.62,303.9,463.62,310.65,994,2942,1076,3019,1209,1768
6312516,455.06,301.95,464.26,310.5,988,2921,1082,3018,1212,1766
6312518,453.94,303.15,463.78,310.8,976,2934,1078,3021,1208,1768
6312520,455.14,303.975,464.1,310.125,989,2943,1081,3014,1208,1769
6312522,453.78,303.45,463.7,310.65,975,2936,1077,3019,1209,1770
6312524,454.5,304.65,464.66,310.575,982,2950,1087,3019,1214,1767
6312526,455.3,302.55,464.26,310.275,991,2928,1082,3015,1210,1770
6312528,454.34,304.5,464.58,310.35,981,2949,1086,3017,1212,1770
6312530,455.38,303,464.42,310.8,991,2933,1085,3021,1209,1771
6312532,454.9,305.85,464.74,311.025,986,2964,1088,3024,1216,1769
6312534,455.22,303.525,464.74,310.35,990,2938,1088,3017,1211,1768
6312536,454.98,304.05,465.06,310.8,988,2944,1092,3022,1210,1767
6312538,455.86,304.35,464.58,311.7,997,2948,1086,3031,1214,1766
6312540,456.02,303.75,464.58,310.95,999,2941,1087,3023,1215,1769
6312542,455.78,304.65,465.38,311.475,996,2951,1095,3029,1214,1764
6312544,455.94,303.675,464.58,310.95,998,2940,1087,3023,1216,1770
6312546,455.7,303.075,465.22,310.875,996,2934,1094,3022,1213,1769
6312548,455.86,305.925,465.06,311.85,997,2965,1092,3033,1214,1768
6312550,455.78,305.325,465.14,311.25,997,2959,1093,3027,1217,1771
6312552,455.54,303.6,464.66,310.875,995,2939,1089,3022,1220,1771
6312554,454.9,303.9,464.98,310.425,988,2943,1092,3017,1212,1772
6312556,455.94,304.275,464.82,311.325,999,2948,1090,3028,1214,1767
6312558,455.14,302.775,465.06,310.95,992,2930,1094,3024,1217,1769
6312560,455.54,305.175,464.98,311.025,996,2958,1093,3025,1217,1768
6312562,455.22,304.05,464.98,310.35,993,2945,1093,3018,1220,1773
6312564,455.46,303.525,464.9,311.55,996,2939,1092,3031,1217,1770
6312566,455.78,302.625,464.66,311.025,999,2930,1090,3025,1213,1769
6312568,455.7,304.425,465.06,310.875,999,2950,1094,3023,1216,1772
6312570,455.7,303.375,464.66,311.325,998,2938,1090,3028,1219,1770
6312572,455.7,303.375,464.98,310.95,999,2938,1094,3024,1217,1771
6312574,455.86,304.5,464.9,310.65,1000,2951,1093,3021,1219,1770
6312576,456.26,304.65,464.34,311.025,1005,2952,1088,3025,1218,1772
6312578,455.7,303.6,464.98,310.95,999,2941,1094,3024,1220,1771
6312580,455.78,304.95,465.06,310.725,1000,2955,1096,3022,1219,1771
6312582,454.74,304.5,464.58,310.95,989,2951,1091,3025,1217,1773
6312584,455.78,305.325,464.9,311.025,1001,2960,1094,3026,1219,1770
6312586,455.78,303.6,464.58,310.65,1001,2941,1091,3022,1221,1774
6312588,455.94,302.7,464.26,311.625,1003,2932,1088,3033,1225,1773
6312590,455.46,303.975,464.02,311.025,998,2946,1085,3026,1223,1776
6312592,455.14,304.2,465.46,310.575,994,2949,1101,3022,1224,1774
6312594,455.78,303.975,464.74,311.025,1001,2946,1093,3027,1223,1773
6312596,455.94,305.025,464.58,310.875,1003,2958,1092,3026,1221,1775
6312598,455.22,303.3,464.26,310.5,995,2939,1089,3021,1225,1777
6312600,455.86,305.7,464.34,310.95,1001,2966,1089,3026,1222,1774
6312602,455.3,304.575,464.58,310.95,996,2953,1092,3026,1223,1773
6312604,456.18,305.85,464.1,310.8,1005,2968,1087,3025,1226,1777
6312606,455.38,304.875,464.58,310.275,997,2957,1092,3020,1227,1777
6312608,455.54,304.725,464.02,310.35,998,2956,1086,3021,1228,1778
6312610,455.22,303.825,464.18,309.675,995,2946,1088,3013,1228,1780
6312612,454.5,304.725,464.66,309.6,988,2956,1093,3013,1224,1777
6312614,455.22,303.6,464.18,310.8,995,2944,1087,3026,1224,1775
6312616,455.86,305.475,463.94,310.725,1001,2965,1085,3026,1229,1778
6312618,456.9,305.325,463.78,309.525,1012,2964,1083,3012,1224,1784
6312620,455.94,303.825,463.78,309.9,1002,2948,1083,3017,1226,1780
6312622,456.1,304.875,464.02,309.825,1003,2959,1085,3016,1226,1780
6312624,455.7,305.85,464.1,309.075,999,2970,1086,3008,1222,1784
6312626,454.74,303.675,463.62,309.45,989,2945,1081,3012,1230,1782
6312628,454.66,304.725,463.94,309.975,988,2958,1084,3018,1226,1780
6312630,455.62,304.2,464.18,309.525,998,2952,1087,3014,1228,1781
6312632,454.98,303.975,464.02,309.825,991,2949,1084,3017,1229,1786
6312634,455.38,303.825,464.1,309.45,995,2948,1086,3013,1229,1782
6312636,455.3,304.95,463.78,310.575,994,2961,1081,3026,1225,1779
6312638,455.62,305.4,463.94,309.75,997,2966,1083,3016,1227,1781
6312640,455.3,305.1,463.94,310.2,993,2962,1083,3021,1228,1784
6312642,455.3,304.95,464.1,310.5,993,2961,1084,3025,1231,1783
6312644,455.22,304.95,463.86,310.65,993,2961,1081,3026,1230,1781
6312646,455.7,304.875,464.02,310.875,997,2960,1083,3029,1233,1782
6312648,455.78,304.575,464.1,309.975,998,2958,1084,3020,1227,1784
6312650,455.46,303.825,463.62,311.1,995,2949,1079,3032,1234,1781
6312652,456.26,304.275,464.1,309.6,1003,2954,1084,3015,1226,1788
6312654,455.86,304.425,463.46,309.3,999,2956,1078,3012,1231,1789
6312656,454.9,305.85,463.54,309.375,988,2971,1078,3013,1231,1786
6312658,455.46,306,463.94,309.525,994,2973,1083,3014,1230,1786
6312660,455.78,304.5,463.38,309.675,998,2957,1077,3016,1232,1789
6312662,455.86,305.025,463.46,309.375,999,2962,1077,3012,1232,1787
6312664,456.42,304.35,463.86,309.075,1005,2955,1082,3010,1225,1786
6312666,455.7,303.675,463.7,309.375,998,2948,1080,3013,1232,1785
6312668,455.62,303.45,463.86,308.4,997,2945,1082,3002,1232,1788
6312670,455.94,303.75,463.94,308.55,1000,2948,1083,3004,1238,1786
6312672,456.34,303.375,464.02,308.475,1005,2944,1084,3003,1236,1788
6312674,456.26,303.75,463.94,307.95,1004,2949,1083,2997,1236,1788
6312676,455.7,303.825,464.1,307.875,999,2949,1085,2996,1230,1787
6312678,455.38,303.15,464.1,308.55,996,2941,1086,3004,1234,1791
6312680,456.26,303.6,463.86,308.4,1005,2946,1083,3001,1233,1790
6312682,456.1,302.7,464.18,308.325,1003,2936,1087,3000,1235,1792
6312684,455.54,302.1,464.02,308.25,998,2929,1085,3000,1235,1792
6312686,456.18,304.05,464.42,308.175,1004,2951,1090,2999,1237,1792
6312688,456.9,304.65,464.18,307.95,1012,2958,1087,2996,1233,1792
6312690,456.42,304.2,464.26,308.85,1007,2952,1088,3006,1239,1792
6312692,456.18,303.675,463.78,308.775,1005,2946,1084,3005,1235,1789
6312694,456.18,303.9,464.34,308.325,1005,2949,1089,3000,1235,1790
6312696,455.78,303.45,464.5,308.85,1001,2944,1091,3006,1237,1793
6312698,456.98,304.5,464.1,308.7,1013,2956,1087,3004,1235,1794
6312700,456.82,304.65,464.58,309.45,1012,2958,1092,3012,1236,1790
6312702,456.42,305.85,463.94,309.375,1007,2970,1086,3012,1241,1793
6312704,457.06,304.875,464.5,310.5,1014,2960,1091,3024,1240,1796
6312706,457.3,306.45,464.18,310.425,1017,2977,1088,3024,1238,1796
6312708,456.42,305.625,464.18,310.05,1008,2968,1088,3019,1240,1797
6312710,456.42,304.65,464.1,311.4,1008,2958,1087,3034,1240,1797
6312712,457.54,306.675,464.34,310.8,1019,2980,1090,3028,1240,1801
6312714,456.5,305.4,464.1,310.875,1009,2966,1087,3028,1240,1799
6312716,456.58,306,464.5,312.525,1009,2973,1091,3047,1238,1800
6312718,457.46,306.3,464.9,311.325,1018,2976,1095,3034,1240,1799
6312720,457.54,305.4,464.26,310.35,1019,2967,1089,3023,1235,1795
6312722,456.66,305.4,464.82,311.475,1011,2967,1094,3036,1241,1804
6312724,457.3,306.675,464.74,311.325,1017,2982,1094,3035,1238,1795
6312726,456.82,305.775,464.58,310.875,1012,2972,1092,3029,1241,1799
6312728,456.98,304.725,465.38,311.7,1014,2960,1100,3040,1241,1803
6312730,457.62,306.375,464.74,311.625,1020,2978,1093,3039,1242,1801
6312732,456.74,305.325,464.26,310.875,1011,2967,1089,3030,1241,1798
6312734,457.14,304.65,464.66,311.025,1016,2960,1093,3032,1238,1804
6312736,456.82,306.15,465.14,310.8,1011,2976,1097,3030,1238,1802
6312738,456.1,304.275,464.74,310.35,1005,2955,1094,3025,1242,1798
6312740,456.82,304.425,464.82,310.425,1012,2957,1094,3026,1239,1800
6312742,456.9,304.2,464.5,310.5,1013,2955,1091,3027,1241,1804
6312744,457.54,305.625,464.34,310.125,1019,2971,1089,3022,1237,1796
6312746,457.3,304.8,464.34,311.1,1017,2962,1089,3033,1238,1805
6312748,457.22,304.5,464.58,310.95,1016,2958,1092,3032,1238,1804
6312750,456.98,305.325,464.5,310.5,1014,2968,1092,3027,1239,1804
6312752,456.34,303.675,464.18,310.575,1008,2949,1087,3028,1235,1803
6312754,456.66,304.5,464.02,309.75,1011,2958,1087,3018,1241,1804
6312756,456.9,304.8,464.26,310.95,1012,2961,1088,3032,1242,1804
6312758,456.34,304.575,464.18,310.725,1007,2959,1088,3029,1240,1800
6312760,456.5,303.975,464.18,310.275,1009,2952,1088,3024,1241,1799
6312762,456.18,305.25,464.66,311.175,1005,2966,1093,3034,1244,1806
6312764,456.58,306.075,463.94,310.875,1009,2975,1085,3030,1244,1806
6312766,456.82,305.55,463.86,311.25,1012,2969,1085,3034,1241,1804
6312768,457.06,305.4,464.26,311.925,1015,2968,1088,3041,1245,1806
6312770,456.66,305.025,464.18,311.775,1011,2963,1087,3040,1242,1807
6312772,457.14,305.475,464.26,311.25,1015,2968,1089,3034,1239,1805
6312774,456.34,305.475,464.18,311.85,1007,2967,1088,3040,1247,1810
6312776,457.06,306,464.18,312.45,1015,2974,1088,3047,1242,1806
6312778,456.26,305.025,464.18,312.15,1007,2963,1088,3043,1247,1807
6312780,457.06,305.25,464.58,312.525,1015,2965,1092,3047,1246,1809
6312782,456.82,306.225,464.02,312.6,1012,2976,1086,3048,1247,1807
6312784,456.82,306.975,464.26,312.825,1012,2984,1088,3050,1243,1806
6312786,456.1,305.475,464.34,312.75,1005,2967,1089,3050,1248,1810
6312788,456.18,307.125,464.5,312.675,1005,2986,1091,3049,1247,1806
6312790,456.34,305.325,463.78,312.3,1008,2966,1084,3044,1245,1810
6312792,456.66,305.925,464.02,312.525,1010,2972,1086,3047,1246,1809
6312794,456.58,305.025,463.86,311.925,1010,2962,1084,3040,1242,1805
6312796,456.18,306.225,463.7,312.375,1005,2975,1082,3046,1248,1803
6312798,456.58,304.65,463.62,312.375,1009,2958,1082,3045,1247,1806
6312800,456.26,304.425,464.26,312.3,1006,2956,1088,3045,1247,1810
6312802,456.66,306.225,464.34,311.625,1009,2976,1088,3038,1248,1810
6312804,456.42,305.4,464.34,311.7,1007,2966,1089,3038,1246,1807
6312806,456.5,305.55,463.94,311.25,1008,2968,1085,3033,1247,1812
6312808,456.66,305.55,464.26,310.875,1010,2968,1088,3029,1248,1807
6312810,457.22,304.725,463.94,311.25,1015,2959,1085,3033,1250,1808
6312812,455.94,304.05,464.18,311.025,1003,2952,1087,3031,1250,1809
6312814,456.1,304.65,464.42,311.475,1004,2958,1089,3036,1249,1807
6312816,456.58,304.875,464.26,310.725,1009,2961,1088,3027,1248,1808
6312818,456.74,304.35,464.34,311.1,1010,2955,1088,3031,1249,1811
6312820,456.5,304.2,463.94,311.325,1008,2953,1085,3034,1248,1809
6312822,456.5,304.425,463.94,310.725,1008,2956,1085,3027,1249,1809
6312824,457.14,304.95,464.26,311.25,1014,2961,1088,3033,1246,1814
6312826,456.34,305.025,464.42,311.1,1006,2962,1089,3031,1247,1809
6312828,457.46,304.65,464.02,310.95,1018,2958,1085,3029,1245,1811
6312830,456.66,303.675,464.34,312,1010,2947,1088,3041,1249,1812
6312832,456.26,305.625,464.5,311.7,1005,2968,1090,3038,1251,1811
6312834,457.38,305.925,464.1,311.025,1017,2972,1086,3030,1251,1813
6312836,456.74,305.4,464.1,311.7,1010,2966,1085,3038,1252,1812
6312838,456.42,304.725,464.34,312.075,1007,2958,1088,3042,1251,1811
6312840,456.9,304.875,464.1,312.225,1012,2961,1086,3043,1252,1812
6312842,456.58,305.625,464.42,312.825,1008,2968,1089,3050,1252,1815
6312844,456.1,304.95,464.02,313.125,1004,2961,1085,3053,1249,1815
6312846,456.58,306.9,464.1,312.9,1009,2983,1085,3050,1251,1810
6312848,457.14,306.675,464.02,312.9,1015,2980,1085,3051,1250,1812
6312850,457.3,306.975,463.7,312.525,1016,2983,1082,3046,1253,1812
6312852,456.82,305.7,464.1,313.2,1012,2969,1085,3054,1251,1815
6312854,457.46,307.275,464.34,313.275,1017,2986,1088,3055,1251,1814
6312856,456.82,305.7,464.5,312.525,1012,2969,1090,3047,1251,1815
6312858,456.98,306.3,464.26,313.8,1013,2975,1088,3060,1251,1817
6312860,457.54,306.825,464.42,313.275,1019,2982,1090,3055,1255,1815
6312862,456.9,307.125,464.42,313.65,1012,2985,1090,3059,1254,1812
6312864,456.5,306.3,464.26,313.425,1008,2976,1088,3057,1250,1817
6312866,457.62,307.125,464.58,312.6,1020,2985,1092,3048,1253,1818
6312868,458.42,308.025,465.14,312.375,1029,2996,1098,3045,1252,1816
6312870,456.98,305.55,464.82,312.825,1015,2968,1095,3051,1254,1819
6312872,458.34,306,465.06,312.3,1028,2974,1097,3045,1253,1818
6312874,457.46,305.4,465.14,311.775,1020,2967,1098,3039,1256,1819
6312876,456.98,305.1,464.74,312.375,1016,2964,1095,3046,1255,1819
6312878,457.06,305.625,465.06,311.775,1016,2969,1098,3039,1256,1820
6312880,456.74,306.225,464.98,311.85,1013,2976,1098,3040,1254,1819
6312882,456.9,305.925,464.66,311.55,1014,2972,1094,3037,1255,1820
6312884,457.06,306.525,464.82,311.25,1017,2979,1097,3033,1253,1820
6312886,458.02,304.125,464.26,311.175,1028,2953,1091,3033,1254,1819
6312888,457.86,304.5,464.34,311.475,1026,2957,1091,3036,1254,1822
6312890,457.38,304.425,464.5,310.875,1020,2956,1093,3029,1256,1819
6312892,457.86,305.025,464.58,310.8,1025,2963,1095,3029,1262,1817
6312894,457.38,304.125,464.58,311.325,1021,2953,1094,3035,1257,1823
6312896,457.06,303.75,464.1,310.95,1018,2949,1090,3031,1257,1816
6312898,457.86,303.15,464.82,311.025,1027,2943,1097,3032,1261,1820
6312900,458.5,303.9,464.5,310.725,1034,2951,1094,3028,1255,1821
6312902,457.38,304.725,464.34,310.95,1021,2960,1093,3031,1262,1821
6312904,456.9,305.1,464.26,310.8,1017,2964,1092,3029,1257,1822
6312906,457.38,305.175,464.26,310.875,1021,2965,1092,3030,1259,1822
6312908,457.86,304.875,464.26,310.725,1027,2962,1093,3028,1259,1823
6312910,457.3,304.05,464.66,310.8,1022,2952,1097,3030,1260,1821
6312912,457.54,304.35,464.34,310.8,1024,2956,1094,3029,1263,1824
6312914,456.66,306.15,464.42,311.25,1014,2976,1094,3034,1257,1825
6312916,457.14,305.775,464.26,311.475,1019,2972,1093,3037,1259,1824
6312918,457.22,306.075,464.66,311.25,1020,2976,1097,3035,1263,1825
6312920,456.58,305.625,465.06,312,1014,2971,1101,3044,1258,1823
6312922,456.98,306.15,464.58,311.85,1018,2977,1096,3042,1261,1823
6312924,457.14,306.15,465.06,312,1020,2978,1101,3044,1257,1823
6312926,457.54,306.825,464.42,312.6,1024,2985,1094,3051,1261,1824
6312928,456.98,306.75,464.98,312.75,1018,2985,1100,3053,1258,1826
6312930,457.14,306.75,464.98,312.6,1019,2985,1100,3051,1261,1825
6312932,456.82,306.675,464.9,313.275,1015,2984,1099,3060,1264,1825
6312934,456.42,306.675,464.66,313.35,1012,2984,1096,3060,1265,1827
6312936,456.66,307.125,464.74,312.9,1014,2989,1097,3055,1260,1824
6312938,456.34,306.975,464.5,313.2,1010,2987,1095,3059,1262,1825
6312940,456.18,307.5,464.42,313.5,1009,2994,1094,3063,1264,1830
6312942,456.9,307.275,464.42,313.125,1016,2992,1094,3058,1265,1826
6312944,456.18,307.875,464.5,313.35,1009,2998,1095,3061,1263,1828
6312946,456.42,307.875,464.66,313.95,1011,2998,1096,3068,1265,1829
6312948,455.94,308.625,464.42,313.95,1006,3007,1094,3069,1265,1825
6312950,456.26,308.325,464.42,313.35,1009,3004,1094,3062,1264,1830
6312952,456.58,307.875,464.5,312.75,1014,3000,1095,3056,1269,1830
6312954,455.54,308.7,464.02,313.875,1002,3008,1090,3068,1266,1828
6312956,456.18,309.15,464.26,313.5,1009,3013,1093,3064,1266,1829
6312958,455.86,308.025,464.34,313.35,1006,3001,1094,3063,1267,1832
6312960,454.98,308.625,464.34,313.875,996,3008,1093,3069,1264,1834
6312962,455.14,307.725,464.02,313.8,999,2998,1090,3067,1262,1829
6312964,456.18,308.85,463.7,314.325,1009,3011,1086,3073,1263,1829
6312966,454.74,308.85,464.34,313.875,994,3010,1093,3069,1265,1831
6312968,455.78,310.425,464.18,314.1,1004,3028,1091,3071,1266,1831
6312970,455.06,308.925,463.7,314.475,997,3011,1086,3075,1265,1831
6312972,454.74,308.775,463.94,314.025,994,3009,1089,3069,1268,1829
6312974,456.1,308.85,463.54,313.425,1008,3010,1085,3063,1264,1834
6312976,453.94,309.075,463.38,313.35,985,3012,1083,3062,1268,1830
6312978,454.58,309,463.46,313.2,992,3011,1084,3060,1268,1829
6312980,453.46,308.25,463.22,312.975,980,3002,1081,3057,1266,1831
6312982,454.58,308.325,463.3,312.3,992,3003,1083,3050,1269,1830
6312984,454.02,308.625,463.86,312.45,986,3006,1088,3051,1267,1831
6312986,454.1,306.975,463.46,312.525,987,2987,1084,3052,1262,1830
6312988,454.1,307.2,463.14,312.3,987,2989,1081,3048,1268,1834
6312990,453.22,306.375,463.22,312.6,978,2980,1081,3052,1266,1831
6312992,453.54,306.45,462.98,311.775,982,2980,1079,3042,1262,1832
6312994,453.14,306.6,463.22,311.625,977,2982,1082,3040,1268,1830
6312996,454.66,305.4,463.3,310.725,993,2968,1083,3029,1265,1831
6312998,453.3,306.9,463.3,312,979,2983,1082,3043,1269,1835
6313000,454.18,306.9,463.54,311.4,987,2983,1084,3036,1264,1832
6313002,453.94,306.9,463.7,311.4,984,2983,1086,3036,1271,1830
6313004,454.98,307.05,463.7,311.925,995,2984,1086,3040,1269,1833
6313006,454.26,307.125,463.62,311.7,988,2984,1085,3038,1274,1835
6313008,453.94,307.275,463.7,312.225,984,2985,1085,3042,1273,1830
6313010,454.02,307.725,463.62,312.225,985,2989,1085,3043,1269,1834
6313012,453.94,307.95,464.26,313.05,984,2992,1092,3051,1269,1835
6313014,453.54,307.95,464.02,312.9,980,2991,1089,3049,1271,1836
6313016,453.54,308.625,464.26,313.2,980,2998,1092,3052,1271,1836
6313018,454.02,308.325,464.82,313.575,986,2994,1097,3056,1271,1839
6313020,453.78,308.775,464.34,314.25,984,2999,1093,3063,1274,1835
6313022,454.9,309.75,464.58,314.475,995,3010,1095,3065,1273,1837
6313024,454.02,309.3,464.58,315,986,3004,1095,3070,1269,1835
6313026,454.02,309.3,464.82,314.55,986,3004,1098,3066,1269,1839
6313028,454.34,309.975,464.5,315.225,990,3012,1095,3072,1271,1836
6313030,454.58,310.725,464.9,315.675,992,3019,1100,3077,1271,1841
6313032,455.54,312.075,465.14,315.6,1002,3035,1103,3076,1270,1839
6313034,454.26,310.95,465.3,316.275,989,3021,1104,3084,1274,1837
6313036,455.46,311.175,465.22,316.125,1002,3024,1104,3082,1273,1840
6313038,456.18,311.175,464.9,316.275,1010,3024,1100,3084,1275,1840
6313040,454.58,310.875,465.38,316.275,994,3021,1106,3084,1272,1842
6313042,454.42,310.95,465.62,315.75,993,3022,1109,3078,1275,1840
6313044,454.58,310.95,465.94,316.275,995,3022,1113,3084,1273,1840
6313046,454.98,311.625,465.62,315.6,999,3029,1110,3077,1278,1838
6313048,455.3,311.4,465.62,315.15,1004,3028,1111,3072,1275,1842
6313050,454.98,310.05,465.54,314.775,1001,3012,1111,3068,1274,1842
6313052,454.66,310.5,465.86,315.15,999,3017,1115,3072,1273,1839
6313054,455.94,310.65,466.1,314.325,1012,3020,1118,3063,1278,1839
6313056,455.3,308.4,465.38,314.025,1007,2995,1111,3060,1279,1838
6313058,454.58,309.975,465.46,314.4,999,3011,1112,3064,1272,1840
6313060,455.38,309.3,465.62,313.425,1008,3005,1115,3053,1271,1841
6313062,454.9,308.55,465.46,313.125,1003,2996,1114,3050,1276,1840
6313064,455.22,309,466.02,313.575,1007,3001,1120,3055,1278,1840
6313066,454.74,308.025,465.7,313.35,1003,2991,1116,3053,1278,1842
6313068,454.98,308.475,465.78,313.2,1006,2996,1119,3051,1279,1844
6313070,454.82,308.925,465.86,312.075,1004,3000,1119,3039,1279,1838
6313072,454.98,308.7,465.54,313.425,1007,2999,1117,3054,1282,1842
6313074,454.9,308.925,465.62,312.675,1006,3001,1117,3045,1280,1842
6313076,454.5,307.8,465.46,313.2,1003,2988,1117,3051,1281,1842
6313078,454.26,308.175,466.1,312.75,1000,2992,1123,3046,1280,1842
6313080,454.66,308.625,465.3,313.575,1005,2998,1116,3055,1276,1844
6313082,454.58,309.075,465.7,313.425,1004,3002,1120,3054,1275,1844
6313084,454.34,309.225,465.38,313.275,1002,3004,1117,3052,1276,1840
6313086,455.14,309.75,465.78,313.875,1011,3010,1121,3059,1277,1839
6313088,453.54,309.3,465.46,314.325,995,3004,1118,3063,1277,1842
6313090,454.34,310.05,465.22,313.725,1002,3013,1116,3057,1282,1845
6313092,454.18,311.325,465.38,314.325,1001,3027,1118,3064,1282,1843
6313094,453.94,309.975,465.46,314.325,999,3013,1119,3064,1281,1843
6313096,453.62,310.725,465.06,314.55,995,3021,1115,3067,1279,1840
6313098,454.42,310.575,464.98,314.775,1004,3020,1114,3070,1284,1844
6313100,453.86,311.025,465.62,315.3,998,3025,1120,3076,1281,1844
6313102,454.02,311.475,465.46,316.2,999,3030,1119,3086,1282,1844
6313104,454.02,311.325,465.14,315.825,1000,3029,1116,3082,1282,1847
6313106,453.94,311.625,465.46,316.35,999,3032,1119,3088,1288,1847
6313108,453.3,312.45,465.7,316.5,992,3041,1122,3090,1286,1846
6313110,453.22,311.55,465.38,316.65,991,3031,1119,3092,1288,1845
6313112,453.54,311.4,465.7,316.35,996,3031,1122,3089,1285,1847
6313114,454.02,312.225,465.38,316.875,1000,3040,1119,3095,1286,1847
6313116,453.78,311.175,465.62,316.35,998,3029,1122,3090,1285,1843
6313118,452.9,310.125,465.46,316.5,989,3017,1120,3092,1278,1845
6313120,454.1,311.4,465.38,316.425,1001,3032,1119,3092,1280,1846
6313122,453.06,311.85,464.98,316.425,990,3037,1114,3091,1283,1842
6313124,453.94,311.625,465.62,316.725,1000,3036,1121,3096,1282,1846
6313126,453.14,310.575,465.14,316.5,992,3025,1116,3093,1283,1845
6313128,453.62,312.15,464.82,315.975,996,3042,1113,3089,1288,1846
6313130,452.9,311.025,465.46,315.75,988,3030,1119,3086,1284,1844
6313132,453.46,311.25,464.82,315.75,994,3034,1112,3087,1284,1843
6313134,453.7,311.325,464.9,315.15,996,3035,1113,3081,1283,1846
6313136,452.74,310.575,464.98,315.45,986,3026,1113,3084,1288,1843
6313138,452.82,310.5,465.14,315.525,987,3026,1115,3085,1288,1846
6313140,452.98,311.325,464.98,315.45,989,3036,1113,3085,1283,1843
6313142,452.74,311.55,464.98,314.55,986,3038,1114,3075,1286,1845
6313144,452.74,310.275,464.9,315.3,986,3024,1113,3083,1287,1847
6313146,453.86,309.3,464.82,314.55,998,3014,1112,3075,1285,1846
6313148,452.58,310.125,464.58,314.475,984,3022,1109,3074,1284,1844
6313150,453.3,309.15,464.9,314.325,992,3012,1112,3073,1287,1848
6313152,453.14,309.6,464.66,315,989,3016,1109,3080,1286,1846
6313154,452.98,311.1,465.3,314.25,987,3033,1116,3072,1288,1843
6313156,452.9,310.575,464.9,314.625,986,3027,1111,3076,1287,1849
6313158,452.98,310.05,465.06,314.4,987,3021,1112,3073,1282,1848
6313160,452.5,310.8,464.66,315.075,980,3029,1108,3080,1286,1848
6313162,452.42,310.275,464.66,313.95,980,3023,1108,3068,1289,1845
6313164,452.74,310.125,464.9,314.55,983,3021,1110,3074,1291,1847
6313166,452.42,310.65,464.66,314.85,979,3027,1107,3078,1289,1846
6313168,452.1,310.65,464.74,313.8,975,3026,1108,3065,1290,1844
6313170,452.74,310.125,464.74,314.775,983,3021,1107,3076,1289,1847
6313172,452.82,311.775,464.82,314.55,982,3038,1107,3073,1288,1847
6313174,452.1,311.625,464.82,315,975,3037,1108,3078,1292,1847
6313176,452.82,310.275,464.82,315.6,982,3021,1107,3084,1284,1848
6313178,451.86,311.7,464.58,315.3,971,3037,1104,3081,1290,1844
6313180,452.18,310.125,464.82,314.775,975,3018,1107,3074,1291,1848
6313182,452.02,309.9,464.26,315.15,973,3016,1101,3078,1285,1849
6313184,452.5,310.725,464.26,314.625,977,3025,1100,3072,1292,1845
6313186,452.82,310.2,464.58,314.175,981,3020,1103,3067,1290,1849
6313188,452.98,310.425,464.82,314.175,982,3021,1105,3066,1289,1845
6313190,452.5,309.9,464.5,313.95,977,3015,1102,3064,1293,1847
6313192,452.18,310.05,464.18,313.725,972,3016,1098,3061,1287,1847
6313194,452.58,309.825,464.66,313.575,977,3014,1103,3059,1288,1845
6313196,453.06,309.825,464.42,313.575,981,3013,1100,3059,1293,1849
6313198,452.74,310.65,464.34,313.725,978,3022,1099,3061,1294,1846
6313200,452.18,310.575,464.34,313.35,972,3021,1099,3056,1294,1845
6313202,451.94,309.9,464.18,313.5,970,3014,1097,3058,1295,1848
6313204,452.66,309.9,464.26,314.025,976,3014,1098,3063,1297,1848
6313206,452.98,309.15,464.66,314.025,980,3005,1102,3063,1294,1846
6313208,452.9,310.275,464.66,314.325,978,3017,1101,3066,1299,1848
6313210,452.26,309.525,464.66,314.175,972,3009,1101,3065,1295,1847
6313212,452.42,309.9,464.42,314.625,973,3013,1098,3069,1294,1849
6313214,452.1,308.85,464.9,314.25,970,3001,1103,3065,1294,1847
6313216,452.5,308.1,464.66,314.325,974,2994,1100,3066,1293,1850
6313218,452.58,309,464.66,314.1,975,3004,1100,3064,1294,1850
6313220,452.42,308.55,464.82,314.7,972,2998,1101,3070,1293,1850
6313222,452.66,309.825,464.82,314.325,975,3013,1101,3066,1291,1848
6313224,453.14,310.2,465.14,313.65,979,3017,1104,3059,1299,1848
6313226,452.26,309.075,465.22,313.875,970,3004,1105,3061,1293,1845
6313228,453.46,308.625,465.14,313.95,982,3000,1104,3063,1287,1848
6313230,453.46,308.775,464.82,314.25,982,3002,1100,3066,1292,1850
6313232,453.06,309.225,465.22,314.55,977,3006,1104,3070,1293,1845
6313234,452.82,310.5,465.22,314.85,974,3020,1103,3072,1291,1846
6313236,453.06,310.5,465.3,314.625,977,3021,1104,3071,1294,1849
6313238,453.22,309.225,465.38,315.075,979,3007,1105,3075,1297,1844
6313240,452.98,309.675,465.54,313.65,976,3012,1107,3060,1290,1850
6313242,453.7,309.675,465.78,314.7,983,3013,1109,3072,1294,1846
6313244,453.14,311.1,465.22,314.4,977,3028,1103,3069,1294,1849
6313246,452.02,311.325,465.54,314.625,965,3030,1106,3071,1299,1851
6313248,453.06,310.275,465.78,314.4,976,3019,1109,3069,1292,1847
6313250,452.82,309.6,465.46,314.325,974,3011,1105,3067,1296,1847
6313252,452.98,309.9,465.78,315.375,975,3015,1108,3080,1296,1848
6313254,453.62,310.425,466.1,314.625,982,3021,1112,3072,1294,1850
6313256,452.98,310.65,465.54,315.45,975,3024,1106,3080,1292,1848
6313258,453.46,309.9,465.7,315.225,980,3015,1108,3079,1297,1850
6313260,453.38,310.5,465.7,315,980,3023,1108,3076,1299,1848
6313262,452.58,311.025,465.46,314.025,971,3028,1106,3065,1299,1847
6313264,453.06,309.9,465.54,314.775,977,3016,1106,3074,1296,1848
6313266,453.22,310.05,465.54,314.85,979,3018,1106,3075,1296,1847
6313268,452.9,309.75,465.38,314.325,975,3015,1105,3069,1297,1848
6313270,453.06,310.05,465.46,314.475,976,3018,1105,3071,1300,1849
6313272,453.54,309.375,465.54,314.625,981,3012,1106,3073,1295,1850
6313274,453.14,310.275,465.46,313.875,977,3021,1106,3065,1295,1847
6313276,452.66,309.225,465.46,314.175,973,3010,1105,3069,1294,1850
6313278,453.94,310.125,465.94,313.8,986,3020,1111,3065,1298,1845
6313280,452.82,310.875,465.3,313.725,974,3028,1104,3064,1298,1848
6313282,452.74,308.925,465.7,313.95,974,3007,1108,3066,1299,1846
6313284,453.78,309.3,465.54,314.4,984,3011,1107,3072,1299,1845
6313286,453.46,309.675,465.3,313.5,981,3016,1105,3062,1294,1847
6313288,453.3,308.625,465.7,313.35,979,3004,1108,3061,1303,1848
6313290,452.98,309.225,465.54,313.8,976,3010,1107,3065,1299,1850
6313292,452.9,307.35,465.7,314.55,975,2990,1108,3074,1296,1847
6313294,452.74,310.05,465.54,313.5,973,3020,1107,3062,1295,1847
6313296,452.1,309.9,465.46,313.875,967,3018,1106,3067,1303,1849
6313298,452.1,308.55,465.46,314.1,967,3003,1106,3069,1302,1848
6313300,453.22,308.625,465.14,313.875,978,3005,1102,3067,1298,1846
6313302,452.18,308.775,465.38,313.875,968,3007,1104,3067,1303,1848
6313304,452.82,309.525,465.46,314.4,974,3015,1105,3073,1302,1849
6313306,452.9,309.225,465.3,314.325,975,3012,1103,3072,1302,1848
6313308,451.86,310.35,465.3,313.725,963,3024,1104,3066,1301,1853
6313310,451.54,308.025,465.46,314.25,960,2998,1105,3072,1300,1847
6313312,451.38,308.55,465.06,314.625,959,3004,1100,3076,1299,1850
6313314,452.1,310.125,465.06,314.475,965,3022,1100,3074,1306,1848
6313316,452.58,308.775,465.62,314.175,971,3008,1106,3071,1302,1851
6313318,453.14,308.1,465.06,314.4,977,3000,1101,3074,1300,1846
6313320,452.9,308.7,465.3,314.4,974,3007,1103,3073,1299,1850
6313322,453.06,309.3,465.3,314.175,976,3013,1103,3071,1298,1847
6313324,453.3,307.725,465.22,313.875,979,2996,1102,3068,1297,1850
6313326,452.02,308.85,465.38,313.425,965,3008,1105,3063,1304,1847
6313328,452.5,308.1,465.14,313.8,970,3000,1102,3067,1298,1845
6313330,452.66,307.575,464.98,313.95,973,2994,1100,3069,1303,1844
6313332,451.94,308.55,465.7,313.2,965,3005,1108,3061,1304,1845
6313334,452.98,307.8,465.62,313.65,976,2997,1107,3066,1299,1845
6313336,452.18,306.45,465.38,313.8,968,2981,1104,3067,1298,1846
6313338,452.1,305.775,465.54,313.65,967,2974,1106,3065,1302,1846
6313340,451.94,308.475,465.3,313.725,964,3004,1103,3066,1303,1845
6313342,452.74,308.025,465.54,313.125,973,2999,1106,3060,1303,1844
6313344,453.78,307.5,465.54,313.5,984,2993,1106,3063,1303,1844
6313346,452.98,308.025,465.54,313.2,976,2999,1106,3059,1298,1847
6313348,453.22,308.1,465.54,312.975,979,2999,1107,3057,1307,1846
6313350,453.14,306.075,465.94,312.9,978,2977,1111,3056,1305,1847
6313352,452.58,307.8,465.62,313.275,972,2995,1108,3060,1307,1845
6313354,452.98,306.45,465.7,313.125,977,2981,1109,3059,1300,1844
6313356,452.02,306.225,465.46,313.8,968,2977,1107,3065,1304,1845
6313358,452.9,306.75,465.86,313.2,977,2984,1111,3059,1307,1845
6313360,453.3,306.675,465.78,313.2,981,2982,1111,3058,1304,1846
6313362,453.3,306.15,465.62,312.975,982,2977,1109,3055,1305,1845
6313364,454.18,306.675,465.86,313.35,991,2982,1112,3059,1301,1845
6313366,453.3,307.275,465.54,312.975,981,2988,1109,3055,1305,1847
6313368,453.22,305.925,465.7,313.5,981,2973,1110,3060,1304,1843
6313370,454.18,306.3,465.62,313.2,991,2978,1110,3057,1302,1843
6313372,453.06,306.525,465.22,313.5,980,2979,1106,3060,1305,1846
6313374,453.78,306,465.7,313.2,987,2973,1111,3057,1305,1845
6313376,452.9,307.8,465.62,313.35,979,2993,1111,3058,1298,1843
6313378,452.74,307.35,465.54,313.35,977,2988,1110,3058,1300,1846
6313380,453.3,306.225,465.14,313.65,984,2975,1106,3061,1306,1846
6313382,453.06,306.6,465.38,313.725,982,2979,1109,3062,1303,1843
6313384,452.98,306.525,465.3,313.725,981,2978,1108,3062,1304,1846
6313386,454.02,307.875,465.7,312.975,991,2994,1112,3054,1302,1844
6313388,453.38,305.775,465.54,313.725,986,2970,1112,3061,1307,1843
6313390,453.38,306.3,465.86,312.975,985,2976,1115,3053,1304,1844
6313392,453.7,305.475,465.54,313.65,990,2966,1112,3061,1306,1843
6313394,453.86,305.85,465.46,313.65,991,2971,1111,3061,1308,1843
6313396,454.58,306.6,465.46,313.35,998,2979,1111,3057,1305,1843
6313398,453.46,306.6,465.3,313.425,987,2979,1110,3057,1304,1846
6313400,453.06,306.375,465.46,313.425,983,2976,1111,3057,1306,1846
6313402,454.26,307.425,465.86,313.5,995,2988,1116,3059,1304,1844
6313404,453.38,307.275,465.46,313.425,987,2986,1111,3058,1308,1844
6313406,453.78,305.925,465.3,313.5,991,2971,1110,3059,1311,1844
6313408,454.42,306.3,465.62,313.95,998,2976,1113,3064,1309,1847
6313410,453.06,307.275,465.22,313.725,983,2987,1109,3061,1307,1845
6313412,454.1,306.45,465.14,313.5,995,2977,1109,3059,1312,1842
6313414,453.54,306.75,465.46,313.575,989,2980,1113,3059,1304,1845
6313416,452.9,306.45,465.14,313.125,983,2978,1109,3055,1309,1847
6313418,453.14,305.25,465.38,313.575,986,2964,1112,3060,1309,1844
6313420,454.1,306.15,465.54,313.5,995,2974,1114,3059,1306,1845
6313422,452.9,307.275,465.22,313.35,982,2987,1110,3058,1306,1844
6313424,452.5,304.125,465.22,313.95,980,2952,1110,3064,1302,1843
6313426,453.3,306.075,465.38,313.725,987,2973,1112,3061,1307,1844
6313428,453.94,306.3,465.14,313.5,994,2976,1110,3059,1303,1846
6313430,453.86,305.4,464.98,314.025,993,2967,1108,3065,1306,1843
6313432,453.38,305.4,465.86,313.725,988,2967,1117,3062,1306,1845
6313434,453.22,305.325,465.3,313.425,987,2965,1111,3059,1301,1846
6313436,453.3,306.6,464.98,313.65,987,2980,1108,3062,1301,1843
6313438,452.58,305.85,465.3,313.425,980,2972,1111,3059,1304,1846
6313440,453.7,304.95,464.98,313.65,991,2962,1108,3061,1303,1843
6313442,453.3,306.975,465.14,314.1,987,2984,1109,3066,1302,1844
6313444,452.82,306.15,465.06,313.875,982,2974,1109,3064,1303,1844
6313446,453.22,305.625,464.82,313.575,987,2969,1106,3060,1309,1845
6313448,453.78,306.9,464.82,313.65,992,2983,1106,3061,1303,1846
6313450,453.22,306.9,465.22,313.65,986,2983,1110,3062,1308,1845
6313452,454.5,306.225,464.98,313.575,999,2976,1108,3060,1304,1845
6313454,453.38,306.75,465.22,313.8,987,2982,1110,3063,1303,1845
6313456,452.42,306,464.9,313.725,978,2974,1107,3062,1311,1844
6313458,453.7,305.625,465.06,313.575,992,2969,1109,3061,1306,1843
6313460,452.66,306.45,465.14,313.5,980,2978,1109,3060,1305,1844
6313462,452.34,306.3,465.14,313.2,976,2976,1109,3057,1305,1846
6313464,452.98,305.325,464.98,314.025,983,2966,1107,3066,1306,1843
6313466,453.06,306.15,464.98,313.575,984,2975,1107,3061,1306,1844
6313468,452.58,306.525,464.9,313.35,978,2979,1106,3058,1306,1845
6313470,453.62,305.4,465.06,313.2,990,2967,1108,3057,1305,1848
6313472,453.14,307.275,464.9,313.275,985,2987,1106,3058,1305,1845
6313474,452.9,306.375,464.66,314.025,982,2978,1104,3066,1305,1844
6313476,453.78,304.8,464.9,313.575,991,2961,1106,3061,1305,1844
6313478,452.66,305.325,464.98,312.975,980,2966,1107,3054,1306,1846
6313480,452.1,305.775,465.22,313.2,974,2970,1109,3057,1306,1846
6313482,452.74,304.95,464.58,313.5,981,2962,1103,3060,1306,1848
6313484,452.18,304.8,464.74,313.2,975,2960,1104,3056,1304,1846
6313486,452.58,304.875,464.5,313.05,979,2961,1102,3054,1304,1847
6313488,452.1,305.1,464.66,313.05,974,2964,1103,3055,1305,1846
6313490,453.22,305.1,464.58,312.9,985,2964,1103,3053,1306,1849
6313492,453.54,303.825,464.66,312.6,988,2950,1103,3050,1302,1848
6313494,452.98,304.2,464.5,312.6,983,2954,1102,3050,1305,1850
6313496,452.74,304.95,464.74,312.9,979,2962,1104,3054,1306,1845
6313498,452.1,305.175,464.66,313.2,973,2964,1103,3056,1307,1848
6313500,452.66,306.15,464.66,313.2,979,2975,1102,3056,1306,1849
6313502,452.66,305.4,464.26,312.825,979,2966,1098,3052,1312,1849
6313504,453.06,304.425,464.58,312.675,983,2956,1102,3051,1306,1849
6313506,452.42,306.825,464.5,312.6,975,2982,1101,3050,1312,1849
6313508,452.5,306.15,464.82,312.525,977,2974,1104,3049,1307,1850
6313510,452.42,305.25,464.9,312.3,976,2964,1105,3046,1307,1851
6313512,452.74,304.8,464.66,312.75,979,2960,1102,3052,1306,1849
6313514,453.38,304.725,464.9,312.75,986,2959,1104,3051,1311,1847
6313516,453.78,305.1,464.74,312.9,990,2963,1103,3053,1309,1849
6313518,452.1,304.8,464.74,312.3,972,2960,1102,3046,1311,1852
6313520,452.82,303.675,464.58,312.675,979,2948,1101,3051,1303,1850
6313522,452.82,304.725,464.82,312.525,979,2959,1103,3049,1306,1848
6313524,452.66,304.5,465.22,312.675,977,2956,1107,3051,1305,1847
6313526,453.7,304.425,465.22,312.525,988,2956,1107,3049,1305,1850
6313528,453.54,304.5,464.98,312.6,986,2957,1104,3050,1303,1850
6313530,452.9,304.425,465.54,312.375,980,2956,1110,3048,1307,1847
6313532,454.1,303.825,465.14,312.45,992,2950,1105,3049,1307,1851
6313534,452.74,305.175,465.14,313.05,977,2964,1105,3055,1307,1849
6313536,453.14,304.35,465.3,312.3,981,2955,1107,3047,1307,1849
6313538,452.9,304.65,465.06,312.75,979,2958,1105,3051,1304,1849
6313540,452.9,305.85,465.54,312.375,979,2972,1110,3048,1306,1849
6313542,452.82,303.825,465.46,312.45,978,2949,1109,3049,1302,1851
6313544,453.06,306.225,465.3,312.3,980,2976,1107,3046,1302,1849
6313546,453.46,306,465.46,312.6,985,2974,1109,3050,1302,1848
6313548,452.74,304.125,465.38,312.6,977,2953,1108,3050,1305,1853
6313550,453.38,305.775,464.9,313.05,984,2971,1102,3055,1306,1851
6313552,453.06,304.875,464.98,312.6,980,2961,1104,3050,1306,1849
6313554,453.22,303.975,465.62,312.3,982,2951,1110,3047,1305,1851
6313556,453.14,303.9,464.98,312.225,982,2950,1104,3046,1308,1851
6313558,452.82,304.125,465.46,312.375,978,2953,1109,3048,1308,1850
6313560,452.98,304.275,465.46,310.875,981,2954,1110,3031,1303,1855
6313562,453.62,304.575,464.98,311.4,987,2958,1105,3037,1302,1853
6313564,452.9,303.9,464.9,310.95,980,2950,1104,3032,1305,1855
6313566,452.42,302.775,465.3,310.575,975,2938,1108,3027,1308,1858
6313568,452.74,304.125,464.9,310.875,978,2952,1104,3030,1301,1855
6313570,453.62,302.475,464.82,309.45,988,2934,1104,3015,1307,1859
6313572,452.82,301.8,464.98,310.275,980,2926,1105,3024,1309,1858
6313574,452.82,302.475,464.66,309.45,980,2934,1102,3014,1309,1861
6313576,453.94,302.25,464.74,309.825,992,2931,1103,3018,1308,1858
6313578,452.98,301.35,465.22,309.225,982,2921,1108,3012,1308,1860
6313580,453.7,302.625,465.62,309.9,990,2935,1112,3019,1302,1857
6313582,453.14,302.175,465.38,309.675,984,2930,1110,3016,1310,1857
6313584,453.54,303.075,464.98,309.225,988,2939,1107,3011,1305,1861
6313586,453.14,302.475,464.9,309.825,984,2933,1105,3017,1307,1860
6313588,453.62,301.125,465.3,310.05,989,2918,1110,3020,1301,1859
6313590,453.3,302.7,464.98,309.525,986,2935,1106,3013,1308,1862
6313592,453.38,303.075,465.14,310.05,986,2939,1107,3019,1307,1863
6313594,453.7,304.2,465.46,310.425,989,2951,1111,3024,1305,1857
6313596,453.86,303.75,465.3,310.275,991,2946,1109,3022,1306,1859
6313598,453.3,304.875,465.46,309.9,984,2958,1111,3018,1305,1861
6313600,452.74,304.5,465.46,310.95,979,2954,1111,3029,1308,1858
6313602,452.98,303.6,465.22,309.9,982,2944,1109,3017,1310,1862
6313604,452.82,304.575,465.14,310.875,980,2955,1108,3028,1312,1862
6313606,453.94,304.275,465.7,311.1,992,2952,1113,3031,1311,1861
6313608,453.86,304.95,465.62,310.95,991,2960,1113,3029,1306,1859
6313610,453.3,305.325,465.54,311.4,985,2963,1112,3034,1308,1861
6313612,452.82,305.7,465.94,311.775,980,2967,1117,3038,1307,1859
6313614,453.06,305.25,465.78,311.4,983,2963,1115,3035,1308,1860
6313616,453.14,304.65,465.78,311.85,984,2956,1115,3040,1312,1864
6313618,453.54,304.425,466.26,311.7,988,2954,1120,3038,1304,1861
6313620,454.1,305.475,465.86,311.025,994,2966,1116,3031,1303,1859
6313622,454.1,303.675,466.18,311.925,995,2946,1120,3040,1309,1857
6313624,453.14,304.425,466.26,310.95,985,2954,1121,3031,1302,1861
6313626,454.02,304.65,466.5,311.475,994,2957,1123,3036,1305,1863
6313628,453.38,304.725,465.78,311.25,987,2958,1116,3034,1309,1863
6313630,453.94,304.125,466.26,310.95,994,2952,1121,3031,1305,1867
6313632,453.3,304.275,465.94,310.65,987,2953,1118,3028,1301,1862
6313634,453.78,304.5,465.78,310.2,992,2956,1116,3022,1309,1865
6313636,453.86,303.675,465.3,309.675,993,2947,1112,3016,1308,1866
6313638,453.94,302.7,466.18,309.45,995,2936,1121,3014,1308,1867
6313640,454.58,304.2,465.94,309.225,1001,2953,1119,3012,1303,1867
6313642,454.1,302.925,465.38,309.075,997,2939,1113,3010,1306,1868
6313644,453.94,302.475,465.54,309.375,995,2934,1115,3013,1307,1868
6313646,454.18,303.675,465.86,308.7,998,2947,1119,3006,1306,1870
6313648,454.1,302.25,465.7,309.075,997,2931,1118,3010,1304,1870
6313650,453.62,302.325,465.46,308.7,992,2932,1115,3006,1310,1867
6313652,454.58,302.4,465.62,309.15,1003,2933,1117,3010,1304,1866
6313654,453.94,302.85,465.14,308.775,996,2937,1112,3006,1305,1868
6313656,453.06,302.325,465.78,308.55,987,2931,1119,3003,1306,1866
6313658,454.18,302.925,465.14,308.775,999,2938,1112,3006,1309,1868
6313660,453.46,303.075,465.46,308.925,991,2939,1116,3007,1308,1868
6313662,453.14,301.95,465.7,308.475,988,2926,1119,3002,1306,1869
6313664,453.3,303.75,465.38,309,990,2946,1116,3008,1307,1868
6313666,453.7,302.475,465.46,308.475,995,2932,1116,3001,1310,1867
6313668,453.54,302.7,465.46,308.85,993,2934,1116,3006,1307,1866
6313670,453.54,302.4,465.78,308.925,993,2931,1119,3007,1309,1868
6313672,453.78,302.7,465.22,309.225,996,2934,1113,3009,1306,1868
6313674,453.06,302.4,465.62,309.225,988,2930,1118,3010,1306,1872
6313676,453.14,302.775,466.26,309.075,988,2934,1124,3008,1306,1873
6313678,454.02,302.55,465.38,308.925,998,2932,1116,3006,1300,1870
6313680,453.78,303,465.7,309,996,2936,1119,3007,1305,1871
6313682,453.54,303,465.78,309.6,993,2936,1120,3014,1307,1870
6313684,453.62,303.375,466.18,309.825,993,2941,1124,3016,1303,1870
6313686,453.06,302.85,465.86,309.15,988,2935,1120,3009,1308,1872
6313688,452.98,302.85,466.02,310.2,987,2935,1122,3020,1304,1874
6313690,454.26,303.825,466.18,309.975,1000,2946,1124,3017,1304,1873
6313692,453.46,303.675,465.46,309.9,992,2944,1116,3017,1310,1872
6313694,454.18,303.825,466.1,309.825,999,2946,1123,3016,1308,1874
6313696,453.7,304.5,465.78,310.275,994,2954,1119,3021,1308,1875
6313698,454.5,304.875,465.78,310.425,1002,2958,1119,3023,1304,1876
6313700,453.78,302.925,466.18,310.5,995,2937,1123,3024,1306,1876
6313702,453.78,305.1,465.86,310.5,994,2960,1120,3024,1309,1874
6313704,454.34,306.375,466.66,310.65,1000,2976,1129,3027,1306,1877
6313706,453.86,305.925,466.58,310.725,995,2971,1128,3027,1307,1879
6313708,453.06,305.025,466.42,311.1,987,2960,1126,3032,1306,1874
6313710,453.3,306.6,466.1,311.025,989,2978,1123,3031,1311,1880
6313712,454.26,305.925,466.58,310.725,999,2971,1127,3028,1310,1879
6313714,454.42,305.775,466.5,311.325,1001,2970,1127,3034,1307,1875
6313716,453.14,305.625,466.18,310.725,988,2968,1123,3028,1307,1876
6313718,453.94,305.4,466.58,310.8,996,2966,1127,3029,1305,1875
6313720,453.7,304.5,466.42,311.025,994,2956,1126,3032,1310,1877
6313722,453.7,305.925,466.1,310.65,993,2972,1123,3028,1311,1878
6313724,453.62,305.625,466.9,311.175,993,2969,1131,3035,1310,1880
6313726,453.86,305.625,466.58,311.55,995,2969,1127,3038,1304,1874
6313728,453.62,305.775,466.98,311.4,992,2972,1131,3037,1304,1877
6313730,454.58,304.725,466.26,310.5,1002,2960,1124,3028,1307,1879
6313732,453.7,304.725,466.42,310.575,993,2960,1125,3029,1308,1877
6313734,454.02,303.525,466.74,310.65,997,2947,1128,3029,1308,1881
6313736,454.18,305.4,466.42,310.575,998,2968,1126,3028,1308,1880
6313738,454.26,305.175,466.9,309.675,999,2965,1131,3019,1309,1879
6313740,454.18,305.025,466.74,309.9,998,2964,1129,3021,1307,1878
6313742,454.9,304.35,466.42,309.525,1006,2956,1126,3017,1304,1879
6313744,454.9,302.55,466.5,309.45,1006,2937,1126,3016,1306,1879
6313746,453.94,302.925,466.66,309.3,996,2940,1128,3014,1304,1880
6313748,455.06,303.9,466.5,309.3,1008,2951,1126,3014,1308,1878
6313750,454.26,303.225,466.66,308.85,999,2943,1128,3009,1305,1878
6313752,454.42,302.475,466.66,308.55,1001,2935,1128,3005,1310,1878
6313754,454.9,303.675,466.5,308.7,1006,2948,1127,3007,1308,1877
6313756,454.66,302.1,466.42,309.075,1004,2930,1125,3011,1311,1877
6313758,453.78,302.625,466.82,309,994,2936,1129,3010,1310,1881
6313760,454.9,303.075,466.18,308.475,1006,2941,1123,3004,1309,1877
6313762,455.06,303.45,466.5,308.55,1007,2945,1126,3005,1306,1881
6313764,454.5,302.775,466.66,308.775,1001,2937,1127,3007,1306,1878
6313766,454.1,302.925,466.42,308.925,997,2938,1125,3008,1304,1877
6313768,455.3,303.75,466.82,308.775,1009,2948,1129,3007,1306,1878
6313770,454.26,302.025,466.98,309.225,999,2928,1131,3011,1304,1882
6313772,454.98,303.45,466.5,309.675,1006,2944,1126,3016,1304,1879
6313774,454.82,303.15,466.98,309.45,1005,2941,1130,3014,1304,1880
6313776,454.26,302.925,466.9,309.525,999,2938,1130,3014,1307,1881
6313778,454.74,303.975,466.74,310.05,1004,2949,1128,3020,1306,1882
6313780,454.74,303.3,467.14,310.125,1004,2942,1133,3020,1305,1882
6313782,454.42,304.275,466.58,310.125,1000,2952,1126,3021,1309,1879
6313784,454.58,303.975,466.82,310.575,1002,2949,1129,3026,1311,1882
6313786,454.42,304.425,466.9,310.875,1000,2954,1130,3029,1307,1878
6313788,454.82,304.125,466.66,311.325,1005,2951,1127,3034,1308,1883
6313790,454.9,303.75,467.46,311.175,1006,2947,1136,3033,1309,1884
6313792,453.94,304.725,466.98,311.7,996,2957,1130,3038,1305,1883
6313794,454.66,304.05,466.66,311.7,1003,2951,1127,3038,1307,1883
6313796,454.42,305.325,467.46,311.55,1000,2965,1135,3037,1306,1884
6313798,454.02,306.15,467.3,311.85,996,2974,1134,3040,1314,1886
6313800,454.58,305.325,466.9,312.225,1002,2965,1130,3045,1313,1886
6313802,454.5,305.475,467.62,312.375,1001,2966,1137,3046,1311,1889
6313804,454.9,306.45,467.54,312.075,1005,2978,1136,3044,1313,1887
6313806,453.94,306.525,466.98,312.225,995,2978,1131,3045,1312,1888
6313808,454.5,306.825,468.02,311.925,1001,2982,1142,3043,1312,1889
6313810,454.82,306.75,467.78,311.775,1004,2981,1139,3040,1309,1885
6313812,454.5,307.05,467.06,311.925,1000,2985,1132,3043,1316,1887
6313814,454.66,305.775,467.78,311.925,1003,2971,1139,3043,1309,1887
6313816,455.14,305.85,467.3,312.225,1008,2972,1134,3046,1310,1882
6313818,454.34,306.525,467.78,311.55,999,2979,1139,3039,1309,1887
6313820,455.62,304.5,467.7,311.025,1013,2958,1138,3034,1310,1884
6313822,455.62,305.325,467.54,311.25,1013,2967,1137,3036,1310,1885
6313824,455.54,306,466.9,311.1,1012,2975,1130,3035,1312,1883
6313826,454.98,305.625,467.86,311.1,1006,2970,1140,3034,1309,1888
6313828,454.58,305.625,467.22,310.8,1002,2970,1133,3031,1307,1883
6313830,454.58,304.8,467.62,310.725,1002,2961,1138,3031,1309,1887
6313832,455.14,304.725,467.14,310.725,1008,2960,1132,3030,1307,1885
6313834,454.82,305.4,467.54,310.575,1004,2968,1136,3029,1309,1886
6313836,454.5,304.725,467.54,310.8,1001,2960,1137,3031,1308,1885
6313838,454.74,305.55,467.62,310.575,1003,2969,1137,3028,1311,1884
6313840,454.66,306.3,467.22,310.875,1003,2977,1133,3031,1314,1884
6313842,455.7,304.275,467.46,310.65,1015,2955,1136,3029,1311,1884
6313844,454.98,305.025,467.38,310.8,1006,2962,1135,3030,1306,1881
6313846,455.22,305.025,466.9,310.725,1009,2962,1130,3029,1310,1883
6313848,453.86,303.9,467.22,310.725,995,2949,1133,3029,1311,1884
6313850,454.18,305.7,466.98,310.725,998,2969,1130,3029,1307,1882
6313852,454.18,304.875,467.3,310.95,998,2959,1134,3030,1311,1884
6313854,453.86,304.425,467.46,311.1,994,2955,1136,3032,1305,1884
6313856,454.34,306.225,467.14,311.475,999,2973,1132,3035,1310,1882
6313858,454.58,305.475,466.98,311.25,1001,2965,1130,3033,1306,1883
6313860,455.06,305.4,467.78,311.475,1006,2964,1139,3035,1311,1886
6313862,454.5,306.375,466.9,311.7,1001,2974,1129,3037,1309,1885
6313864,454.26,306.525,467.14,312.225,997,2976,1132,3042,1314,1882
6313866,453.94,306.9,467.62,312.225,994,2980,1137,3042,1310,1886
6313868,454.82,308.025,467.3,312.375,1003,2992,1133,3044,1309,1884
6313870,453.46,306.15,467.22,312.225,989,2971,1132,3042,1310,1883
6313872,454.34,305.475,467.14,312.675,998,2963,1131,3047,1306,1883
6313874,453.94,307.35,466.98,312.15,994,2983,1130,3041,1310,1883
6313876,453.86,307.2,467.38,313.425,993,2981,1133,3055,1310,1883
6313878,453.94,308.325,467.06,312.375,993,2993,1130,3043,1311,1884
6313880,454.02,307.2,467.22,313.05,995,2981,1132,3050,1308,1880
6313882,453.54,305.325,467.14,313.5,990,2961,1130,3055,1314,1883
6313884,453.7,307.875,467.3,313.05,991,2989,1132,3050,1313,1887
6313886,453.62,307.2,467.38,313.275,990,2981,1133,3052,1308,1883
6313888,453.94,307.875,467.46,312.825,993,2988,1134,3047,1308,1881
6313890,454.02,307.725,467.3,312.3,994,2987,1132,3042,1309,1883
6313892,454.26,306.45,466.98,313.05,996,2972,1128,3049,1306,1880
6313894,453.94,306.9,466.98,312.975,994,2978,1129,3049,1309,1885
6313896,453.78,306.825,467.14,312.525,991,2977,1130,3044,1309,1882
6313898,453.22,306.675,466.98,312.6,986,2975,1128,3045,1310,1883
6313900,453.38,306.825,467.22,313.575,987,2976,1131,3055,1310,1883
6313902,452.66,308.7,467.38,312.975,979,2996,1132,3048,1317,1884
6313904,453.62,308.475,467.7,312.9,989,2995,1136,3048,1309,1884
6313906,454.42,307.95,467.38,312.675,997,2989,1133,3046,1314,1880
6313908,453.54,309.15,466.9,312.75,988,3002,1127,3046,1315,1883
6313910,453.62,307.8,467.14,313.275,989,2987,1130,3052,1317,1884
6313912,454.34,306.975,466.98,313.05,997,2979,1128,3050,1311,1883
6313914,453.06,308.025,467.54,312.6,983,2990,1134,3045,1310,1880
6313916,453.54,307.125,467.46,312.9,988,2980,1133,3048,1302,1880
6313918,454.34,305.7,467.3,312.825,997,2965,1131,3048,1306,1881
6313920,453.22,308.25,467.06,312.525,985,2993,1129,3044,1312,1884
6313922,453.46,306.9,467.62,313.275,987,2978,1135,3053,1306,1884
6313924,454.18,307.2,467.06,313.125,995,2982,1128,3051,1305,1880
6313926,453.14,306.6,467.06,313.65,984,2975,1128,3057,1308,1881
6313928,453.22,309,467.46,313.425,984,3001,1132,3055,1310,1885
6313930,453.3,308.625,466.98,312.15,985,2997,1128,3040,1312,1884
6313932,454.26,307.2,467.46,313.65,995,2982,1132,3057,1310,1882
6313934,454.42,308.625,467.78,312.825,997,2998,1136,3048,1309,1882
6313936,453.38,309.225,467.3,312.9,986,3004,1131,3049,1314,1882
6313938,453.78,308.475,467.7,313.8,991,2996,1135,3059,1312,1884
6313940,453.86,309.075,467.7,313.575,992,3003,1136,3057,1313,1880
6313942,454.02,309.15,467.86,313.95,993,3003,1138,3061,1311,1879
6313944,454.1,308.025,467.7,313.575,995,2991,1136,3057,1307,1881
6313946,454.42,308.625,467.22,314.175,997,2998,1130,3064,1304,1883
6313948,454.34,308.175,467.62,313.8,997,2993,1136,3060,1307,1880
6313950,454.26,307.725,467.86,313.875,997,2989,1138,3061,1307,1879
6313952,454.02,309.075,467.62,314.1,995,3003,1136,3063,1307,1877
6313954,454.02,307.575,468.02,313.2,995,2987,1140,3053,1308,1880
6313956,455.06,307.2,467.86,313.65,1007,2983,1139,3058,1307,1879
6313958,454.02,308.175,467.86,313.125,995,2994,1139,3053,1311,1878
6313960,453.46,308.775,468.02,313.125,989,3000,1141,3053,1310,1877
6313962,454.34,307.65,468.42,313.2,999,2988,1146,3054,1306,1880
6313964,454.74,307.65,468.26,313.725,1003,2988,1144,3060,1312,1876
6313966,455.06,307.275,468.18,313.725,1007,2984,1144,3060,1311,1877
6313968,455.14,307.425,468.66,313.2,1009,2986,1149,3054,1308,1878
6313970,454.9,307.575,468.5,313.35,1006,2988,1147,3056,1311,1879
6313972,454.98,306.9,468.5,313.725,1007,2981,1148,3060,1310,1881
6313974,454.34,307.725,468.34,313.575,1000,2989,1147,3059,1305,1881
6313976,455.06,307.5,468.66,312.975,1009,2988,1151,3052,1307,1879
6313978,455.3,306.225,468.02,312.675,1012,2973,1144,3049,1306,1877
6313980,454.9,308.025,468.18,313.125,1008,2993,1146,3054,1309,1876
6313982,455.54,306.75,468.9,312.975,1016,2980,1154,3052,1309,1881
6313984,455.7,307.575,468.18,313.275,1017,2989,1147,3056,1309,1881
6313986,454.66,306.525,468.42,313.125,1006,2977,1149,3055,1311,1880
6313988,454.9,307.65,468.58,313.125,1010,2990,1152,3055,1305,1880
6313990,454.9,307.275,468.18,312.9,1009,2986,1147,3052,1310,1879
6313992,454.74,308.7,468.1,313.2,1008,3002,1148,3056,1308,1879
6313994,455.06,307.425,468.42,313.275,1012,2988,1151,3057,1307,1881
6313996,455.3,308.1,468.34,313.575,1014,2995,1150,3060,1310,1877
6313998,455.62,307.725,468.42,313.5,1019,2991,1151,3059,1314,1882
6314000,454.66,307.875,468.18,313.125,1009,2993,1149,3055,1311,1880
6314002,455.54,306.825,468.42,313.125,1019,2981,1152,3055,1312,1880
6314004,454.34,307.35,468.02,313.425,1006,2987,1148,3059,1317,1880
6314006,454.9,308.1,468.58,313.35,1012,2996,1154,3058,1310,1880
6314008,455.86,307.5,468.26,314.025,1023,2990,1151,3066,1307,1877
6314010,454.42,308.625,468.26,313.575,1007,3001,1151,3061,1314,1880
6314012,454.42,308.25,468.02,314.025,1008,2998,1149,3066,1306,1878
6314014,454.5,308.025,468.1,313.95,1009,2995,1150,3065,1309,1877
6314016,454.42,308.55,467.86,313.275,1007,3001,1148,3058,1310,1877
6314018,455.06,307.425,467.62,313.425,1015,2989,1145,3059,1308,1880
6314020,454.82,307.2,467.94,313.725,1013,2987,1149,3063,1306,1877
6314022,454.58,308.625,467.54,313.275,1010,3002,1145,3058,1303,1877
6314024,454.26,307.5,467.86,313.575,1006,2990,1148,3061,1306,1878
6314026,454.02,308.625,467.46,313.425,1004,3002,1144,3059,1308,1877
6314028,453.78,308.85,467.7,312.825,1001,3004,1147,3053,1313,1880
6314030,454.26,307.875,467.54,313.05,1007,2994,1145,3055,1307,1877
6314032,453.94,308.925,467.46,313.05,1003,3005,1144,3055,1305,1877
6314034,454.26,308.175,467.06,312.825,1006,2997,1140,3053,1313,1876
6314036,453.54,309.45,466.9,313.05,998,3010,1138,3054,1309,1877
6314038,453.3,307.65,467.14,312.75,997,2991,1141,3051,1310,1876
6314040,454.34,306.45,466.74,311.7,1008,2978,1137,3040,1305,1873
6314042,453.86,306.825,466.66,312.225,1002,2982,1135,3045,1302,1873
6314044,453.14,306.675,466.9,311.925,994,2980,1137,3042,1305,1876
6314046,453.54,306,466.18,311.55,999,2973,1130,3038,1300,1875
6314048,453.86,305.4,466.18,311.325,1001,2966,1130,3036,1304,1873
6314050,454.26,305.625,465.94,311.475,1006,2969,1127,3037,1305,1872
6314052,453.14,305.025,465.86,311.4,994,2962,1125,3036,1302,1871
6314054,453.7,305.7,465.3,311.25,1000,2969,1120,3034,1304,1872
6314056,453.62,306.15,465.3,310.8,998,2973,1120,3029,1304,1872
6314058,453.38,304.95,465.7,311.325,996,2961,1124,3035,1306,1871
6314060,454.1,305.625,465.38,311.55,1003,2967,1119,3037,1302,1873
6314062,452.82,306.975,465.22,311.25,988,2982,1118,3033,1303,1874
6314064,452.9,305.775,465.62,311.55,989,2969,1121,3036,1304,1873
6314066,453.46,306.675,465.3,311.55,995,2979,1118,3036,1302,1875
6314068,453.78,306.825,465.06,311.1,998,2980,1115,3031,1297,1870
6314070,452.42,305.175,465.7,311.925,984,2962,1121,3040,1307,1870
6314072,453.06,305.325,466.1,311.85,989,2963,1125,3039,1304,1871
6314074,453.22,306.075,465.3,311.7,991,2972,1116,3038,1297,1873
6314076,453.38,306.9,465.46,311.475,991,2981,1117,3035,1302,1872
6314078,452.82,307.425,465.78,312.075,986,2986,1120,3042,1305,1871
6314080,454.02,307.575,465.54,312.3,997,2988,1117,3044,1305,1872
6314082,453.3,306.45,466.1,312.375,990,2976,1123,3045,1301,1871
6314084,453.7,307.125,465.46,312.525,993,2983,1116,3047,1302,1873
6314086,453.7,306.3,465.86,312.975,994,2975,1119,3052,1301,1873
6314088,453.78,306.525,466.1,312,994,2977,1121,3042,1300,1874
6314090,453.78,307.125,466.18,312.225,993,2984,1122,3044,1304,1870
6314092,453.54,306.75,466.42,312.825,990,2980,1124,3050,1302,1872
6314094,453.7,307.65,466.18,312.675,991,2990,1121,3049,1300,1868
6314096,454.42,307.125,465.86,312.525,999,2984,1118,3048,1302,1867
6314098,453.86,307.8,466.42,313.125,993,2991,1123,3055,1304,1874
6314100,453.7,308.625,466.02,312.15,990,3001,1119,3044,1308,1868
6314102,453.62,306.9,466.18,312.825,990,2982,1120,3052,1302,1875
6314104,454.1,307.575,466.42,312.3,995,2990,1123,3046,1304,1870
6314106,454.18,307.5,466.34,311.7,996,2989,1122,3040,1305,1869
6314108,454.18,307.35,466.26,311.925,996,2988,1121,3042,1308,1871
6314110,454.26,306.075,466.34,312.225,997,2974,1122,3045,1306,1872
6314112,454.02,307.35,466.18,311.55,994,2989,1120,3039,1307,1867
6314114,454.18,305.85,465.94,311.475,995,2972,1117,3038,1302,1865
6314116,454.5,306.375,466.34,311.4,999,2979,1121,3038,1301,1868
6314118,454.5,306.075,466.26,311.175,999,2975,1121,3035,1307,1867
6314120,454.9,305.625,466.74,310.95,1003,2970,1126,3033,1299,1866
6314122,454.66,305.925,466.5,311.175,1000,2974,1123,3036,1300,1868
6314124,454.9,306,466.82,311.775,1002,2974,1126,3042,1303,1871
6314126,454.9,306.825,466.9,311.775,1002,2984,1127,3043,1302,1867
6314128,454.98,305.325,466.5,311.775,1003,2968,1123,3042,1305,1870
6314130,454.58,306.075,466.9,311.7,999,2976,1127,3041,1303,1868
6314132,455.54,306.675,467.14,311.4,1008,2982,1130,3038,1302,1867
6314134,454.34,306.6,466.98,311.325,996,2981,1128,3037,1304,1869
6314136,455.22,306.45,466.98,311.4,1006,2980,1128,3038,1305,1869
6314138,455.14,307.125,466.98,311.325,1004,2987,1128,3037,1301,1869
6314140,455.3,306.075,467.46,311.475,1007,2976,1133,3039,1308,1868
6314142,456.18,305.475,467.38,310.8,1016,2970,1132,3032,1304,1866
6314144,456.58,304.8,467.7,309.825,1021,2962,1136,3021,1305,1865
6314146,455.78,304.125,466.9,309.675,1012,2955,1128,3019,1304,1862
6314148,455.7,302.325,466.98,309.75,1012,2935,1129,3020,1302,1864
6314150,456.18,303.45,466.9,308.775,1017,2947,1128,3009,1301,1863
6314152,455.62,302.7,466.1,307.8,1012,2939,1121,2998,1304,1860
6314154,455.14,302.475,465.54,308.475,1006,2936,1114,3005,1301,1859
6314156,455.54,302.475,465.62,307.65,1011,2936,1115,2996,1298,1861
6314158,455.22,301.95,465.86,307.65,1008,2930,1118,2996,1301,1858
6314160,456.02,300.45,465.94,307.2,1017,2914,1119,2991,1301,1858
6314162,456.42,301.05,465.94,306.525,1021,2921,1119,2984,1303,1860
6314164,455.46,302.25,465.62,306.6,1011,2933,1117,2984,1302,1858
6314166,456.34,300.675,465.78,306.9,1021,2916,1118,2988,1296,1857
6314168,456.26,301.8,465.78,306.975,1020,2928,1118,2989,1300,1860
6314170,456.34,302.4,466.18,307.2,1021,2935,1123,2991,1300,1858
6314172,456.34,301.2,465.86,307.275,1022,2922,1119,2991,1303,1856
6314174,455.94,300.9,465.7,307.5,1017,2918,1118,2994,1302,1856
6314176,456.34,301.05,465.78,307.35,1021,2920,1119,2992,1302,1859
6314178,456.1,301.2,465.94,306.975,1019,2922,1120,2989,1303,1858
6314180,455.94,301.2,466.42,307.05,1017,2922,1126,2990,1304,1859
6314182,456.18,301.5,466.5,307.125,1020,2925,1126,2990,1302,1859
6314184,455.94,302.55,466.66,307.35,1017,2936,1129,2992,1299,1855
6314186,456.1,301.35,466.26,307.875,1019,2922,1124,2998,1301,1860
6314188,456.1,301.65,466.26,307.35,1019,2926,1125,2992,1300,1855
6314190,456.1,302.1,466.5,307.125,1019,2931,1127,2989,1303,1856
6314192,455.7,300.6,466.58,307.275,1016,2914,1128,2991,1298,1858
6314194,456.18,301.575,466.5,307.35,1020,2925,1128,2992,1299,1857
6314196,455.7,301.65,466.26,307.2,1015,2926,1125,2991,1298,1857
6314198,456.34,301.575,466.42,307.275,1022,2925,1126,2991,1306,1857
6314200,456.26,301.05,466.34,307.2,1022,2920,1126,2990,1302,1857
6314202,456.1,302.55,466.18,307.35,1020,2936,1124,2992,1302,1858
6314204,456.1,301.2,466.74,307.425,1020,2921,1130,2993,1304,1858
6314206,455.78,302.775,466.42,307.425,1016,2938,1127,2993,1297,1854
6314208,455.54,301.95,466.18,307.2,1014,2929,1125,2990,1303,1855
6314210,455.78,301.5,466.26,307.125,1017,2924,1125,2989,1304,1852
6314212,455.46,302.175,467.06,306.825,1013,2932,1133,2986,1301,1858
6314214,456.18,301.5,466.42,307.425,1020,2924,1127,2993,1298,1854
6314216,455.7,301.425,465.94,307.575,1016,2924,1121,2994,1302,1853
6314218,456.26,301.425,466.34,307.35,1021,2924,1125,2992,1303,1853
6314220,455.62,301.575,466.34,307.35,1014,2925,1125,2992,1299,1853
6314222,455.78,302.475,466.26,307.8,1015,2935,1125,2997,1301,1854
6314224,455.3,301.875,465.94,307.35,1011,2928,1121,2992,1297,1853
6314226,455.7,301.2,466.18,307.425,1015,2921,1123,2993,1300,1854
6314228,455.62,301.95,466.02,307.575,1014,2930,1121,2995,1299,1853
6314230,455.06,301.425,465.94,307.575,1008,2924,1120,2995,1301,1853
6314232,455.22,302.175,466.18,307.875,1009,2932,1123,2998,1302,1854
6314234,455.46,302.625,465.86,308.025,1011,2936,1119,2999,1300,1858
6314236,455.46,302.7,466.02,307.125,1011,2937,1121,2990,1302,1852
6314238,455.54,301.425,465.94,307.8,1012,2924,1119,2997,1301,1852
6314240,455.62,302.4,465.78,307.8,1012,2934,1118,2997,1299,1855
6314242,455.54,303.375,465.54,306.975,1011,2945,1115,2988,1301,1849
6314244,455.22,301.8,466.26,308.1,1008,2928,1122,3001,1299,1854
6314246,455.7,302.325,466.02,307.8,1013,2934,1119,2997,1299,1853
6314248,455.38,302.7,465.78,308.025,1009,2937,1116,3000,1301,1853
6314250,455.38,301.05,465.78,307.8,1009,2920,1117,2998,1297,1851
6314252,455.78,302.625,466.1,308.1,1012,2937,1120,3001,1300,1850
6314254,455.38,302.775,465.3,308.025,1008,2939,1111,2999,1297,1847
6314256,455.06,301.275,465.86,307.275,1005,2922,1117,2991,1299,1848
6314258,455.54,301.95,465.86,307.575,1010,2930,1117,2994,1294,1845
6314260,455.3,302.85,465.78,307.425,1006,2940,1115,2993,1295,1844
6314262,454.42,302.175,466.1,307.275,998,2931,1119,2992,1299,1848
6314264,455.14,302.775,466.02,307.425,1004,2939,1117,2993,1297,1848
6314266,454.9,302.475,465.94,307.275,1002,2935,1117,2991,1299,1845
6314268,455.3,303.15,465.46,307.275,1006,2943,1111,2992,1297,1846
6314270,454.98,301.575,465.86,307.2,1002,2925,1115,2990,1297,1844
6314272,455.78,302.925,465.62,307.05,1010,2940,1113,2989,1294,1848
6314274,455.14,302.85,465.54,306.9,1003,2940,1112,2987,1296,1843
6314276,455.06,301.95,465.7,306.6,1002,2930,1113,2984,1295,1843
6314278,455.54,301.875,465.3,306.675,1007,2929,1109,2985,1293,1842
6314280,453.94,302.925,465.94,306.9,991,2941,1115,2988,1301,1842
6314282,455.46,302.025,465.7,306.6,1007,2931,1112,2985,1297,1843
6314284,455.94,302.1,465.62,306.3,1011,2932,1112,2982,1297,1842
6314286,455.3,302.025,465.3,306.975,1005,2931,1108,2989,1294,1840
6314288,455.06,301.425,465.86,306.075,1002,2924,1114,2979,1297,1842
6314290,455.7,301.725,465.94,305.475,1008,2928,1115,2972,1295,1837
6314292,455.14,302.25,465.86,306.375,1003,2934,1114,2982,1297,1839
6314294,455.54,301.575,466.18,306.3,1007,2926,1117,2982,1295,1843
6314296,455.62,302.775,465.94,306.525,1008,2939,1114,2984,1292,1841
6314298,455.62,302.325,465.86,306.825,1007,2934,1113,2987,1296,1840
6314300,455.06,302.175,466.18,305.925,1002,2932,1117,2977,1299,1840
6314302,455.22,302.475,466.34,306.6,1003,2936,1119,2985,1298,1842
6314304,455.78,302.625,465.94,306.45,1009,2937,1114,2983,1297,1841
6314306,455.94,302.175,466.18,306.9,1010,2933,1117,2988,1296,1841
6314308,456.42,302.025,466.42,305.775,1016,2931,1120,2976,1295,1836
6314310,456.26,302.25,466.02,305.55,1014,2933,1115,2973,1299,1836
6314312,455.46,302.25,466.42,306.3,1006,2934,1120,2982,1296,1840
6314314,455.62,301.575,466.02,305.625,1008,2926,1116,2974,1295,1838
6314316,456.02,300.825,466.34,305.475,1012,2918,1119,2972,1296,1839
6314318,456.34,302.475,467.06,305.25,1015,2937,1127,2971,1291,1839
6314320,456.42,301.05,466.58,305.7,1016,2920,1122,2975,1290,1836
6314322,456.9,301.575,466.74,305.175,1021,2926,1124,2969,1295,1837
6314324,456.18,302.625,466.98,304.575,1013,2937,1127,2962,1293,1836
6314326,456.1,301.5,466.9,304.425,1014,2925,1126,2961,1296,1832
6314328,456.18,301.2,466.5,305.775,1014,2922,1122,2975,1295,1839
6314330,456.74,302.7,467.22,304.575,1020,2939,1130,2963,1292,1833
6314332,455.86,303,467.06,305.55,1011,2942,1128,2973,1297,1836
6314334,455.86,301.425,467.22,305.55,1011,2924,1130,2973,1293,1834
6314336,456.9,302.775,467.14,305.175,1022,2939,1130,2968,1294,1836
6314338,456.82,301.8,467.14,304.425,1022,2928,1129,2960,1290,1834
6314340,456.34,301.5,467.3,305.925,1017,2924,1132,2977,1294,1837
6314342,457.22,302.55,467.7,304.2,1027,2937,1136,2958,1290,1834
6314344,456.66,301.8,466.82,305.55,1021,2928,1127,2973,1290,1832
6314346,455.94,301.125,466.9,305.325,1014,2920,1128,2970,1293,1832
6314348,456.34,302.175,466.98,303.6,1018,2932,1130,2951,1289,1834
6314350,456.66,300.9,466.98,305.175,1022,2918,1130,2968,1290,1834
6314352,455.78,303.075,466.98,305.625,1013,2941,1130,2973,1294,1835
6314354,456.18,302.925,467.06,304.35,1017,2940,1131,2959,1289,1835
6314356,456.42,302.175,467.46,303.375,1020,2932,1136,2949,1289,1829
6314358,456.02,300.675,467.22,304.125,1017,2916,1133,2957,1287,1829
6314360,456.58,302.25,467.06,304.5,1023,2932,1132,2961,1291,1828
6314362,457.38,302.85,467.7,303.675,1031,2940,1139,2952,1288,1824
6314364,456.42,302.1,467.38,304.5,1022,2931,1136,2961,1290,1828
6314366,456.82,301.65,467.22,304.125,1026,2925,1135,2956,1289,1827
6314368,456.1,302.625,467.14,303.975,1019,2936,1135,2954,1289,1829
6314370,455.86,300.975,467.54,303.825,1017,2918,1138,2953,1290,1825
6314372,456.34,302.25,466.82,304.35,1022,2932,1132,2959,1289,1826
6314374,455.78,301.425,467.22,303.975,1017,2923,1137,2954,1289,1825
6314376,456.26,303,466.82,303.825,1023,2940,1133,2953,1284,1826
6314378,456.26,301.575,466.9,304.95,1022,2925,1133,2965,1293,1830
6314380,456.1,302.55,466.34,304.125,1021,2935,1129,2956,1287,1826
6314382,456.34,302.4,466.98,303.825,1024,2934,1135,2953,1291,1827
6314384,456.66,301.65,466.82,304.725,1027,2926,1133,2962,1285,1825
6314386,455.86,300.9,466.9,303.75,1019,2917,1134,2952,1291,1823
6314388,455.86,302.7,466.9,303.45,1019,2937,1135,2948,1287,1820
6314390,456.02,301.8,466.82,304.05,1021,2927,1134,2955,1287,1824
6314392,456.5,301.8,466.66,303.975,1026,2927,1132,2954,1284,1823
6314394,455.86,302.475,466.66,304.275,1019,2934,1132,2957,1288,1823
6314396,455.86,301.725,466.34,304.875,1019,2926,1129,2964,1284,1824
6314398,455.94,303.225,466.58,304.725,1020,2943,1131,2963,1290,1822
6314400,456.82,303.45,466.82,303.9,1029,2945,1134,2954,1286,1821
6314402,455.3,301.95,467.14,304.125,1014,2928,1137,2956,1297,1825
6314404,456.5,301.95,466.02,304.2,1026,2929,1126,2957,1293,1822
6314406,456.74,302.7,466.58,304.275,1028,2937,1132,2958,1287,1823
6314408,455.86,303,466.5,304.65,1019,2940,1130,2962,1287,1824
6314410,455.7,302.85,466.58,304.425,1018,2938,1131,2960,1286,1818
6314412,455.54,303,466.34,305.025,1016,2941,1129,2966,1289,1817
6314414,456.26,302.85,465.7,304.875,1023,2939,1122,2964,1283,1822
6314416,456.1,303.3,466.18,304.65,1021,2944,1127,2962,1284,1818
6314418,456.26,303.225,466.58,304.575,1023,2943,1132,2961,1286,1821
6314420,456.34,302.625,466.34,304.05,1024,2936,1129,2955,1286,1816
6314422,456.18,302.475,466.66,304.125,1022,2935,1131,2956,1282,1817
6314424,456.5,301.65,466.9,304.575,1025,2926,1134,2961,1280,1820
6314426,456.74,303.525,466.74,304.65,1027,2946,1132,2962,1280,1817
6314428,456.1,303.075,466.58,304.575,1021,2941,1130,2961,1283,1813
6314430,456.5,303,466.5,304.65,1025,2940,1130,2962,1281,1816
6314432,456.5,303.375,466.1,304.5,1025,2945,1126,2960,1285,1813
6314434,456.42,302.1,466.42,304.5,1024,2931,1128,2961,1281,1814
6314436,456.42,301.875,466.5,304.8,1024,2928,1129,2964,1283,1814
6314438,456.74,302.475,466.34,304.275,1027,2935,1128,2958,1284,1814
6314440,456.18,303.6,466.74,304.425,1021,2947,1131,2960,1280,1812
6314442,456.58,302.625,466.42,304.425,1025,2936,1128,2959,1280,1812
6314444,456.98,301.8,465.94,304.125,1029,2927,1122,2956,1277,1812
6314446,457.38,302.325,466.5,304.575,1033,2933,1129,2961,1280,1811
6314448,456.9,303,466.42,304.875,1027,2941,1127,2964,1277,1809
6314450,456.98,302.55,466.26,304.65,1029,2935,1125,2961,1280,1810
6314452,457.22,301.725,466.02,304.2,1031,2927,1123,2957,1274,1809
6314454,457.3,301.425,466.74,303.975,1032,2923,1130,2955,1274,1808
6314456,456.82,302.025,466.02,304.275,1026,2930,1122,2958,1276,1808
6314458,457.78,302.55,466.66,304.275,1036,2936,1129,2957,1279,1806
6314460,456.74,301.95,466.34,304.65,1025,2928,1125,2961,1275,1803
6314462,458.1,301.575,465.62,304.575,1040,2924,1118,2960,1274,1804
6314464,457.3,302.025,466.82,304.65,1031,2929,1131,2961,1277,1804
6314466,457.7,302.625,466.42,303.825,1035,2936,1126,2952,1276,1806
6314468,457.94,301.725,466.42,304.275,1038,2926,1126,2957,1276,1804
6314470,457.46,303.375,466.42,304.275,1032,2944,1126,2958,1279,1802
6314472,457.38,302.4,466.18,304.725,1032,2933,1123,2963,1272,1802
6314474,457.06,301.65,466.58,304.725,1029,2925,1127,2963,1276,1800
6314476,457.22,302.55,466.82,304.425,1030,2935,1130,2959,1275,1800
6314478,457.54,303.75,466.26,304.575,1032,2949,1124,2961,1275,1801
6314480,458.18,303.15,466.58,305.625,1039,2943,1127,2973,1271,1795
6314482,457.62,302.4,466.82,305.25,1034,2934,1129,2969,1271,1798
6314484,457.7,302.25,466.58,305.4,1035,2933,1127,2970,1269,1797
6314486,457.46,303.075,466.5,305.25,1032,2941,1126,2968,1269,1798
6314488,457.86,302.85,466.82,305.625,1037,2939,1129,2972,1273,1796
6314490,458.02,301.65,466.58,305.475,1038,2926,1127,2971,1269,1797
6314492,458.5,301.8,466.82,305.025,1043,2928,1130,2966,1269,1793
6314494,457.14,302.25,466.1,305.325,1029,2933,1122,2969,1269,1793
6314496,457.62,303.225,466.26,304.8,1034,2944,1124,2964,1269,1793
6314498,457.78,302.85,466.1,305.25,1036,2939,1122,2969,1266,1794
6314500,458.42,302.775,466.18,305.55,1042,2939,1123,2972,1268,1790
6314502,457.62,303.375,465.94,305.325,1033,2945,1121,2969,1279,1794
6314504,457.14,302.325,465.94,305.625,1029,2934,1121,2972,1276,1790
6314506,457.46,302.25,465.94,304.95,1033,2933,1121,2966,1274,1788
6314508,457.86,300.975,466.1,304.875,1037,2919,1122,2965,1270,1790
6314510,457.3,302.175,465.62,305.025,1031,2932,1117,2966,1265,1790
6314512,458.34,302.325,465.94,304.725,1042,2934,1120,2963,1268,1785
6314514,458.5,302.7,466.1,304.8,1043,2938,1122,2964,1267,1785
6314516,458.18,302.625,465.62,304.875,1039,2938,1116,2965,1262,1786
6314518,458.02,302.85,465.94,304.5,1037,2940,1120,2961,1267,1785
6314520,457.54,302.25,465.86,304.575,1032,2933,1118,2962,1264,1785
6314522,457.14,302.55,465.78,304.35,1028,2936,1118,2959,1267,1784
6314524,457.94,300.975,465.94,304.425,1037,2920,1120,2960,1267,1783
6314526,458.26,301.8,466.1,304.5,1040,2929,1122,2961,1267,1781
6314528,456.98,302.025,466.1,304.35,1026,2931,1122,2959,1266,1781
6314530,457.78,301.575,465.86,304.575,1035,2926,1119,2962,1267,1783
6314532,457.62,303.225,465.7,305.025,1032,2944,1117,2966,1263,1780
6314534,457.46,301.575,466.26,304.35,1031,2926,1123,2960,1265,1781
6314536,457.86,303,466.1,304.95,1035,2941,1121,2966,1264,1781
6314538,457.86,301.875,466.02,303.825,1035,2929,1121,2954,1266,1780
6314540,457.86,301.65,466.82,304.35,1035,2926,1129,2959,1266,1777
6314542,458.1,301.725,465.86,304.2,1038,2928,1119,2958,1263,1778
6314544,458.1,301.35,466.42,304.275,1038,2923,1125,2958,1260,1775
6314546,458.02,301.95,466.58,304.725,1037,2930,1126,2964,1255,1776
6314548,458.34,301.35,466.02,304.275,1040,2923,1121,2958,1262,1774
6314550,458.82,301.575,466.66,304.425,1046,2926,1127,2960,1259,1776
6314552,457.62,301.35,465.94,304.35,1033,2923,1119,2959,1256,1773
6314554,457.78,301.725,465.78,303.9,1035,2927,1118,2954,1257,1772
6314556,457.7,300.525,466.02,304.05,1034,2914,1121,2956,1262,1772
6314558,458.18,302.4,466.5,304.35,1039,2934,1126,2959,1256,1771
6314560,457.7,301.875,465.86,304.05,1034,2929,1119,2956,1257,1773
6314562,457.54,301.875,466.1,304.425,1033,2929,1121,2959,1259,1772
6314564,457.54,302.475,465.94,304.35,1033,2935,1120,2959,1256,1769
6314566,457.86,302.1,466.1,304.65,1036,2931,1122,2962,1258,1768
6314568,457.22,302.175,465.7,304.8,1030,2932,1118,2963,1252,1770
6314570,457.94,301.575,465.86,304.575,1037,2926,1120,2961,1256,1769
6314572,457.38,302.85,466.1,305.25,1031,2939,1122,2969,1255,1768
6314574,458.42,303.15,465.94,305.175,1041,2943,1120,2967,1254,1769
6314576,457.62,303.525,465.94,305.55,1033,2947,1120,2972,1256,1769
6314578,457.94,303.075,466.5,305.25,1037,2942,1126,2969,1259,1767
6314580,458.02,303.75,465.78,305.475,1037,2950,1118,2971,1255,1768
6314582,456.98,303.6,466.34,306.075,1026,2947,1124,2978,1252,1766
6314584,457.54,304.35,466.66,306.15,1032,2956,1127,2979,1249,1764
6314586,457.94,303.975,466.5,305.625,1036,2952,1125,2973,1251,1765
6314588,457.54,303.825,466.5,306.3,1032,2950,1126,2981,1251,1762
6314590,457.06,304.8,466.18,306,1026,2961,1122,2977,1248,1763
6314592,457.54,304.575,465.94,306.45,1032,2959,1120,2982,1249,1760
6314594,457.14,302.625,466.26,306.075,1029,2937,1123,2978,1248,1763
6314596,457.46,303.3,466.26,306.75,1031,2945,1123,2986,1251,1760
6314598,458.18,303.825,466.34,305.175,1039,2951,1124,2969,1257,1764
6314600,457.46,303.075,465.86,305.625,1031,2943,1119,2974,1258,1763
6314602,458.26,303.225,465.54,305.475,1040,2944,1115,2972,1261,1763
6314604,458.18,303.375,465.86,305.025,1038,2946,1118,2967,1261,1766
6314606,458.1,302.175,465.86,304.95,1038,2933,1118,2966,1261,1765
6314608,458.42,302.85,466.02,304.65,1040,2941,1120,2963,1260,1764
6314610,457.94,302.1,465.38,304.575,1036,2933,1113,2962,1254,1759
6314612,458.42,302.175,466.1,304.05,1041,2933,1121,2957,1251,1758
6314614,457.86,301.125,465.86,303.9,1035,2921,1119,2955,1251,1758
6314616,458.9,301.2,466.1,303.3,1046,2922,1120,2948,1255,1758
6314618,457.62,301.275,465.86,303.675,1032,2923,1118,2952,1253,1758
6314620,457.7,301.875,465.7,303.9,1033,2929,1116,2954,1253,1757
6314622,458.58,299.4,465.7,303.225,1043,2903,1116,2947,1250,1760
6314624,458.34,301.725,465.94,303.75,1039,2928,1119,2953,1254,1758
6314626,457.38,300.975,465.62,303.75,1030,2919,1115,2953,1253,1758
6314628,457.62,300.525,465.38,303.75,1032,2914,1113,2952,1253,1755
6314630,457.86,301.275,465.54,303.9,1035,2923,1115,2954,1254,1757
6314632,457.7,302.925,465.7,304.5,1032,2941,1116,2961,1255,1758
6314634,458.1,302.1,465.7,304.05,1036,2932,1116,2956,1254,1752
6314636,458.66,302.925,465.7,304.875,1042,2941,1116,2965,1254,1756
6314638,458.42,302.775,465.86,304.725,1039,2940,1117,2964,1253,1755
6314640,458.26,303.375,465.22,306,1037,2946,1110,2978,1258,1751
6314642,458.02,303,465.7,305.85,1035,2942,1115,2976,1253,1754
6314644,458.5,303.45,465.86,306.675,1039,2947,1116,2985,1250,1751
6314646,458.1,303.15,466.02,306.9,1036,2944,1117,2988,1252,1747
6314648,458.02,303.975,465.7,307.275,1034,2953,1114,2992,1251,1748
6314650,458.02,305.25,465.62,306.75,1034,2967,1113,2987,1250,1749
6314652,458.26,305.175,465.62,308.475,1036,2967,1112,3005,1240,1744
6314654,458.1,304.575,465.62,307.875,1035,2960,1113,2999,1244,1749
6314656,457.78,304.35,466.02,307.725,1032,2958,1118,2997,1246,1747
6314658,457.3,306.375,465.46,308.625,1026,2980,1111,3007,1241,1745
6314660,458.1,306.075,466.18,308.7,1034,2977,1118,3009,1244,1742
6314662,457.62,306.15,465.46,308.25,1030,2978,1111,3004,1241,1745
6314664,458.66,305.55,465.94,308.1,1041,2973,1117,3003,1248,1745
6314666,458.66,306.375,465.86,308.4,1041,2981,1116,3006,1244,1740
6314668,458.02,306,465.94,308.4,1034,2978,1117,3007,1246,1744
6314670,457.78,305.25,466.34,308.325,1032,2969,1121,3006,1244,1742
6314672,458.58,306.375,465.86,308.025,1040,2982,1116,3003,1244,1743
6314674,457.54,306.375,465.62,308.775,1029,2982,1113,3011,1244,1742
6314676,458.42,305.55,466.1,307.275,1038,2973,1118,2995,1244,1741
6314678,458.18,304.425,465.46,307.8,1036,2961,1111,3000,1242,1744
6314680,458.26,304.8,466.1,307.65,1037,2965,1119,2999,1241,1742
6314682,458.58,305.775,466.02,307.2,1040,2975,1117,2994,1245,1742
6314684,457.54,304.575,465.06,307.65,1030,2962,1108,2998,1246,1740
6314686,458.1,304.65,465.46,306.675,1035,2963,1112,2988,1242,1744
6314688,457.38,304.05,465.7,306.525,1028,2956,1115,2986,1246,1740
6314690,457.78,303.9,464.9,306.075,1032,2955,1106,2980,1245,1741
6314692,456.66,304.275,465.06,305.625,1021,2958,1108,2976,1242,1740
6314694,457.54,303.675,465.38,305.775,1030,2952,1112,2977,1242,1743
6314696,456.98,304.725,464.74,305.55,1024,2962,1105,2974,1240,1739
6314698,457.3,302.775,464.9,305.7,1028,2941,1107,2976,1251,1739
6314700,458.26,303.9,465.46,306,1038,2953,1113,2979,1247,1741
6314702,457.38,302.1,465.14,305.4,1029,2933,1110,2972,1251,1738
6314704,457.7,302.85,464.98,305.55,1032,2941,1108,2972,1250,1742
6314706,457.62,303.6,464.34,305.325,1032,2949,1102,2970,1249,1740
6314708,457.54,303.525,465.14,305.7,1030,2947,1110,2973,1249,1738
6314710,457.46,302.4,465.38,305.7,1030,2934,1112,2974,1248,1737
6314712,457.22,303.3,464.5,306,1027,2943,1103,2975,1245,1740
6314714,456.74,303.225,465.06,305.475,1022,2943,1108,2970,1248,1737
6314716,457.86,304.425,465.22,306.375,1033,2954,1110,2979,1250,1738
6314718,457.7,303.9,465.22,305.925,1032,2948,1111,2974,1248,1738
6314720,458.18,303.975,465.38,307.2,1037,2949,1112,2987,1248,1737
6314722,457.94,304.725,464.82,306.3,1034,2957,1106,2977,1252,1739
6314724,457.86,303.675,464.58,307.35,1034,2945,1104,2987,1252,1735
6314726,458.34,303.675,464.98,306.15,1039,2944,1108,2974,1250,1738
6314728,457.78,304.35,464.9,307.275,1033,2951,1107,2986,1247,1738
6314730,458.1,305.175,465.3,307.95,1036,2960,1111,2993,1248,1739
6314732,458.26,304.95,464.9,308.025,1038,2957,1107,2993,1252,1739
6314734,458.26,306.15,464.98,308.175,1038,2970,1108,2995,1247,1737
6314736,457.94,304.725,465.3,307.725,1035,2954,1112,2990,1254,1738
6314738,457.94,304.8,465.54,307.725,1035,2955,1114,2990,1250,1739
6314740,458.42,305.475,465.78,307.95,1040,2961,1117,2991,1251,1737
6314742,457.3,305.4,465.54,308.475,1029,2960,1114,2997,1244,1735
6314744,458.5,306,465.86,307.5,1041,2967,1118,2986,1246,1736
6314746,458.1,306.45,465.94,308.4,1036,2972,1119,2996,1248,1741
6314748,458.26,305.1,465.78,307.875,1039,2957,1117,2990,1252,1739
6314750,458.18,306.3,465.78,308.025,1038,2970,1117,2992,1242,1735
6314752,457.78,305.625,465.62,307.725,1035,2962,1116,2988,1242,1737
6314754,458.42,305.175,465.86,307.575,1041,2957,1118,2986,1245,1736
6314756,457.86,305.1,466.18,307.125,1036,2956,1123,2981,1242,1736
6314758,458.82,305.175,466.1,307.125,1046,2957,1122,2981,1245,1738
6314760,458.5,304.425,466.42,307.125,1044,2948,1126,2981,1245,1733
6314762,457.7,304.65,466.42,307.2,1034,2951,1126,2982,1243,1733
6314764,458.74,304.425,466.82,306.15,1046,2948,1131,2971,1242,1737
6314766,458.34,304.275,466.02,306.45,1042,2947,1122,2974,1243,1737
6314768,458.74,304.575,465.78,306,1046,2950,1120,2968,1243,1736
6314770,459.38,305.025,466.98,306.75,1053,2955,1132,2977,1250,1740
6314772,458.5,305.025,465.86,306.375,1045,2955,1122,2972,1248,1740
6314774,458.9,304.425,466.18,306.975,1049,2948,1125,2979,1248,1736
6314776,458.42,304.95,466.74,306.6,1044,2954,1132,2975,1248,1736
6314778,458.74,305.1,466.82,306.45,1048,2955,1132,2973,1247,1738
6314780,459.14,305.325,466.5,307.275,1053,2958,1129,2982,1250,1740
6314782,458.26,305.175,466.74,307.8,1044,2956,1132,2988,1247,1741
6314784,458.82,305.325,466.58,307.725,1050,2958,1131,2987,1241,1738
6314786,458.26,306.45,466.34,308.475,1044,2971,1128,2996,1242,1738
6314788,458.5,306.3,466.66,308.025,1047,2969,1132,2991,1245,1739
6314790,458.82,305.925,467.38,307.425,1051,2965,1140,2985,1245,1737
6314792,457.7,305.925,466.66,307.725,1039,2964,1133,2987,1243,1740
6314794,458.5,305.55,466.34,308.25,1048,2961,1129,2993,1248,1736
6314796,457.94,305.925,466.98,308.4,1042,2965,1136,2995,1248,1739
6314798,457.78,305.7,466.66,308.775,1040,2963,1132,2999,1249,1739
6314800,458.18,306.375,466.34,308.55,1044,2970,1130,2997,1248,1742
6314802,458.5,306.975,466.9,307.5,1048,2977,1136,2986,1250,1742
6314804,458.9,306.225,466.58,307.8,1053,2969,1133,2989,1251,1738
6314806,458.1,306,466.74,308.325,1045,2967,1134,2995,1253,1742
6314808,458.34,305.4,467.22,307.275,1048,2960,1140,2984,1251,1742
6314810,458.74,306.15,467.22,307.05,1051,2969,1140,2982,1249,1741
6314812,458.1,305.25,466.5,306.6,1045,2959,1133,2977,1249,1742
6314814,458.9,306.75,466.74,306.75,1053,2976,1136,2979,1249,1741
6314816,458.74,305.775,466.42,306.45,1052,2966,1132,2976,1249,1740
6314818,459.38,305.475,466.74,306.675,1059,2963,1136,2978,1250,1741
6314820,459.62,304.575,466.58,306.525,1062,2953,1134,2977,1248,1737
6314822,459.14,306.075,466.5,307.125,1056,2969,1133,2984,1248,1733
6314824,459.78,305.85,465.94,306.525,1063,2968,1128,2977,1249,1737
6314826,461.14,304.575,465.38,307.725,1078,2955,1121,2991,1246,1732
6314828,462.42,306.675,465.54,307.5,1091,2978,1123,2989,1245,1734
6314830,462.02,305.775,464.58,307.125,1087,2969,1113,2984,1244,1736
6314832,463.14,306.825,464.18,308.7,1098,2981,1109,3002,1239,1732
6314834,463.94,307.35,463.7,309.075,1107,2987,1104,3006,1242,1731
6314836,464.58,309.3,463.14,309.975,1112,3009,1098,3016,1239,1725
6314838,465.62,307.8,462.02,311.175,1124,2993,1085,3029,1238,1728
6314840,466.82,308.85,461.46,311.775,1137,3005,1079,3035,1231,1725
6314842,468.1,309.975,459.94,312.3,1149,3018,1063,3041,1226,1723
6314844,469.94,307.65,459.3,312.675,1170,2994,1056,3045,1228,1719
6314846,472.02,309.9,457.62,311.925,1191,3019,1038,3036,1223,1718
6314848,473.14,307.125,455.62,312.525,1204,2989,1017,3042,1225,1718
6314850,474.82,306.6,454.42,314.775,1222,2984,1004,3067,1217,1709
6314852,477.46,309.375,453.22,316.05,1248,3015,991,3080,1214,1701
6314854,480.58,311.55,453.14,315.15,1280,3041,990,3071,1188,1688
6314856,483.62,320.4,451.94,335.475,1310,3139,970,3295,1166,1602
6314858,485.62,330.75,447.62,353.4,1328,3254,919,3492,1121,1523
6314860,488.9,345.45,442.26,381.9,1358,3419,852,3810,1072,1399
6314862,487.38,370.8,438.58,411.525,1334,3701,801,4143,989,1261
6314864,489.94,398.175,433.94,445.05,1354,4011,739,4523,900,1104
6314866,490.02,416.025,429.46,479.1,1350,4213,677,4913,836,938
6314868,490.66,444.825,424.58,515.7,1348,4542,610,5338,736,774
6314870,491.06,464.4,412.5,544.725,1347,4768,466,5674,663,632
6314872,491.54,484.425,405.62,575.775,1346,5000,377,6040,586,481
6314874,493.7,500.625,402.34,606.825,1364,5190,327,6411,512,337
6314876,499.62,517.125,NaN,NaN,1424,5385,NaN,NaN,449,0
6314878,506.74,540.225,NaN,NaN,1495,5660,NaN,NaN,373,0
6314880,506.74,540.225,NaN,NaN,1495,5660,NaN,NaN,373,0
6314882,NaN,NaN,NaN,NaN,NaN,NaN,NaN,NaN,0,0
6314884,NaN,NaN,NaN,NaN,NaN,NaN,NaN,NaN,0,0
6314886,NaN,NaN,NaN,NaN,NaN,NaN,NaN,NaN,0,0
6314888,NaN,NaN,NaN,NaN,NaN,NaN,NaN,NaN,0,0
6314890,NaN,NaN,NaN,NaN,NaN,NaN,NaN,NaN,0,0
6314892,NaN,NaN,NaN,NaN,NaN,NaN,NaN,NaN,0,0
6314894,NaN,NaN,NaN,NaN,NaN,NaN,NaN,NaN,0,0
6314896,NaN,NaN,NaN,NaN,NaN,NaN,NaN,NaN,0,0
6314898,NaN,NaN,NaN,NaN,NaN,NaN,NaN,NaN,0,0
6314900,NaN,NaN,NaN,NaN,NaN,NaN,NaN,NaN,0,0
6314902,NaN,NaN,NaN,NaN,NaN,NaN,NaN,NaN,0,0
6314904,NaN,NaN,NaN,NaN,NaN,NaN,NaN,NaN,0,0
6314906,NaN,NaN,NaN,NaN,NaN,NaN,NaN,NaN,0,0
6314908,NaN,NaN,NaN,NaN,NaN,NaN,NaN,NaN,0,0
6314910,NaN,NaN,NaN,NaN,NaN,NaN,NaN,NaN,0,0
6314912,NaN,NaN,NaN,NaN,NaN,NaN,NaN,NaN,0,0
6314914,NaN,NaN,NaN,NaN,NaN,NaN,NaN,NaN,0,0
6314916,NaN,NaN,NaN,NaN,NaN,NaN,NaN,NaN,0,0
6314918,NaN,NaN,NaN,NaN,NaN,NaN,NaN,NaN,0,0
6314920,NaN,NaN,NaN,NaN,NaN,NaN,NaN,NaN,0,0
6314922,NaN,NaN,NaN,NaN,NaN,NaN,NaN,NaN,0,0
6314924,NaN,NaN,NaN,NaN,NaN,NaN,NaN,NaN,0,0
6314926,NaN,NaN,NaN,NaN,NaN,NaN,NaN,NaN,0,0
6314928,NaN,NaN,NaN,NaN,NaN,NaN,NaN,NaN,0,0
6314930,NaN,NaN,NaN,NaN,NaN,NaN,NaN,NaN,0,0
6314932,NaN,NaN,NaN,NaN,NaN,NaN,NaN,NaN,0,0
6314934,NaN,NaN,NaN,NaN,NaN,NaN,NaN,NaN,0,0
6314936,NaN,NaN,NaN,NaN,NaN,NaN,NaN,NaN,0,0
6314938,NaN,NaN,NaN,NaN,NaN,NaN,NaN,NaN,0,0
6314940,NaN,NaN,NaN,NaN,NaN,NaN,NaN,NaN,0,0
6314942,NaN,NaN,NaN,NaN,NaN,NaN,NaN,NaN,0,0
6314944,NaN,NaN,NaN,NaN,NaN,NaN,NaN,NaN,0,0
6314946,NaN,NaN,NaN,NaN,NaN,NaN,NaN,NaN,0,0
6314948,NaN,NaN,NaN,NaN,NaN,NaN,NaN,NaN,0,0
6314950,NaN,NaN,NaN,NaN,NaN,NaN,NaN,NaN,0,0
6314952,NaN,NaN,NaN,NaN,NaN,NaN,NaN,NaN,0,0
6314954,NaN,NaN,NaN,NaN,NaN,NaN,NaN,NaN,0,0
6314956,NaN,NaN,NaN,NaN,NaN,NaN,NaN,NaN,0,0
6314958,NaN,NaN,NaN,NaN,NaN,NaN,NaN,NaN,0,0
6314960,458.66,498.525,NaN,NaN,980,5146,NaN,NaN,434,0
6314962,458.66,498.45,NaN,NaN,980,5146,NaN,NaN,434,0
6314964,459.22,479.025,NaN,NaN,994,4921,NaN,NaN,501,0
6314966,459.86,459.525,NaN,NaN,1007,4696,NaN,NaN,568,0
6314968,458.34,447.975,NaN,NaN,994,4562,NaN,NaN,609,0
6314970,456.74,436.275,NaN,NaN,982,4428,NaN,NaN,651,0
6314972,454.9,420.225,437.22,586.05,968,4245,715,6172,699,366
6314974,453.06,404.175,437.3,585.975,953,4062,715,6172,747,366
6314976,453.54,391.65,441.38,570.6,962,3921,766,5989,788,432
6314978,454.02,379.05,445.46,555,972,3779,816,5806,829,499
6314980,455.46,366.45,446.42,538.575,992,3639,833,5612,876,576
6314982,453.86,354.825,448.66,523.125,979,3509,863,5431,916,653
6314984,456.02,343.875,450.98,506.55,1005,3388,894,5239,965,740
6314986,455.22,337.875,453.54,485.475,999,3321,930,4994,1002,834
6314988,455.3,325.275,455.62,467.4,1004,3182,959,4786,1039,923
6314990,454.74,317.1,457.7,449.55,1001,3092,987,4582,1066,1009
6314992,455.3,310.875,459.46,432.375,1009,3024,1012,4386,1093,1085
6314994,456.42,300.75,459.86,415.95,1024,2913,1022,4199,1123,1172
6314996,454.74,300.6,460.74,400.575,1006,2911,1036,4025,1138,1237
6314998,456.58,294.375,462.18,383.7,1027,2843,1057,3836,1164,1310
6315000,456.26,289.95,464.42,370.65,1024,2795,1084,3690,1177,1369
6315002,456.5,287.625,467.54,359.175,1028,2769,1121,3563,1194,1421
6315004,455.14,286.425,468.34,345.375,1013,2755,1133,3410,1201,1479
6315006,454.82,285.675,468.34,333.075,1011,2747,1137,3273,1207,1533
6315008,454.9,287.625,469.3,323.175,1010,2769,1150,3164,1205,1575
6315010,455.22,286.95,469.06,312.9,1014,2761,1150,3050,1211,1617
6315012,454.74,287.325,469.14,304.575,1008,2765,1153,2959,1209,1651
6315014,455.62,287.775,467.7,296.85,1017,2770,1141,2874,1205,1684
6315016,454.26,287.475,467.38,292.5,1002,2766,1138,2826,1208,1701
6315018,454.18,289.05,466.66,289.5,1001,2783,1131,2793,1209,1712
6315020,454.18,288.15,466.58,289.05,1001,2774,1130,2788,1213,1719
6315022,454.26,289.575,465.94,289.2,1001,2789,1123,2789,1213,1718
6315024,453.3,290.775,465.46,290.1,990,2802,1117,2799,1210,1722
6315026,453.86,292.275,465.46,290.775,995,2818,1117,2806,1217,1728
6315028,453.7,292.725,465.54,291.225,993,2823,1118,2811,1211,1725
6315030,452.34,292.425,465.46,291.225,978,2819,1116,2810,1221,1730
6315032,451.78,295.35,465.7,292.2,971,2851,1118,2821,1218,1731
6315034,452.1,293.325,465.38,293.4,975,2829,1114,2834,1211,1739
6315036,452.1,295.35,465.06,294.225,973,2851,1110,2843,1218,1736
6315038,452.98,294,465.14,294.6,983,2837,1111,2847,1222,1734
6315040,451.46,295.5,465.14,294.075,966,2852,1110,2841,1224,1733
6315042,451.06,295.2,464.42,294.675,962,2849,1102,2848,1217,1742
6315044,450.66,296.325,464.9,295.125,957,2861,1107,2853,1216,1735
6315046,450.42,296.7,464.02,295.575,954,2865,1098,2857,1219,1734
6315048,450.82,297.3,463.94,295.725,958,2872,1096,2859,1223,1738
6315050,450.82,296.25,464.26,296.925,958,2861,1099,2872,1214,1736
6315052,450.98,296.175,464.1,296.625,959,2859,1097,2869,1220,1738
6315054,450.82,297.825,464.02,296.625,957,2877,1096,2869,1220,1737
6315056,450.82,297.525,463.86,296.925,956,2875,1094,2872,1220,1738
6315058,450.82,298.125,463.38,297.375,957,2881,1088,2877,1221,1742
6315060,450.58,298.8,463.62,297.6,954,2888,1091,2879,1225,1740
6315062,450.9,298.2,463.3,297.825,957,2882,1087,2882,1223,1744
6315064,451.22,296.85,463.7,297.6,960,2867,1091,2879,1219,1739
6315066,450.82,298.875,463.62,298.5,956,2889,1090,2890,1226,1746
6315068,450.9,298.875,463.46,298.5,956,2889,1088,2889,1223,1745
6315070,451.22,299.325,463.3,299.25,960,2895,1087,2898,1226,1747
6315072,451.62,300.3,463.14,299.55,963,2906,1085,2901,1225,1747
6315074,451.22,300.975,463.3,299.4,959,2913,1086,2899,1229,1749
6315076,451.06,300.15,462.9,299.7,957,2904,1082,2903,1226,1748
6315078,451.54,301.05,462.58,299.85,962,2914,1079,2905,1227,1751
6315080,451.62,301.65,462.9,300.375,962,2921,1082,2911,1231,1753
6315082,451.06,301.575,462.26,301.65,957,2920,1074,2925,1228,1750
6315084,450.5,300.75,462.26,302.55,951,2911,1074,2935,1228,1752
6315086,450.82,301.125,462.66,302.025,955,2915,1078,2929,1231,1750
6315088,451.46,302.7,462.18,302.925,961,2933,1073,2939,1232,1751
6315090,450.1,301.2,462.26,303,946,2915,1074,2939,1228,1754
6315092,451.22,301.725,462.34,303.075,958,2922,1075,2940,1229,1751
6315094,451.14,302.475,462.58,302.7,957,2930,1077,2937,1230,1752
6315096,450.58,302.175,461.78,303,951,2927,1069,2940,1232,1755
6315098,450.42,303.15,461.62,304.2,949,2938,1067,2952,1234,1757
6315100,450.18,303.3,461.7,303.825,947,2940,1068,2949,1237,1760
6315102,450.26,303.525,461.3,303.975,947,2942,1064,2951,1237,1760
6315104,450.66,304.575,461.78,304.65,952,2953,1068,2958,1238,1759
6315106,450.74,305.025,461.38,304.275,952,2959,1065,2954,1244,1758
6315108,450.82,304.5,461.46,304.5,953,2953,1065,2957,1237,1762
6315110,450.34,304.35,461.06,304.35,948,2951,1061,2955,1233,1763
6315112,450.18,303.225,461.46,304.875,946,2939,1065,2961,1235,1758
6315114,451.06,303.15,461.46,305.325,956,2938,1065,2966,1236,1760
6315116,450.18,304.875,460.5,306,946,2957,1055,2973,1234,1759
6315118,450.42,303.675,460.9,305.85,949,2944,1058,2972,1235,1756
6315120,450.82,304.275,460.9,306.225,953,2951,1059,2976,1236,1757
6315122,450.18,304.125,460.82,306.075,946,2949,1058,2974,1236,1754
6315124,451.62,304.725,460.5,306.225,961,2956,1054,2976,1237,1753
6315126,450.66,304.275,460.58,306.075,951,2951,1055,2974,1238,1756
6315128,450.42,303.375,460.02,306.3,949,2941,1049,2977,1233,1754
6315130,450.66,305.4,460.18,306.45,951,2964,1051,2978,1237,1753
6315132,450.58,304.8,460.9,306.45,950,2958,1058,2979,1235,1754
6315134,450.18,305.175,460.02,307.575,946,2962,1049,2991,1234,1757
6315136,449.94,304.35,459.7,307.35,943,2952,1045,2989,1237,1757
6315138,450.82,304.125,459.7,307.35,953,2950,1045,2989,1236,1755
6315140,450.82,304.275,459.78,307.725,953,2952,1046,2993,1237,1756
6315142,450.66,305.175,459.94,307.575,951,2962,1047,2991,1234,1753
6315144,450.58,304.05,459.94,307.8,950,2949,1048,2994,1235,1755
6315146,450.82,304.425,459.62,308.25,953,2954,1044,2999,1229,1753
6315148,450.42,305.1,459.46,307.875,948,2961,1042,2995,1231,1756
6315150,450.82,304.125,459.78,308.025,953,2950,1046,2996,1236,1753
6315152,450.58,305.175,459.22,308.7,950,2961,1039,3003,1234,1753
6315154,451.3,305.325,459.7,308.7,957,2963,1044,3003,1232,1752
6315156,450.58,304.425,459.78,308.175,950,2954,1045,2998,1234,1751
6315158,451.06,305.1,459.38,308.55,955,2961,1042,3002,1233,1752
6315160,450.5,305.025,459.14,308.775,948,2961,1038,3004,1232,1753
6315162,451.38,305.025,459.46,308.85,958,2961,1042,3005,1235,1753
6315164,450.82,306.075,459.7,308.475,951,2972,1044,3002,1231,1753
6315166,451.14,306.45,459.06,309.3,955,2976,1037,3011,1233,1751
6315168,451.54,306.9,459.54,310.2,958,2982,1042,3020,1235,1745
6315170,450.9,305.55,459.46,310.35,952,2967,1040,3022,1237,1748
6315172,451.7,306.15,459.38,310.2,960,2974,1040,3020,1233,1748
6315174,451.22,307.2,459.14,309.6,955,2985,1037,3014,1234,1748
6315176,450.98,305.7,459.3,310.425,953,2968,1039,3023,1235,1747
6315178,450.58,306.675,459.46,310.875,948,2979,1040,3028,1233,1748
6315180,451.78,306.9,458.82,310.95,960,2981,1033,3028,1235,1744
6315182,450.82,307.2,459.14,311.025,950,2984,1036,3030,1233,1749
6315184,451.22,307.05,459.54,310.725,954,2983,1041,3026,1233,1747
6315186,451.14,308.775,459.38,311.1,953,3002,1039,3030,1235,1747
6315188,451.38,307.425,459.14,312.6,956,2988,1036,3047,1234,1745
6315190,451.54,307.125,458.98,311.25,958,2984,1035,3032,1234,1749
6315192,451.22,308.925,458.58,311.025,954,3004,1031,3029,1235,1746
6315194,451.06,306.825,458.82,311.85,953,2981,1033,3039,1234,1749
6315196,451.06,306.45,459.14,311.4,953,2977,1037,3034,1233,1742
6315198,451.22,308.175,458.74,310.35,954,2996,1032,3023,1235,1748
6315200,451.14,308.55,458.9,312.15,953,3000,1034,3043,1234,1746
6315202,451.38,308.325,459.22,311.4,955,2998,1038,3034,1238,1747
6315204,450.98,307.35,458.98,312.3,952,2987,1034,3044,1236,1744
6315206,452.18,308.1,458.66,311.625,964,2996,1031,3037,1234,1747
6315208,451.54,307.5,458.58,311.925,957,2989,1030,3041,1235,1747
6315210,451.62,306.3,458.9,312.3,959,2976,1033,3045,1233,1746
6315212,452.26,308.475,459.14,312.675,965,3000,1036,3049,1234,1748
6315214,451.94,308.55,458.42,311.85,962,3001,1029,3039,1234,1744
6315216,451.94,308.85,458.5,312.75,961,3004,1030,3049,1238,1749
6315218,451.78,308.175,458.98,312.225,961,2996,1034,3044,1238,1745
6315220,451.78,308.4,458.58,312,960,2999,1031,3041,1238,1747
6315222,452.58,308.175,459.06,312.525,968,2997,1036,3047,1236,1742
6315224,452.66,309.075,459.38,312.9,969,3007,1039,3052,1237,1744
6315226,452.1,308.475,459.22,312.15,963,3000,1037,3044,1233,1744
6315228,452.02,308.625,459.14,312.825,962,3002,1036,3051,1236,1744
6315230,451.86,308.175,459.46,312.825,961,2997,1040,3051,1233,1742
6315232,451.54,308.925,459.38,313.125,958,3005,1038,3054,1236,1741
6315234,452.58,308.4,459.06,313.35,969,3000,1035,3056,1235,1742
6315236,452.42,308.775,459.62,312.9,967,3004,1041,3052,1239,1741
6315238,452.5,309.3,459.14,312.9,968,3010,1036,3052,1237,1744
6315240,452.34,309.075,459.06,313.725,966,3007,1035,3061,1232,1741
6315242,452.5,307.725,459.54,313.275,968,2992,1040,3056,1236,1741
6315244,452.1,309,459.3,313.2,963,3007,1038,3055,1231,1742
6315246,452.5,308.625,458.82,313.5,968,3003,1033,3058,1233,1743
6315248,452.42,307.425,459.46,313.125,967,2989,1040,3055,1233,1741
6315250,452.42,309,459.62,312.825,967,3007,1042,3051,1234,1740
6315252,452.74,308.475,459.54,312.9,971,3001,1041,3052,1231,1742
6315254,452.02,308.775,459.22,313.125,963,3004,1037,3055,1235,1742
6315256,452.26,308.925,460.18,313.35,966,3006,1048,3057,1237,1738
6315258,453.06,309.45,458.9,313.2,974,3012,1034,3055,1233,1743
6315260,453.38,308.25,459.3,313.875,978,3000,1038,3063,1236,1744
6315262,452.9,309.075,459.62,313.125,972,3008,1042,3055,1236,1741
6315264,453.3,309.9,459.38,313.725,976,3017,1039,3062,1232,1740
6315266,452.58,308.85,459.54,314.625,969,3005,1041,3071,1232,1743
6315268,453.38,309.975,460.26,313.725,977,3018,1049,3062,1234,1743
6315270,453.54,309.225,459.14,313.725,979,3010,1037,3061,1234,1745
6315272,452.58,309,459.54,314.475,969,3008,1041,3070,1234,1741
6315274,453.22,308.85,459.94,314.7,976,3006,1044,3073,1236,1743
6315276,453.46,310.05,459.7,314.4,978,3019,1042,3069,1234,1742
6315278,453.38,309.225,459.54,314.625,978,3010,1041,3072,1232,1743
6315280,452.1,310.275,459.46,314.775,964,3022,1040,3074,1234,1740
6315282,453.3,310.275,459.62,314.625,976,3022,1041,3072,1240,1743
6315284,453.14,310.8,459.7,315.525,974,3028,1042,3082,1234,1742
6315286,452.5,310.725,459.38,315.075,968,3027,1039,3077,1237,1741
6315288,453.38,310.875,459.22,315.075,977,3029,1037,3077,1233,1740
6315290,453.06,311.175,459.46,315.15,973,3032,1039,3078,1238,1741
6315292,452.82,311.925,459.38,315.375,970,3040,1038,3081,1233,1740
6315294,452.58,311.475,458.9,315.225,968,3035,1034,3079,1233,1742
6315296,452.74,309.675,459.3,315.9,970,3016,1037,3086,1238,1742
6315298,452.34,311.625,459.38,314.55,965,3037,1038,3072,1238,1744
6315300,452.5,312.3,459.14,314.7,966,3045,1035,3074,1241,1747
6315302,452.26,310.875,458.98,315.75,964,3029,1033,3085,1243,1745
6315304,452.74,312.525,458.9,314.775,969,3048,1033,3074,1238,1747
6315306,451.94,310.05,459.22,314.475,961,3020,1036,3071,1238,1746
6315308,453.22,310.575,458.98,314.25,974,3026,1033,3068,1236,1744
6315310,452.98,311.4,458.82,314.475,971,3035,1032,3071,1233,1745
6315312,452.82,311.025,459.54,314.175,970,3031,1039,3068,1238,1746
6315314,453.62,310.125,459.14,314.625,978,3021,1034,3073,1232,1747
6315316,453.06,309.675,458.74,314.55,972,3016,1030,3071,1237,1747
6315318,452.42,309.375,459.22,314.025,966,3013,1035,3066,1237,1744
6315320,452.66,311.025,458.58,314.55,967,3031,1028,3072,1232,1746
6315322,453.22,309.75,458.42,314.4,974,3016,1027,3070,1239,1745
6315324,453.14,309.45,459.22,314.4,973,3013,1035,3070,1234,1743
6315326,453.86,310.05,458.58,313.575,980,3020,1028,3061,1236,1748
6315328,453.38,310.65,458.58,314.4,974,3026,1028,3070,1237,1748
6315330,453.62,310.35,459.22,313.95,976,3023,1034,3065,1238,1745
6315332,452.82,312.075,459.06,313.65,967,3041,1032,3061,1234,1749
6315334,452.9,310.425,458.66,314.7,968,3024,1028,3073,1235,1745
6315336,453.3,310.125,459.3,315.075,972,3020,1034,3077,1235,1744
6315338,452.5,310.575,458.9,314.625,963,3024,1030,3071,1236,1746
6315340,453.38,310.875,458.82,314.7,972,3028,1028,3072,1240,1747
6315342,453.06,309.525,459.22,314.925,969,3013,1032,3075,1235,1744
6315344,453.46,310.65,458.5,315.15,973,3025,1024,3076,1232,1746
6315346,452.5,310.5,458.58,314.1,963,3023,1025,3065,1231,1749
6315348,453.38,310.8,459.14,314.925,972,3027,1031,3073,1233,1744
6315350,452.98,309.9,459.06,314.625,968,3016,1030,3070,1236,1747
6315352,453.14,308.55,458.98,314.775,969,3001,1029,3071,1231,1744
6315354,452.66,311.55,458.42,313.5,964,3034,1024,3057,1231,1752
6315356,453.3,309.825,459.3,314.775,971,3015,1032,3071,1235,1743
6315358,453.7,309.3,459.14,313.95,975,3009,1031,3062,1238,1747
6315360,453.06,309.3,458.66,313.875,968,3008,1025,3061,1229,1749
6315362,453.54,308.25,458.82,314.1,974,2997,1027,3064,1230,1750
6315364,453.78,309.45,458.66,313.875,975,3010,1025,3060,1230,1750
6315366,453.38,309.975,458.66,313.425,971,3016,1025,3056,1232,1750
6315368,453.86,310.05,459.06,313.125,975,3016,1030,3052,1232,1750
6315370,453.06,310.05,459.3,313.8,967,3016,1032,3059,1235,1749
6315372,453.3,310.35,458.34,313.8,970,3019,1022,3059,1229,1751
6315374,452.9,308.175,458.9,313.65,966,2995,1027,3057,1229,1753
6315376,453.3,309.45,458.82,313.575,970,3009,1026,3056,1233,1748
6315378,453.46,310.8,458.58,314.1,970,3023,1023,3062,1229,1750
6315380,454.66,310.05,459.22,315.075,984,3016,1030,3072,1226,1747
6315382,453.7,309.975,459.3,314.4,974,3014,1031,3065,1234,1749
6315384,453.86,310.95,459.3,314.7,975,3024,1031,3068,1225,1750
6315386,453.62,313.5,459.38,315.225,972,3053,1031,3074,1233,1746
6315388,454.1,311.325,459.46,315.675,978,3029,1032,3079,1228,1746
6315390,454.58,311.4,458.82,315.3,982,3030,1026,3074,1225,1750
6315392,454.5,313.8,459.86,315.6,981,3056,1037,3078,1224,1746
6315394,453.14,313.125,459.46,315.975,967,3048,1033,3082,1231,1748
6315396,454.34,312.3,459.54,315.75,980,3039,1033,3079,1225,1750
6315398,454.18,312.45,459.78,315.3,978,3041,1036,3075,1228,1750
6315400,454.82,313.65,459.62,315.675,984,3055,1034,3079,1225,1749
6315402,453.94,312.675,460.1,315.3,976,3043,1040,3074,1229,1748
6315404,453.86,313.8,460.02,315.525,975,3056,1039,3077,1233,1751
6315406,455.06,313.65,459.46,315.675,987,3055,1033,3079,1224,1749
6315408,454.66,313.35,460.1,315.6,983,3051,1040,3078,1227,1747
6315410,455.3,311.55,460.02,315.675,991,3032,1038,3079,1225,1749
6315412,454.58,313.875,459.78,315.3,982,3057,1037,3074,1229,1750
6315414,454.5,312.6,460.58,315,982,3043,1045,3071,1228,1747
6315416,455.3,312.75,459.94,314.85,991,3045,1039,3069,1224,1749
6315418,454.9,311.475,459.86,313.875,987,3031,1038,3058,1226,1755
6315420,454.34,311.175,459.94,314.7,982,3027,1039,3068,1226,1749
6315422,454.9,312.675,460.18,313.8,987,3043,1043,3058,1224,1751
6315424,455.62,311.4,459.78,313.8,996,3030,1038,3058,1224,1753
6315426,455.46,310.35,460.42,313.95,994,3018,1046,3059,1225,1751
6315428,455.22,311.625,460.66,313.2,992,3032,1049,3052,1223,1752
6315430,455.22,310.65,460.02,312.75,992,3022,1042,3046,1223,1755
6315432,455.3,310.8,460.1,313.2,993,3024,1043,3051,1221,1752
6315434,455.06,312,460.02,312.75,991,3036,1042,3046,1219,1753
6315436,455.22,310.95,460.34,312.375,993,3025,1046,3042,1222,1755
6315438,455.3,310.575,460.26,312.675,994,3020,1046,3046,1222,1754
6315440,454.5,311.475,460.66,313.05,986,3031,1050,3050,1218,1750
6315442,455.22,310.875,459.78,312.375,993,3024,1041,3042,1215,1752
6315444,454.58,309.225,460.66,312.975,988,3006,1050,3049,1222,1755
6315446,455.54,310.425,460.66,313.2,998,3020,1050,3052,1218,1753
6315448,455.06,311.1,460.66,313.425,992,3027,1051,3054,1222,1755
6315450,454.66,311.325,460.02,312.75,988,3029,1044,3047,1215,1751
6315452,454.66,311.775,460.58,314.175,989,3034,1050,3062,1215,1753
6315454,455.94,311.7,460.66,313.95,1002,3033,1051,3060,1221,1752
6315456,454.74,313.2,460.34,314.625,989,3050,1048,3068,1215,1753
6315458,454.66,312.975,460.82,314.85,989,3047,1053,3070,1210,1749
6315460,455.46,314.25,461.14,314.925,997,3062,1056,3071,1213,1748
6315462,454.58,314.55,460.34,315.525,987,3065,1048,3078,1210,1751
6315464,454.42,315.15,460.34,316.5,986,3072,1048,3088,1215,1749
6315466,455.14,315.15,460.98,315.825,993,3072,1054,3081,1215,1749
6315468,454.18,316.725,460.66,316.575,983,3089,1051,3090,1213,1747
6315470,454.42,316.65,460.1,317.25,985,3088,1045,3097,1211,1746
6315472,454.82,316.05,460.66,316.875,990,3082,1051,3094,1212,1748
6315474,454.1,317.625,460.42,317.025,982,3100,1049,3095,1210,1748
6315476,454.1,318.45,460.5,317.625,981,3109,1049,3102,1213,1747
6315478,453.46,319.425,461.3,317.025,974,3120,1057,3096,1210,1747
6315480,453.94,318.825,460.58,317.1,980,3114,1050,3097,1208,1746
6315482,453.06,320.025,460.26,316.95,970,3127,1046,3095,1210,1745
6315484,453.94,321,460.42,316.875,979,3138,1049,3095,1208,1744
6315486,454.42,317.625,460.34,316.875,985,3101,1047,3095,1208,1746
6315488,454.34,318.45,460.66,316.8,984,3110,1051,3094,1211,1747
6315490,454.34,318.3,460.5,316.05,984,3109,1049,3086,1210,1750
6315492,453.78,319.125,460.5,315.975,978,3118,1049,3086,1209,1749
6315494,452.82,318.225,460.26,316.575,968,3108,1047,3092,1207,1746
6315496,454.02,319.725,460.74,315.6,980,3125,1052,3081,1206,1749
6315498,453.94,316.35,460.82,315.3,980,3088,1053,3078,1211,1747
6315500,452.66,316.125,460.5,315.675,967,3085,1049,3083,1204,1751
6315502,453.46,317.625,459.94,315.3,975,3101,1044,3078,1206,1747
6315504,452.58,316.05,460.5,315.225,966,3084,1049,3077,1212,1752
6315506,453.7,317.25,460.42,314.55,977,3097,1049,3070,1204,1753
6315508,452.58,316.875,460.18,314.775,965,3092,1046,3071,1208,1752
6315510,452.98,316.725,459.94,314.325,969,3090,1044,3067,1208,1751
6315512,452.74,318.975,460.82,314.55,967,3115,1053,3069,1204,1750
6315514,452.66,318.075,459.94,313.95,966,3105,1044,3062,1206,1754
6315516,452.9,316.725,459.62,314.025,969,3089,1040,3061,1208,1752
6315518,452.74,317.325,459.94,314.25,967,3096,1044,3065,1200,1752
6315520,452.1,317.1,459.46,314.7,959,3092,1038,3068,1207,1750
6315522,451.62,315.675,459.86,313.95,955,3076,1042,3060,1208,1753
6315524,452.42,316.8,460.34,314.7,963,3088,1047,3068,1203,1749
6315526,452.98,318.075,460.02,314.025,969,3102,1044,3060,1202,1753
6315528,452.98,318.975,460.02,315,968,3111,1044,3070,1205,1748
6315530,452.82,318.45,460.02,314.775,967,3105,1044,3068,1202,1753
6315532,452.18,317.925,459.54,315.525,960,3099,1038,3074,1202,1751
6315534,452.42,319.8,460.1,314.85,962,3119,1044,3067,1199,1750
6315536,452.82,319.875,460.42,315.075,966,3120,1047,3069,1199,1752
6315538,452.82,318.9,460.34,314.55,966,3108,1047,3063,1203,1753
6315540,452.26,319.05,460.18,315.825,960,3108,1045,3076,1204,1747
6315542,452.9,319.65,460.58,315.6,966,3116,1049,3074,1198,1751
6315544,452.82,319.8,460.82,315.15,965,3117,1052,3068,1197,1752
6315546,452.66,319.425,460.9,314.85,965,3112,1052,3064,1200,1749
6315548,453.06,318.3,460.42,315.975,969,3099,1047,3076,1199,1748
6315550,453.22,319.95,461.3,315.075,970,3118,1057,3066,1197,1751
6315552,452.9,320.175,461.62,315.6,967,3119,1060,3071,1198,1748
6315554,452.58,319.5,461.3,315.225,964,3111,1057,3067,1197,1751
6315556,453.3,320.25,462.02,315.975,972,3119,1064,3075,1195,1747
6315558,453.86,319.35,461.86,315.6,977,3109,1063,3071,1198,1747
6315560,453.94,319.725,461.3,315.75,978,3113,1058,3072,1193,1749
6315562,453.94,319.65,462.26,315.45,979,3112,1068,3069,1199,1748
6315564,453.22,318.225,462.66,315.9,972,3096,1072,3074,1197,1745
6315566,454.02,320.175,462.02,316.125,980,3118,1065,3075,1195,1747
6315568,454.82,320.55,462.66,315.75,989,3122,1073,3072,1196,1746
6315570,453.78,320.025,462.98,315.375,978,3116,1077,3068,1194,1747
6315572,454.26,320.85,463.22,315.6,984,3125,1080,3070,1196,1750
6315574,454.74,321,464.02,315.825,989,3127,1088,3073,1195,1746
6315576,453.62,321.375,463.54,315.975,978,3130,1085,3074,1195,1750
6315578,454.58,321,463.7,316.35,988,3126,1086,3078,1194,1747
6315580,454.9,321.075,463.38,316.425,993,3127,1084,3079,1198,1746
6315582,454.18,320.85,464.26,316.05,985,3124,1093,3075,1194,1749
6315584,455.06,322.35,463.94,316.725,995,3141,1091,3082,1195,1750
6315586,454.9,322.575,463.94,316.2,993,3143,1090,3076,1199,1748
6315588,453.94,321.9,464.18,316.35,985,3136,1095,3079,1196,1751
6315590,454.98,321.525,464.02,317.1,996,3132,1092,3087,1199,1747
6315592,455.3,322.8,464.18,316.275,1000,3147,1095,3078,1193,1749
6315594,455.62,323.325,464.18,316.725,1003,3153,1096,3082,1195,1748
6315596,454.9,323.625,464.02,317.025,997,3156,1095,3086,1194,1747
6315598,455.22,323.1,464.1,316.5,1000,3150,1096,3081,1195,1747
6315600,455.78,324.225,463.94,317.4,1007,3163,1095,3091,1196,1746
6315602,455.22,323.775,464.18,317.1,1000,3158,1097,3087,1199,1747
6315604,455.14,323.625,464.26,316.725,1001,3157,1100,3084,1199,1748
6315606,455.46,324.075,464.34,317.55,1005,3162,1100,3093,1197,1747
6315608,454.58,323.175,464.26,317.475,997,3152,1101,3092,1198,1745
6315610,454.9,323.85,464.18,317.175,1000,3160,1100,3090,1196,1748
6315612,455.54,323.775,464.26,317.4,1008,3160,1102,3092,1195,1748
6315614,455.06,323.625,464.02,317.775,1003,3158,1099,3096,1195,1746
6315616,455.14,324.3,463.94,317.4,1004,3166,1099,3093,1198,1747
6315618,454.98,322.8,464.18,318,1003,3149,1101,3099,1196,1745
6315620,454.82,324.375,463.94,317.55,1002,3167,1100,3095,1194,1746
6315622,455.14,323.25,463.7,317.925,1005,3155,1097,3099,1197,1743
6315624,454.42,323.625,464.1,316.725,999,3160,1102,3087,1197,1746
6315626,453.94,324.15,463.78,317.25,993,3165,1099,3093,1194,1747
6315628,454.82,323.625,464.34,317.475,1003,3160,1106,3096,1197,1743
6315630,454.66,323.325,464.1,317.175,1001,3157,1103,3092,1200,1746
6315632,454.9,323.775,463.78,317.7,1004,3163,1101,3098,1196,1745
6315634,455.54,324.375,464.02,317.475,1011,3169,1102,3096,1196,1745
6315636,454.26,323.25,463.94,317.25,998,3157,1103,3094,1199,1745
6315638,454.9,324,463.62,317.475,1005,3166,1099,3097,1195,1744
6315640,454.5,323.925,463.46,317.55,1002,3165,1098,3098,1196,1745
6315642,454.26,322.65,463.86,316.8,999,3151,1102,3089,1193,1747
6315644,454.66,322.8,463.78,316.725,1004,3153,1102,3089,1197,1747
6315646,454.26,323.175,463.7,317.325,1000,3157,1101,3096,1191,1745
6315648,454.26,323.1,463.46,317.1,1000,3157,1099,3093,1196,1745
6315650,453.94,322.275,463.46,316.35,997,3147,1100,3086,1196,1745
6315652,453.94,322.875,463.38,316.65,997,3154,1099,3089,1193,1740
6315654,454.26,323.625,463.46,316.575,1001,3163,1100,3088,1191,1743
6315656,453.7,323.475,463.94,316.65,995,3161,1105,3090,1192,1743
6315658,453.62,322.125,463.38,316.425,995,3147,1100,3087,1196,1746
6315660,453.94,323.925,463.78,317.1,998,3166,1103,3095,1196,1741
6315662,454.5,322.875,463.7,316.575,1004,3155,1103,3089,1198,1746
6315664,454.26,322.275,463.38,317.475,1002,3148,1100,3099,1197,1741
6315666,453.54,323.4,463.54,316.65,994,3161,1102,3090,1190,1743
6315668,454.18,323.4,463.38,317.4,1001,3161,1101,3098,1193,1741
6315670,454.34,323.55,463.38,316.875,1003,3163,1100,3092,1197,1744
6315672,453.54,323.25,463.86,317.7,996,3159,1106,3102,1193,1740
6315674,454.02,323.7,463.46,317.4,1001,3164,1102,3098,1196,1742
6315676,454.1,323.25,463.46,317.775,1002,3160,1102,3102,1193,1739
6315678,454.1,323.925,463.06,318.225,1001,3167,1098,3107,1195,1739
6315680,454.18,323.925,462.66,318.825,1002,3167,1094,3114,1191,1739
6315682,454.26,323.625,463.54,318.525,1004,3164,1103,3111,1195,1738
6315684,453.94,324.525,463.3,318.375,1000,3174,1101,3109,1195,1738
6315686,454.02,323.625,463.62,318.075,1001,3164,1104,3106,1194,1741
6315688,453.54,324.6,463.3,317.925,996,3175,1101,3105,1194,1740
6315690,453.86,323.325,463.86,316.875,1000,3161,1108,3093,1195,1742
6315692,453.7,325.05,463.22,317.55,998,3180,1100,3101,1193,1739
6315694,454.34,323.775,463.38,318.075,1005,3167,1102,3106,1196,1739
6315696,454.1,324.75,463.06,317.625,1002,3177,1100,3101,1196,1740
6315698,453.94,323.475,463.78,317.925,1001,3163,1107,3105,1192,1736
6315700,453.06,324.15,463.38,317.475,992,3170,1103,3100,1194,1740
6315702,453.7,325.05,463.3,318,998,3180,1102,3106,1199,1738
6315704,453.46,323.85,463.14,318.3,997,3167,1100,3109,1193,1736
6315706,453.7,323.7,463.78,316.875,1000,3165,1108,3094,1196,1742
6315708,453.78,323.625,463.54,316.425,1001,3165,1106,3089,1200,1742
6315710,454.02,324.3,462.82,316.275,1003,3173,1099,3087,1193,1741
6315712,453.78,323.325,463.54,317.175,1001,3161,1106,3097,1200,1739
6315714,454.18,323.1,462.9,317.025,1005,3160,1099,3095,1199,1741
6315716,453.78,323.175,462.74,317.025,1001,3160,1097,3096,1197,1741
6315718,453.94,323.25,463.38,316.2,1003,3161,1105,3087,1198,1741
6315720,454.02,323.325,463.14,315.9,1004,3162,1102,3083,1198,1741
6315722,453.54,323.475,463.14,315.525,999,3164,1102,3079,1197,1742
6315724,453.7,322.125,463.06,316.95,1001,3149,1101,3094,1198,1738
6315726,453.3,321.6,462.98,316.275,997,3143,1101,3087,1199,1741
6315728,453.7,322.275,463.3,316.65,1001,3151,1104,3091,1196,1742
6315730,453.7,322.725,463.3,315.675,1001,3155,1105,3081,1197,1741
6315732,453.46,322.95,463.62,316.425,998,3158,1108,3089,1202,1742
6315734,453.94,323.55,463.38,315.975,1003,3164,1105,3084,1201,1741
6315736,453.78,322.65,463.38,315.975,1003,3155,1106,3084,1202,1742
6315738,453.7,323.475,463.22,316.575,1001,3164,1104,3091,1197,1742
6315740,454.1,323.775,463.3,317.325,1006,3167,1105,3099,1199,1738
6315742,453.7,322.05,462.9,317.25,1003,3148,1101,3098,1200,1739
6315744,454.42,322.35,463.38,317.325,1010,3151,1106,3099,1199,1736
6315746,454.18,323.4,464.02,316.725,1007,3163,1113,3093,1199,1739
6315748,453.78,323.775,463.54,317.925,1003,3167,1107,3106,1195,1735
6315750,454.1,323.55,463.3,318.15,1006,3165,1105,3108,1197,1734
6315752,454.42,324,464.02,317.775,1009,3171,1113,3105,1199,1734
6315754,453.86,323.025,463.54,318.15,1004,3159,1108,3109,1195,1733
6315756,454.34,324.15,463.62,317.85,1009,3173,1109,3106,1197,1734
6315758,454.34,324.675,464.18,317.4,1009,3178,1115,3101,1196,1737
6315760,453.54,323.325,464.1,317.925,1002,3163,1115,3107,1198,1733
6315762,455.06,324.375,464.02,317.55,1017,3176,1114,3103,1197,1733
6315764,454.18,323.325,464.02,318,1009,3164,1115,3109,1197,1736
6315766,454.18,324,463.86,318.225,1009,3172,1112,3111,1199,1734
6315768,453.86,324,464.18,317.7,1005,3172,1116,3106,1198,1735
6315770,453.86,322.95,464.18,317.175,1006,3161,1117,3100,1199,1737
6315772,454.66,323.475,463.78,318.075,1015,3167,1113,3111,1196,1734
6315774,454.98,324.675,463.94,317.325,1018,3180,1115,3102,1203,1735
6315776,454.02,324.75,463.46,318.3,1008,3181,1109,3113,1202,1731
6315778,454.1,325.05,463.38,318.075,1009,3185,1109,3111,1202,1733
6315780,453.78,324.675,463.86,317.55,1006,3181,1114,3106,1203,1736
6315782,454.1,324.375,464.1,317.025,1009,3178,1117,3101,1203,1737
6315784,454.18,324.975,463.62,317.85,1010,3185,1113,3110,1202,1735
6315786,454.18,324.375,464.02,317.625,1010,3178,1117,3107,1200,1734
6315788,454.18,323.775,464.18,317.175,1011,3172,1118,3103,1199,1740
6315790,454.42,323.625,463.7,317.7,1014,3171,1113,3109,1199,1735
6315792,454.02,324.975,464.02,317.175,1010,3186,1117,3104,1202,1738
6315794,453.46,323.175,463.62,317.325,1005,3166,1113,3105,1199,1736
6315796,453.78,323.025,463.38,318,1008,3165,1111,3112,1201,1732
6315798,453.78,323.25,463.94,317.4,1008,3167,1117,3107,1198,1739
6315800,452.74,324.075,463.46,317.625,998,3177,1113,3109,1200,1735
6315802,452.82,324.6,463.62,317.775,999,3182,1115,3111,1200,1736
6315804,453.38,323.25,463.62,317.625,1005,3168,1115,3109,1204,1739
6315806,452.82,323.85,463.46,316.725,999,3175,1114,3100,1202,1737
6315808,453.86,323.775,463.38,317.625,1010,3175,1113,3110,1205,1735
6315810,452.9,324.375,463.46,317.1,1000,3181,1114,3104,1205,1739
6315812,453.14,324.225,462.98,317.25,1002,3180,1108,3106,1205,1736
6315814,453.3,324.225,463.38,317.25,1004,3180,1113,3107,1202,1736
6315816,453.22,323.7,463.06,317.4,1004,3174,1110,3108,1203,1737
6315818,452.82,324.6,463.38,317.925,999,3184,1113,3114,1203,1736
6315820,452.82,322.725,462.82,318.675,1000,3164,1107,3122,1203,1733
6315822,452.18,324.15,463.06,316.8,993,3180,1111,3102,1206,1741
6315824,452.9,324,462.98,317.175,1001,3178,1109,3106,1204,1736
6315826,453.3,324.525,463.22,317.55,1005,3184,1112,3111,1204,1737
6315828,452.9,323.925,463.54,317.1,1001,3178,1116,3106,1205,1739
6315830,452.82,323.925,462.5,318.15,1001,3178,1104,3117,1206,1735
6315832,452.9,324.075,463.14,317.4,1001,3180,1112,3110,1205,1739
6315834,453.22,323.55,463.54,317.175,1005,3174,1116,3107,1204,1741
6315836,453.86,323.325,463.54,317.25,1012,3172,1116,3108,1204,1742
6315838,453.22,324.225,463.06,317.25,1005,3182,1112,3108,1207,1740
6315840,452.58,324,463.38,317.85,999,3180,1115,3115,1207,1740
6315842,452.74,322.725,463.7,318.675,1001,3165,1118,3125,1203,1745
6315844,453.06,324.375,463.38,318.375,1004,3184,1115,3122,1206,1737
6315846,453.22,324.3,463.62,317.925,1006,3183,1118,3116,1203,1739
6315848,453.3,323.925,463.86,318.525,1007,3180,1119,3124,1202,1740
6315850,452.98,322.875,463.54,317.55,1004,3168,1117,3113,1203,1742
6315852,454.26,324.6,464.42,317.55,1018,3187,1126,3113,1205,1735
6315854,452.98,323.925,464.34,317.85,1004,3180,1125,3116,1202,1743
6315856,453.14,324.225,464.26,318.075,1006,3183,1125,3119,1206,1742
6315858,453.78,324.15,463.94,318.3,1013,3183,1122,3122,1201,1738
6315860,452.98,324.075,464.34,318.375,1005,3181,1127,3123,1204,1737
6315862,453.7,323.925,463.94,319.35,1013,3180,1122,3133,1202,1741
6315864,452.98,324.225,464.58,317.1,1005,3183,1130,3109,1205,1741
6315866,453.62,324.075,464.82,317.25,1012,3182,1132,3111,1197,1740
6315868,454.1,325.725,464.58,317.775,1017,3201,1130,3116,1200,1736
6315870,454.18,324.525,465.14,317.55,1019,3187,1137,3114,1206,1741
6315872,453.3,323.475,465.38,317.4,1011,3176,1139,3112,1202,1744
6315874,454.1,323.25,464.5,317.175,1019,3173,1130,3110,1205,1744
6315876,454.02,322.65,464.9,317.475,1019,3167,1136,3113,1203,1744
6315878,453.54,323.25,464.42,317.325,1014,3173,1131,3112,1207,1744
6315880,453.86,322.875,464.5,317.7,1018,3169,1132,3116,1207,1741
6315882,455.38,323.025,464.42,317.7,1034,3172,1131,3116,1210,1742
6315884,454.66,324.225,465.14,318,1027,3184,1139,3119,1210,1746
6315886,454.02,323.4,464.74,317.4,1020,3175,1135,3112,1207,1746
6315888,454.74,322.725,465.06,317.25,1029,3168,1140,3111,1202,1742
6315890,454.26,322.275,464.82,316.875,1024,3163,1138,3107,1207,1741
6315892,454.74,323.025,465.14,317.1,1030,3171,1142,3109,1204,1740
6315894,453.86,322.575,464.66,317.175,1021,3165,1136,3110,1204,1748
6315896,454.34,322.65,465.38,316.5,1027,3166,1145,3102,1207,1739
6315898,454.74,323.55,464.74,317.25,1030,3177,1138,3110,1205,1740
6315900,453.86,323.4,465.3,316.575,1022,3174,1145,3103,1207,1743
6315902,454.66,323.1,465.06,317.325,1030,3171,1142,3111,1210,1747
6315904,454.34,322.95,464.42,316.95,1028,3169,1136,3107,1210,1743
6315906,454.74,321.15,464.82,316.2,1033,3149,1141,3098,1208,1746
6315908,454.02,322.725,465.22,316.65,1026,3167,1145,3103,1212,1743
6315910,455.06,322.65,465.22,317.175,1036,3166,1146,3109,1211,1745
6315912,454.34,322.95,465.22,317.175,1030,3169,1146,3109,1209,1748
6315914,454.34,322.275,464.66,316.575,1030,3161,1141,3102,1209,1745
6315916,454.42,322.65,464.74,316.95,1031,3165,1142,3106,1209,1748
6315918,454.9,323.325,464.74,317.85,1036,3173,1142,3116,1210,1750
6315920,453.7,321.45,465.14,316.35,1025,3152,1147,3099,1210,1750
6315922,454.9,323.175,464.74,316.8,1037,3171,1143,3104,1211,1746
6315924,453.54,323.025,464.9,316.875,1024,3169,1145,3104,1209,1748
6315926,454.5,323.775,465.14,316.425,1033,3177,1148,3100,1217,1743
6315928,454.34,321.825,464.74,316.575,1033,3156,1144,3101,1212,1749
6315930,454.42,322.275,465.06,317.1,1034,3160,1147,3107,1214,1750
6315932,453.94,322.35,465.3,316.35,1029,3161,1150,3099,1212,1749
6315934,455.06,321.75,464.82,317.1,1041,3155,1145,3107,1213,1748
6315936,454.26,322.05,465.06,316.875,1033,3158,1149,3104,1214,1749
6315938,452.98,321.9,464.66,316.8,1019,3155,1144,3103,1210,1750
6315940,453.94,321.6,464.74,316.65,1030,3152,1145,3101,1212,1752
6315942,454.18,320.55,465.14,316.275,1033,3141,1149,3097,1214,1751
6315944,453.7,322.35,464.9,317.1,1028,3160,1148,3107,1217,1752
6315946,454.9,321,464.98,316.425,1041,3146,1148,3099,1213,1748
6315948,453.94,322.125,464.98,315.975,1031,3158,1150,3094,1215,1751
6315950,452.98,321.675,465.22,316.5,1021,3153,1152,3100,1208,1751
6315952,453.38,320.325,464.82,316.95,1026,3138,1147,3104,1212,1752
6315954,454.26,322.425,465.14,315.45,1035,3162,1151,3088,1209,1747
6315956,453.54,321.9,465.14,316.35,1027,3155,1151,3098,1212,1751
6315958,453.86,320.475,465.06,315.825,1031,3139,1151,3093,1216,1750
6315960,454.18,321.15,464.9,315.9,1035,3148,1150,3093,1215,1747
6315962,453.22,321.9,465.14,316.425,1024,3155,1152,3099,1207,1751
6315964,453.54,321.75,464.58,317.025,1028,3154,1145,3105,1211,1753
6315966,453.86,322.35,465.06,316.875,1031,3161,1151,3104,1212,1750
6315968,453.78,321.075,465.3,317.475,1031,3147,1153,3111,1211,1755
6315970,453.7,320.175,464.58,316.35,1030,3136,1146,3098,1211,1752
6315972,453.78,322.425,465.3,316.425,1030,3162,1154,3100,1210,1755
6315974,453.86,320.925,465.7,317.1,1031,3145,1157,3107,1219,1756
6315976,453.46,322.275,465.38,316.875,1027,3161,1154,3105,1216,1760
6315978,453.7,322.5,465.22,316.95,1029,3163,1152,3105,1219,1759
6315980,452.74,322.275,465.38,317.325,1019,3160,1154,3110,1218,1759
6315982,452.98,321.975,464.42,316.5,1021,3157,1144,3100,1217,1758
6315984,453.38,321.6,465.22,316.275,1026,3153,1152,3098,1218,1757
6315986,453.14,321,464.34,316.8,1023,3146,1143,3104,1217,1761
6315988,454.26,321.9,464.82,317.025,1035,3157,1148,3106,1217,1757
6315990,452.74,321.525,464.58,316.875,1019,3152,1145,3105,1218,1758
6315992,453.38,322.05,464.58,316.425,1025,3158,1145,3100,1212,1757
6315994,453.78,321.6,464.1,316.425,1029,3153,1140,3100,1215,1756
6315996,453.38,321.15,464.18,316.35,1025,3148,1140,3099,1216,1762
6315998,453.22,321.3,464.26,315.45,1023,3150,1141,3089,1211,1754
6316000,453.78,320.55,464.18,316.425,1029,3142,1140,3100,1214,1757
6316002,452.82,321.3,463.94,316.725,1018,3150,1137,3103,1217,1767
6316004,453.14,321.15,464.34,316.35,1021,3149,1141,3100,1223,1759
6316006,451.86,321.225,463.7,316.35,1007,3149,1134,3100,1220,1762
6316008,452.66,320.55,464.02,315.9,1016,3142,1137,3094,1219,1764
6316010,451.94,321,463.78,316.875,1008,3147,1134,3106,1216,1764
6316012,452.58,320.325,464.34,316.05,1015,3140,1140,3096,1228,1764
6316014,452.18,320.025,463.86,315.375,1010,3136,1135,3089,1223,1764
6316016,451.78,320.55,463.86,316.575,1005,3143,1134,3102,1221,1766
6316018,451.78,321.15,463.46,315.6,1005,3148,1131,3092,1226,1764
6316020,452.18,321,463.78,315.825,1010,3147,1133,3094,1221,1766
6316022,451.78,321.9,463.7,315.375,1004,3157,1132,3089,1224,1763
6316024,451.54,320.475,463.7,316.05,1002,3141,1132,3097,1227,1769
6316026,451.38,319.95,463.78,315,1001,3135,1133,3085,1229,1763
6316028,451.78,320.85,463.62,314.025,1004,3145,1131,3074,1225,1763
6316030,451.86,320.7,463.3,314.1,1005,3144,1127,3075,1227,1764
6316032,451.78,320.25,463.78,314.7,1004,3139,1132,3082,1225,1767
6316034,450.82,321.525,463.54,313.95,994,3153,1129,3073,1225,1767
6316036,451.46,319.5,463.7,314.4,1000,3130,1131,3079,1227,1766
6316038,452.34,318.75,463.46,314.775,1010,3123,1129,3082,1229,1767
6316040,450.9,319.95,463.7,314.925,995,3135,1130,3084,1228,1770
6316042,452.02,318.225,463.54,312.3,1007,3117,1130,3055,1231,1770
6316044,451.46,320.475,463.38,312.45,1000,3141,1129,3057,1229,1766
6316046,451.06,319.2,463.22,314.025,996,3127,1126,3074,1228,1771
6316048,452.26,318.75,463.54,313.725,1009,3122,1130,3071,1230,1771
6316050,451.86,319.05,463.62,312.075,1005,3126,1131,3052,1232,1770
6316052,451.7,318.825,464.02,312.9,1004,3122,1135,3062,1228,1770
6316054,452.66,317.4,464.02,312.675,1014,3107,1135,3059,1226,1769
6316056,451.86,318.525,463.78,312.3,1006,3119,1133,3055,1231,1772
6316058,452.18,317.55,464.02,311.925,1009,3108,1136,3051,1234,1770
6316060,451.78,317.85,464.34,311.7,1005,3111,1139,3047,1228,1776
6316062,451.62,318,464.1,311.025,1003,3113,1137,3040,1231,1773
6316064,452.5,317.625,464.1,312.75,1013,3109,1137,3058,1234,1781
6316066,452.74,318.3,464.66,310.95,1015,3116,1144,3039,1229,1778
6316068,453.06,317.025,463.86,312.075,1020,3102,1135,3051,1233,1777
6316070,452.58,316.575,464.34,312.375,1015,3097,1140,3054,1230,1781
6316072,452.02,317.7,464.42,311.025,1009,3109,1141,3039,1234,1781
6316074,452.5,317.7,464.74,311.475,1014,3109,1145,3044,1238,1782
6316076,451.22,317.025,464.5,312,1001,3101,1143,3051,1240,1780
6316078,452.18,316.425,464.98,311.1,1011,3095,1148,3041,1238,1785
6316080,452.58,318.45,465.22,311.175,1015,3117,1150,3041,1239,1783
6316082,452.34,317.175,465.3,312.075,1013,3104,1151,3052,1235,1781
6316084,452.1,317.1,465.06,312.15,1012,3102,1149,3052,1235,1785
6316086,452.5,316.65,465.22,312.225,1016,3098,1151,3053,1235,1786
6316088,453.62,316.125,465.22,311.55,1028,3092,1152,3045,1237,1785
6316090,453.06,317.7,465.3,311.175,1022,3109,1153,3041,1232,1786
6316092,453.3,318.45,465.22,311.4,1024,3117,1152,3044,1231,1784
6316094,452.18,318.3,465.46,311.925,1013,3115,1154,3049,1231,1785
6316096,452.98,317.925,465.7,311.325,1022,3112,1158,3043,1232,1786
6316098,452.42,317.1,466.18,312.525,1016,3102,1163,3056,1236,1785
6316100,453.78,318,465.62,312.225,1031,3112,1157,3052,1240,1785
6316102,453.06,318.3,465.78,312.225,1023,3115,1159,3052,1240,1789
6316104,452.98,316.95,465.54,312.9,1023,3101,1157,3060,1240,1789
6316106,453.14,318,465.46,311.925,1025,3113,1156,3049,1241,1790
6316108,453.38,317.7,465.78,311.775,1027,3109,1160,3048,1239,1788
6316110,452.74,316.8,465.86,311.85,1021,3099,1161,3049,1244,1790
6316112,453.3,317.925,465.06,311.925,1027,3112,1153,3049,1244,1790
6316114,452.42,317.925,465.54,312.075,1018,3111,1157,3051,1241,1792
6316116,452.9,316.875,465.54,312.15,1024,3100,1158,3052,1247,1790
6316118,453.38,317.55,465.78,311.625,1028,3107,1161,3046,1245,1790
6316120,453.7,318,465.46,310.425,1032,3112,1158,3033,1242,1793
6316122,452.98,316.875,465.46,311.1,1025,3100,1158,3040,1246,1793
6316124,454.1,317.175,465.14,311.025,1037,3103,1155,3040,1253,1794
6316126,453.38,316.8,465.06,311.1,1029,3099,1155,3040,1246,1799
6316128,454.26,316.275,465.62,310.65,1039,3093,1161,3035,1244,1797
6316130,453.14,317.025,465.14,310.425,1028,3102,1156,3032,1252,1795
6316132,452.9,316.65,465.3,310.2,1025,3097,1158,3030,1248,1795
6316134,453.06,316.5,465.54,310.5,1027,3096,1160,3033,1250,1798
6316136,452.74,315.525,464.9,310.275,1024,3085,1154,3031,1249,1796
6316138,452.66,315.975,464.82,308.85,1023,3089,1154,3015,1246,1794
6316140,453.46,315.75,465.3,309.675,1032,3088,1159,3024,1250,1795
6316142,453.14,314.1,465.06,310.125,1029,3069,1156,3029,1250,1794
6316144,453.14,315.225,464.9,310.05,1028,3081,1154,3028,1252,1795
6316146,452.34,315.3,465.14,309.6,1020,3082,1157,3023,1248,1795
6316148,452.66,317.025,465.14,309.975,1023,3100,1157,3027,1246,1800
6316150,453.22,314.7,464.98,309.75,1030,3075,1155,3024,1253,1798
6316152,452.82,314.475,464.82,309.825,1026,3072,1154,3025,1254,1799
6316154,452.74,315.15,464.42,310.2,1024,3080,1149,3029,1254,1796
6316156,452.82,314.4,464.98,310.125,1026,3071,1156,3028,1256,1801
6316158,451.94,316.65,464.66,309.525,1016,3096,1153,3021,1248,1803
6316160,453.86,313.95,464.58,309.525,1037,3066,1151,3020,1251,1802
6316162,452.58,315.3,464.58,309.75,1023,3080,1152,3023,1256,1800
6316164,452.82,317.175,464.9,310.2,1025,3100,1154,3028,1254,1803
6316166,452.02,314.55,464.58,310.275,1018,3072,1151,3028,1258,1805
6316168,452.02,314.175,464.42,310.65,1018,3067,1149,3032,1259,1807
6316170,452.18,316.05,465.14,310.425,1019,3088,1156,3030,1252,1811
6316172,452.5,315.3,464.74,310.65,1022,3080,1153,3032,1258,1810
6316174,453.3,315.975,464.74,310.425,1030,3087,1152,3029,1257,1807
6316176,453.22,315.9,464.34,310.8,1030,3085,1148,3033,1262,1808
6316178,452.66,315.15,464.58,310.65,1024,3077,1151,3032,1258,1809
6316180,453.06,315.3,464.5,311.175,1028,3079,1149,3037,1261,1809
6316182,452.58,314.7,464.5,310.875,1023,3072,1149,3034,1258,1809
6316184,452.58,315.075,464.1,311.175,1023,3075,1145,3036,1263,1811
6316186,452.42,315.225,464.42,310.2,1021,3077,1149,3026,1261,1812
6316188,451.94,314.85,464.5,310.125,1016,3072,1149,3025,1261,1811
6316190,452.98,316.2,464.1,309.75,1026,3088,1145,3021,1253,1811
6316192,451.54,315.825,464.34,310.05,1011,3082,1148,3023,1252,1810
6316194,452.98,315,464.34,309.45,1026,3074,1148,3017,1257,1814
6316196,452.98,315.3,464.1,310.125,1026,3077,1144,3024,1257,1813
6316198,452.42,314.925,464.74,308.925,1020,3073,1152,3011,1261,1815
6316200,453.06,313.95,464.02,309.225,1027,3062,1143,3013,1261,1817
6316202,452.9,314.175,463.62,309.225,1025,3065,1139,3013,1265,1816
6316204,453.14,314.55,464.1,308.85,1027,3068,1144,3009,1265,1818
6316206,453.06,312.6,463.78,309.3,1027,3047,1141,3014,1264,1816
6316208,452.5,313.5,463.54,309.3,1020,3056,1138,3013,1267,1818
6316210,453.06,313.65,463.94,308.7,1026,3058,1143,3007,1266,1817
6316212,452.9,313.125,464.58,309.525,1025,3052,1149,3016,1271,1819
6316214,452.58,314.175,464.26,310.2,1021,3063,1145,3023,1269,1818
6316216,453.06,314.775,464.1,309.375,1026,3070,1144,3013,1266,1822
6316218,452.42,314.25,464.74,309.975,1019,3064,1150,3020,1268,1824
6316220,452.58,314.175,463.94,310.275,1021,3062,1142,3023,1268,1821
6316222,453.3,315.6,464.26,309.825,1028,3079,1146,3018,1263,1821
6316224,453.86,314.85,464.58,310.575,1035,3070,1148,3027,1272,1828
6316226,453.06,314.85,464.82,310.725,1026,3070,1151,3028,1269,1823
6316228,453.46,316.575,464.98,311.25,1030,3089,1152,3034,1266,1826
6316230,454.02,314.025,465.3,311.475,1036,3061,1156,3037,1270,1824
6316232,454.02,315.225,465.06,311.475,1036,3074,1154,3037,1267,1828
6316234,453.06,314.85,465.3,311.025,1026,3069,1157,3032,1273,1825
6316236,453.78,315.375,465.46,311.25,1034,3076,1158,3034,1269,1827
6316238,453.54,315.825,465.22,310.875,1031,3080,1156,3030,1269,1828
6316240,454.66,314.775,465.38,310.95,1044,3070,1157,3031,1270,1827
6316242,454.18,315,465.22,311.175,1039,3072,1156,3033,1272,1828
6316244,454.02,315.3,465.62,310.875,1037,3075,1161,3030,1272,1828
6316246,453.62,315.225,465.62,310.875,1033,3074,1161,3030,1274,1828
6316248,454.66,316.65,465.54,310.2,1045,3090,1161,3023,1279,1829
6316250,454.9,314.4,465.54,309.975,1048,3066,1161,3020,1275,1831
6316252,454.02,313.95,465.7,309.975,1039,3060,1163,3020,1275,1830
6316254,454.82,315.375,465.54,309.975,1048,3076,1162,3020,1267,1830
6316256,455.14,314.925,465.54,309.225,1051,3071,1163,3012,1266,1830
6316258,454.66,314.775,465.54,309.75,1047,3069,1162,3017,1269,1831
6316260,455.3,314.775,465.78,309.15,1054,3070,1166,3011,1274,1833
6316262,454.98,314.325,466.02,309.15,1050,3064,1168,3011,1272,1833
6316264,455.3,314.325,466.1,309,1055,3064,1170,3009,1268,1835
6316266,455.62,314.325,465.3,309,1058,3064,1161,3009,1277,1837
6316268,455.14,313.2,465.3,309,1054,3052,1163,3009,1280,1837
6316270,455.06,312.45,466.02,308.7,1054,3043,1171,3006,1277,1837
6316272,455.94,313.725,465.46,307.95,1063,3058,1165,2997,1278,1841
6316274,455.86,312.825,466.26,308.4,1063,3047,1174,3002,1286,1840
6316276,454.74,312.225,465.7,308.175,1052,3040,1169,3000,1281,1839
6316278,455.86,312.3,466.34,308.175,1064,3042,1176,3000,1278,1841
6316280,456.1,313.35,466.1,308.625,1067,3053,1174,3004,1285,1841
6316282,456.26,313.65,465.86,308.4,1068,3056,1171,3002,1280,1841
6316284,455.38,312.15,466.34,309.825,1060,3040,1177,3018,1281,1846
6316286,455.78,314.1,466.02,308.475,1064,3061,1174,3003,1274,1842
6316288,454.98,313.125,465.54,309.15,1057,3050,1170,3010,1275,1843
6316290,455.78,314.925,466.1,310.125,1065,3070,1175,3020,1277,1845
6316292,455.06,314.7,465.78,310.5,1059,3068,1172,3025,1272,1844
6316294,455.54,315.3,466.1,310.575,1063,3074,1176,3026,1279,1848
6316296,455.46,316.2,466.18,311.475,1062,3084,1177,3035,1278,1847
6316298,454.34,314.85,465.3,311.25,1051,3069,1168,3033,1284,1848
6316300,455.54,315.75,466.18,311.4,1064,3079,1177,3035,1283,1848
6316302,455.3,314.325,465.78,311.775,1061,3064,1173,3039,1285,1850
6316304,455.06,316.875,465.78,312.075,1059,3092,1173,3043,1288,1850
6316306,455.22,316.725,465.78,312.6,1060,3090,1173,3049,1292,1853
6316308,454.1,317.025,465.94,312.975,1048,3094,1175,3053,1285,1853
6316310,454.58,318.075,466.1,312.6,1054,3106,1176,3049,1289,1853
6316312,454.34,317.4,466.02,312.6,1051,3099,1175,3050,1288,1855
6316314,453.54,316.875,466.34,313.35,1043,3093,1179,3059,1294,1855
6316316,453.54,318.375,466.18,313.275,1042,3110,1177,3059,1291,1853
6316318,454.66,319.8,466.1,313.275,1053,3126,1176,3058,1292,1855
6316320,454.18,318.375,466.18,312.9,1049,3111,1177,3055,1293,1857
6316322,453.46,317.775,466.42,314.175,1042,3104,1179,3069,1295,1857
6316324,453.62,318.675,466.18,313.575,1043,3115,1177,3063,1298,1856
6316326,453.54,320.1,465.86,312.675,1042,3131,1174,3053,1298,1861
6316328,454.58,319.275,465.94,313.35,1052,3123,1174,3061,1293,1857
6316330,453.7,318,466.26,312.525,1043,3108,1177,3053,1297,1861
6316332,453.54,319.725,466.02,312.975,1041,3128,1175,3058,1300,1860
6316334,453.62,318.9,466.02,312.6,1042,3120,1174,3054,1300,1860
6316336,454.34,315.975,465.94,312.525,1050,3088,1173,3054,1294,1862
6316338,453.86,318.075,465.78,311.925,1044,3111,1171,3047,1299,1862
6316340,453.3,317.25,465.54,312.225,1038,3102,1168,3050,1300,1861
6316342,453.46,317.4,465.62,311.625,1039,3104,1168,3044,1299,1864
6316344,452.82,316.35,464.66,311.325,1032,3092,1158,3041,1298,1861
6316346,453.62,316.725,465.14,311.025,1040,3096,1163,3037,1299,1864
6316348,453.46,317.475,464.34,311.175,1038,3104,1154,3038,1299,1867
6316350,454.1,317.1,464.26,311.25,1044,3100,1153,3039,1294,1863
6316352,453.14,316.05,464.18,311.475,1033,3088,1152,3041,1295,1869
6316354,453.3,315.45,464.18,311.175,1036,3081,1152,3037,1294,1869
6316356,452.82,318,464.42,311.025,1029,3109,1153,3036,1300,1868
6316358,453.14,315.6,463.78,311.025,1033,3082,1147,3036,1292,1870
6316360,453.3,315.525,464.02,311.1,1033,3081,1148,3035,1295,1870
6316362,452.82,316.2,463.38,310.725,1029,3088,1142,3031,1300,1872
6316364,452.9,314.7,463.54,310.725,1029,3071,1142,3031,1295,1871
6316366,453.14,316.275,463.46,311.625,1031,3088,1141,3040,1297,1874
6316368,452.42,315.225,463.14,310.875,1023,3076,1137,3031,1298,1875
6316370,453.22,315.375,463.14,310.725,1031,3078,1137,3030,1303,1873
6316372,452.66,316.875,463.46,311.7,1023,3093,1139,3039,1302,1875
6316374,452.9,315.9,463.46,311.1,1026,3082,1139,3033,1301,1877
6316376,452.98,315.975,463.46,311.925,1026,3082,1138,3041,1304,1878
6316378,452.9,315.9,463.78,312.225,1025,3080,1141,3043,1303,1878
6316380,453.06,317.325,463.86,312.45,1026,3095,1141,3045,1304,1875
6316382,453.7,317.55,463.46,312.825,1033,3098,1137,3049,1301,1877
6316384,453.78,316.875,463.46,312.6,1033,3089,1136,3046,1303,1879
6316386,453.7,317.325,463.7,313.125,1032,3094,1138,3051,1296,1878
6316388,453.14,318.9,463.46,313.35,1025,3110,1135,3053,1298,1877
6316390,453.7,319.35,463.54,313.725,1031,3116,1136,3057,1299,1877
6316392,453.14,319.275,463.7,314.175,1024,3114,1137,3061,1303,1881
6316394,454.02,319.575,464.26,313.725,1033,3118,1143,3057,1305,1879
6316396,454.26,318.375,464.18,314.55,1035,3104,1141,3065,1302,1884
6316398,453.46,319.35,464.66,314.775,1026,3114,1146,3068,1313,1884
6316400,454.18,320.925,464.5,314.85,1033,3132,1144,3068,1310,1884
6316402,454.34,320.7,465.06,314.55,1035,3130,1149,3065,1312,1886
6316404,454.66,320.325,464.9,315.15,1038,3125,1147,3071,1312,1887
6316406,453.86,320.625,465.22,314.925,1030,3128,1151,3069,1310,1884
6316408,454.5,320.25,464.74,314.85,1036,3124,1145,3068,1311,1885
6316410,454.42,321.375,465.14,315.525,1035,3137,1150,3075,1315,1887
6316412,454.82,320.7,465.14,314.925,1039,3129,1149,3069,1310,1882
6316414,455.22,319.725,464.74,314.925,1044,3118,1146,3069,1312,1889
6316416,454.42,320.325,465.46,315,1035,3124,1153,3070,1313,1889
6316418,455.22,320.775,465.54,314.25,1043,3129,1154,3062,1314,1889
6316420,454.98,321.3,465.7,314.325,1041,3135,1156,3062,1316,1888
6316422,454.26,320.025,465.94,314.7,1034,3121,1159,3066,1319,1889
6316424,455.22,321.975,465.46,314.25,1044,3143,1154,3061,1317,1888
6316426,455.86,321.225,466.02,314.1,1051,3135,1160,3060,1319,1891
6316428,454.74,321.825,465.94,314.1,1039,3141,1160,3060,1315,1891
6316430,455.14,321.45,466.18,314.175,1044,3137,1162,3060,1317,1890
6316432,456.18,320.7,466.1,314.25,1055,3129,1161,3062,1318,1889
6316434,455.46,320.175,466.18,313.8,1047,3124,1162,3057,1318,1893
6316436,455.62,320.25,466.66,313.425,1049,3125,1168,3053,1315,1889
6316438,456.02,318.9,466.34,313.95,1054,3110,1165,3058,1316,1891
6316440,455.22,319.275,466.26,313.5,1046,3114,1164,3054,1317,1891
6316442,457.06,319.35,466.5,313.8,1065,3115,1167,3057,1314,1890
6316444,455.22,319.35,466.1,313.95,1047,3114,1164,3058,1319,1891
6316446,456.1,321.675,466.5,313.2,1056,3140,1168,3050,1314,1897
6316448,455.3,319.95,466.9,313.65,1048,3121,1173,3056,1310,1890
6316450,455.38,320.925,466.26,313.5,1050,3132,1166,3054,1316,1890
6316452,455.62,319.125,465.94,313.95,1053,3112,1164,3058,1312,1891
6316454,455.06,321,466.5,314.175,1047,3132,1169,3061,1317,1891
6316456,456.42,320.7,466.26,313.875,1062,3130,1168,3058,1316,1892
6316458,455.7,320.85,466.02,314.1,1054,3131,1166,3060,1316,1895
6316460,456.02,321.45,466.26,314.55,1058,3138,1169,3066,1318,1891
6316462,456.02,320.55,466.18,314.7,1059,3128,1167,3067,1322,1898
6316464,455.7,321,466.26,314.775,1057,3133,1169,3068,1320,1898
6316466,456.26,321.975,466.82,315.3,1062,3144,1175,3074,1325,1897
6316468,455.78,320.7,466.1,315.45,1058,3129,1168,3075,1326,1897
6316470,456.18,322.425,466.18,315.3,1062,3149,1170,3074,1328,1898
6316472,455.62,322.575,465.94,315.525,1057,3151,1168,3076,1327,1899
6316474,455.7,321.9,466.26,315.3,1058,3143,1171,3075,1328,1900
6316476,455.86,323.325,466.34,314.625,1059,3159,1172,3067,1327,1901
6316478,456.18,321.675,465.94,315.825,1063,3141,1168,3080,1323,1900
6316480,455.86,322.8,466.18,315.675,1061,3154,1172,3079,1323,1901
6316482,455.78,321.825,466.58,315.45,1060,3143,1175,3077,1319,1899
6316484,455.14,322.125,466.02,315.375,1054,3146,1170,3076,1317,1898
6316486,455.78,322.95,466.5,315.375,1060,3156,1176,3076,1325,1900
6316488,455.94,323.1,466.26,315.825,1062,3158,1173,3082,1325,1900
6316490,455.78,321.6,466.42,315.15,1060,3142,1175,3074,1323,1899
6316492,456.58,321.15,466.74,314.925,1070,3137,1179,3072,1322,1902
6316494,455.78,323.325,466.1,315.675,1061,3161,1172,3080,1325,1903
6316496,455.7,322.5,466.42,314.625,1060,3153,1176,3069,1326,1903
6316498,456.1,322.65,466.18,314.775,1065,3154,1174,3071,1323,1901
6316500,455.22,320.25,466.98,314.85,1056,3128,1183,3073,1324,1904
6316502,455.62,323.475,466.26,314.85,1060,3164,1175,3072,1328,1905
6316504,455.86,321.9,466.42,315.675,1063,3147,1176,3082,1327,1904
6316506,455.46,322.5,466.5,315.3,1059,3154,1178,3078,1333,1903
6316508,456.1,322.05,466.5,315,1066,3149,1177,3076,1327,1905
6316510,455.06,322.95,466.34,314.925,1055,3159,1176,3074,1328,1905
6316512,455.22,321.975,466.26,314.775,1057,3149,1176,3073,1327,1906
6316514,455.06,322.425,465.94,314.85,1055,3154,1172,3074,1332,1907
6316516,455.94,322.125,466.02,315.15,1064,3152,1173,3078,1328,1906
6316518,454.82,321.6,466.18,315.075,1053,3145,1175,3077,1331,1906
6316520,455.14,322.35,465.62,315.6,1056,3155,1169,3084,1328,1909
6316522,454.98,322.875,466.42,315.75,1054,3160,1177,3085,1331,1908
6316524,455.3,322.875,466.34,315.6,1058,3161,1176,3084,1329,1908
6316526,455.3,322.5,466.02,315.825,1058,3157,1173,3086,1331,1909
6316528,455.22,323.775,466.1,315.975,1056,3171,1174,3089,1330,1906
6316530,454.9,323.1,465.54,315.975,1053,3164,1167,3089,1331,1910
6316532,454.98,324.225,466.02,316.875,1053,3176,1172,3099,1332,1908
6316534,454.9,323.175,465.94,316.275,1053,3165,1172,3093,1330,1907
6316536,454.98,324.45,465.62,315.825,1053,3179,1168,3088,1331,1905
6316538,455.3,323.4,465.7,315.975,1057,3168,1169,3089,1329,1905
6316540,454.9,322.95,465.86,316.5,1052,3163,1170,3096,1331,1909
6316542,454.5,324.15,465.7,316.8,1048,3176,1168,3099,1326,1911
6316544,455.38,323.175,466.02,316.2,1058,3166,1172,3093,1326,1908
6316546,455.54,323.325,465.46,315.525,1059,3167,1166,3085,1331,1914
6316548,454.98,324,465.86,315.825,1053,3175,1170,3088,1327,1907
6316550,455.14,322.2,465.78,316.05,1055,3155,1169,3091,1329,1911
6316552,454.82,323.625,465.62,315.15,1051,3171,1168,3081,1328,1905
6316554,454.9,322.8,465.3,315.75,1053,3162,1165,3087,1327,1907
6316556,454.58,323.1,465.62,314.925,1049,3165,1168,3078,1331,1908
6316558,454.82,322.65,465.62,314.85,1052,3160,1168,3078,1329,1911
6316560,455.22,322.125,465.22,314.7,1056,3154,1164,3076,1326,1907
6316562,454.74,321.225,465.86,314.4,1051,3144,1171,3073,1334,1912
6316564,454.98,320.925,465.54,313.875,1054,3141,1168,3066,1330,1910
6316566,455.22,321.825,465.3,314.55,1056,3150,1165,3074,1331,1911
6316568,455.14,320.1,465.38,314.325,1057,3131,1166,3071,1332,1912
6316570,455.14,320.775,465.38,314.325,1056,3138,1166,3070,1334,1908
6316572,454.82,320.475,465.38,313.575,1053,3134,1166,3062,1334,1913
6316574,455.22,319.275,465.06,313.575,1058,3121,1163,3062,1334,1911
6316576,455.46,319.8,464.82,313.5,1060,3126,1161,3060,1332,1910
6316578,455.62,318.9,465.14,313.875,1062,3117,1164,3064,1335,1913
6316580,455.78,320.55,464.66,313.5,1063,3134,1160,3059,1333,1912
6316582,455.54,317.475,465.06,313.65,1062,3100,1164,3062,1326,1914
6316584,454.74,318.75,464.66,312.975,1053,3113,1160,3053,1329,1908
6316586,454.98,318.375,464.82,313.05,1056,3109,1161,3054,1326,1910
6316588,455.46,319.425,465.14,313.2,1061,3120,1166,3055,1334,1909
6316590,455.06,320.25,464.82,313.725,1057,3129,1162,3061,1329,1913
6316592,454.58,318.75,465.06,313.95,1053,3112,1165,3063,1325,1913
6316594,455.3,320.1,465.7,313.875,1060,3127,1171,3062,1332,1913
6316596,454.82,320.325,465.62,314.325,1055,3129,1171,3066,1330,1914
6316598,455.06,321.525,465.14,314.925,1057,3142,1166,3073,1333,1915
6316600,454.9,321.15,465.7,314.625,1056,3138,1172,3070,1333,1914
6316602,454.74,321.525,465.62,314.625,1054,3142,1170,3070,1329,1913
6316604,454.34,323.4,465.7,315.075,1049,3163,1172,3075,1330,1917
6316606,455.38,322.425,465.7,314.475,1060,3152,1172,3068,1339,1915
6316608,454.42,322.05,465.54,315.225,1051,3148,1170,3076,1335,1918
6316610,454.58,322.05,465.54,315.675,1053,3148,1170,3081,1340,1920
6316612,455.06,321.975,465.62,316.275,1058,3147,1171,3088,1336,1923
6316614,454.66,323.25,466.1,316.2,1053,3161,1176,3087,1338,1924
6316616,454.9,323.325,465.54,315.45,1057,3162,1171,3079,1336,1919
6316618,455.22,323.625,465.7,316.65,1060,3166,1172,3092,1340,1926
6316620,454.58,321.825,465.86,315.9,1054,3146,1175,3084,1336,1921
6316622,454.98,323.775,465.7,315.75,1058,3168,1173,3082,1337,1920
6316624,454.74,323.25,465.78,315.6,1056,3162,1174,3082,1336,1921
6316626,454.74,323.175,465.62,316.05,1056,3162,1172,3087,1334,1925
6316628,454.98,322.2,466.1,315.9,1059,3151,1178,3085,1336,1923
6316630,455.22,321.225,465.86,314.625,1062,3140,1176,3071,1337,1918
6316632,454.26,321.825,465.7,314.775,1052,3148,1175,3073,1340,1922
6316634,454.9,320.175,465.06,314.7,1060,3130,1168,3073,1336,1920
6316636,454.58,320.175,465.7,314.4,1056,3130,1175,3070,1338,1922
6316638,455.3,320.7,465.54,313.8,1064,3136,1174,3064,1338,1919
6316640,455.7,321.375,465.3,313.575,1068,3144,1172,3061,1340,1918
6316642,454.82,319.725,465.3,314.325,1059,3126,1172,3069,1345,1923
6316644,455.38,321.075,465.38,313.8,1066,3141,1173,3064,1343,1919
6316646,455.46,319.8,464.98,313.65,1066,3127,1169,3062,1333,1918
6316648,455.06,319.8,465.86,313.5,1063,3127,1178,3061,1329,1920
6316650,454.1,321.225,465.3,313.725,1052,3142,1172,3063,1335,1919
6316652,455.06,320.325,465.54,314.1,1063,3132,1175,3068,1333,1920
6316654,454.98,319.35,465.54,314.1,1062,3122,1175,3067,1337,1923
6316656,454.58,321,465.62,313.95,1057,3140,1175,3066,1335,1922
6316658,455.14,320.7,465.62,314.025,1063,3137,1175,3067,1329,1925
6316660,454.34,320.25,464.98,314.25,1054,3131,1169,3069,1331,1925
6316662,454.74,321.525,465.06,314.85,1058,3146,1169,3076,1340,1927
6316664,454.1,321.45,465.14,314.55,1052,3145,1170,3073,1342,1925
6316666,454.18,320.925,465.22,314.55,1052,3139,1171,3072,1344,1929
6316668,453.14,321.75,465.38,315.15,1041,3148,1172,3079,1341,1928
6316670,453.22,322.05,465.22,314.625,1042,3151,1171,3073,1343,1927
6316672,453.86,321.375,464.9,314.4,1048,3143,1167,3070,1342,1925
6316674,453.06,321.975,464.9,314.85,1040,3150,1167,3076,1347,1929
6316676,453.54,321.75,465.06,315.15,1045,3148,1168,3079,1343,1927
6316678,453.22,321.525,464.9,315.75,1041,3145,1166,3086,1335,1930
6316680,454.58,322.35,464.9,315.45,1055,3155,1166,3081,1334,1929
6316682,453.22,323.25,464.98,315.675,1040,3164,1166,3084,1339,1928
6316684,452.5,321.675,464.82,316.2,1033,3146,1164,3090,1338,1933
6316686,454.26,322.05,464.82,315.9,1051,3151,1164,3087,1334,1931
6316688,453.06,322.2,464.26,315.075,1038,3152,1158,3077,1343,1929
6316690,452.58,321.3,464.5,315.375,1033,3142,1161,3081,1335,1931
6316692,452.66,321.675,465.3,314.7,1034,3146,1169,3074,1342,1928
6316694,453.46,321.975,464.42,315.9,1042,3150,1159,3086,1339,1933
6316696,453.06,322.2,465.22,314.775,1037,3152,1167,3074,1338,1931
6316698,452.9,321,464.9,314.475,1035,3139,1164,3071,1342,1928
6316700,453.22,321.675,464.66,314.7,1038,3146,1160,3073,1344,1933
6316702,452.82,322.425,464.82,314.325,1034,3154,1163,3069,1338,1926
6316704,453.86,322.05,465.3,313.8,1044,3150,1167,3064,1338,1928
6316706,452.34,320.775,464.82,313.95,1028,3136,1162,3065,1346,1929
6316708,453.3,320.55,465.06,314.1,1037,3134,1164,3066,1345,1927
6316710,453.06,319.425,465.06,314.25,1035,3121,1164,3069,1348,1931
6316712,452.66,321.15,464.82,313.425,1031,3140,1161,3059,1349,1930
6316714,453.22,319.95,465.3,313.35,1037,3127,1166,3058,1349,1929
6316716,452.26,320.25,464.98,313.425,1026,3130,1162,3059,1350,1927
6316718,452.66,321,465.06,313.425,1030,3138,1163,3058,1348,1933
6316720,452.82,321,465.46,312.975,1031,3138,1167,3053,1346,1931
6316722,453.54,320.4,465.46,312.45,1039,3131,1167,3047,1349,1932
6316724,453.22,319.725,464.82,313.575,1035,3124,1159,3060,1346,1931
6316726,453.14,319.575,465.38,312.6,1035,3121,1166,3049,1339,1934
6316728,453.46,320.7,465.14,312.15,1037,3134,1163,3043,1343,1928
6316730,453.3,320.25,465.86,312.225,1035,3129,1170,3045,1342,1931
6316732,453.3,319.725,465.46,312.975,1034,3123,1165,3053,1341,1933
6316734,453.3,320.1,465.54,312.6,1034,3127,1166,3048,1348,1934
6316736,453.94,319.725,465.94,312.375,1040,3123,1169,3046,1342,1931
6316738,453.54,320.25,466.18,312.975,1036,3129,1171,3052,1345,1937
6316740,453.14,320.925,466.42,312.675,1031,3135,1174,3048,1341,1932
6316742,453.7,319.275,466.42,312.075,1038,3117,1174,3043,1342,1936
6316744,453.78,319.725,465.86,312.975,1039,3122,1168,3052,1340,1936
6316746,454.26,319.95,466.34,312.525,1044,3124,1173,3047,1344,1933
6316748,453.46,320.55,466.34,312.75,1035,3131,1173,3049,1344,1934
6316750,453.78,320.25,466.42,313.2,1038,3127,1173,3054,1341,1940
6316752,454.02,321.675,466.82,312.825,1040,3143,1178,3049,1346,1932
6316754,454.42,321.6,466.58,313.05,1044,3142,1175,3052,1342,1938
6316756,453.46,321,466.5,312.675,1035,3135,1174,3047,1346,1940
6316758,453.14,320.625,467.14,314.475,1031,3131,1181,3067,1346,1944
6316760,454.66,321.9,466.66,313.5,1047,3145,1176,3057,1341,1939
6316762,455.38,321.6,466.66,313.2,1054,3142,1176,3053,1345,1939
6316764,454.18,322.2,467.38,313.95,1041,3148,1183,3062,1345,1943
6316766,453.94,322.2,467.3,314.175,1039,3148,1182,3064,1347,1940
6316768,453.38,321.3,467.3,313.575,1033,3138,1183,3058,1346,1940
6316770,454.1,321.675,467.06,313.575,1041,3142,1180,3057,1347,1942
6316772,453.62,322.575,467.14,312.975,1035,3152,1181,3050,1349,1941
6316774,454.66,321.6,467.22,313.725,1047,3141,1181,3059,1344,1943
6316776,454.58,322.275,467.46,312.6,1046,3149,1185,3046,1347,1940
6316778,453.62,320.7,466.9,312.15,1036,3131,1179,3041,1349,1941
6316780,453.94,320.775,467.3,311.925,1040,3131,1184,3039,1346,1938
6316782,453.78,319.35,467.3,311.55,1039,3116,1184,3035,1342,1936
6316784,454.18,320.55,466.74,312.375,1043,3129,1178,3043,1348,1944
6316786,453.46,319.425,466.9,311.55,1036,3116,1180,3034,1349,1939
6316788,453.86,321.075,466.98,311.4,1039,3134,1181,3032,1350,1940
6316790,453.94,318.975,467.38,312.075,1041,3111,1185,3039,1346,1942
6316792,454.9,319.2,467.46,311.7,1052,3114,1187,3035,1347,1940
6316794,453.54,319.275,467.14,311.55,1037,3114,1183,3034,1344,1943
6316796,455.14,318.525,467.06,311.625,1054,3106,1182,3034,1348,1942
6316798,454.18,318.675,467.86,310.95,1045,3108,1190,3027,1346,1940
6316800,453.62,320.85,467.38,311.025,1038,3131,1186,3028,1353,1942
6316802,454.26,319.35,467.22,310.95,1045,3115,1184,3027,1345,1942
6316804,453.94,319.575,467.38,310.875,1042,3118,1186,3026,1349,1944
6316806,454.02,319.875,467.22,310.65,1043,3120,1185,3024,1351,1941
6316808,454.26,320.325,467.54,310.65,1045,3126,1188,3023,1352,1939
6316810,453.94,318.9,467.86,311.025,1042,3110,1191,3028,1357,1941
6316812,454.1,319.65,467.54,310.35,1044,3118,1189,3020,1353,1945
6316814,454.34,318.6,467.14,311.325,1047,3106,1184,3031,1355,1945
6316816,454.74,319.05,467.54,311.1,1051,3112,1188,3028,1356,1945
6316818,453.78,319.575,467.38,311.175,1041,3117,1187,3029,1356,1945
6316820,453.46,320.1,467.62,311.55,1037,3123,1189,3033,1352,1945
6316822,454.58,320.7,467.54,311.55,1049,3130,1188,3033,1360,1948
6316824,454.26,319.8,467.78,311.85,1046,3120,1191,3037,1358,1947
6316826,454.1,319.95,468.18,311.925,1044,3121,1195,3038,1347,1943
6316828,453.22,320.85,467.62,312.075,1034,3131,1189,3040,1351,1947
6316830,453.78,320.175,467.94,311.7,1041,3125,1193,3035,1348,1945
6316832,453.06,321.75,467.7,313.05,1033,3142,1190,3051,1351,1947
6316834,453.94,320.625,467.78,312.825,1043,3130,1190,3048,1351,1944
6316836,453.94,319.725,467.86,313.125,1043,3120,1192,3052,1346,1947
6316838,453.06,322.05,467.7,313.95,1033,3145,1190,3061,1349,1951
6316840,453.06,320.7,467.78,313.95,1033,3131,1190,3061,1348,1947
6316842,453.62,321.675,467.62,313.8,1039,3142,1189,3060,1347,1952
6316844,452.82,321.825,467.62,313.5,1030,3144,1189,3057,1353,1949
6316846,453.7,322.125,467.86,314.025,1040,3147,1191,3063,1351,1950
6316848,453.06,321.225,467.46,314.025,1033,3137,1187,3063,1351,1954
6316850,452.9,321,467.78,314.55,1032,3135,1191,3069,1353,1953
6316852,452.5,322.2,467.78,313.35,1027,3148,1191,3056,1351,1947
6316854,452.74,321.525,467.54,314.175,1030,3141,1188,3065,1355,1959
6316856,452.66,320.4,467.3,313.5,1030,3129,1186,3058,1356,1953
6316858,453.22,320.625,467.7,312.525,1036,3132,1191,3047,1347,1952
6316860,453.94,321.3,467.3,312.825,1043,3139,1187,3050,1355,1955
6316862,452.5,321,467.14,311.475,1028,3136,1186,3035,1353,1951
6316864,452.9,319.425,467.22,310.8,1033,3118,1187,3028,1353,1950
6316866,453.46,320.175,467.3,310.125,1039,3127,1188,3021,1351,1946
6316868,452.42,320.475,467.3,310.95,1028,3130,1187,3030,1357,1950
6316870,453.46,320.625,467.54,310.125,1039,3132,1190,3021,1357,1952
6316872,452.9,319.275,467.38,310.05,1033,3117,1189,3020,1353,1949
6316874,453.22,319.275,467.06,310.425,1037,3117,1186,3024,1353,1954
6316876,454.18,318.45,467.54,309.9,1048,3108,1191,3019,1353,1953
6316878,452.74,319.05,467.62,310.125,1033,3114,1192,3021,1349,1949
6316880,453.46,318.975,467.7,309.9,1041,3114,1194,3018,1357,1946
6316882,453.46,319.425,467.22,309.525,1041,3118,1188,3014,1354,1951
6316884,453.3,319.05,467.06,309.675,1039,3114,1187,3016,1355,1947
6316886,453.38,318,467.54,310.5,1040,3102,1192,3024,1347,1951
6316888,453.78,318.675,467.46,310.575,1045,3110,1191,3025,1349,1951
6316890,453.86,318.9,467.78,309.975,1045,3112,1195,3019,1356,1953
6316892,453.62,319.425,467.38,310.425,1043,3118,1191,3023,1350,1951
6316894,453.38,319.725,467.46,309.675,1040,3121,1191,3015,1360,1950
6316896,452.18,319.875,467.46,310.35,1028,3122,1191,3023,1350,1950
6316898,453.54,320.025,467.62,310.5,1042,3124,1193,3024,1358,1951
6316900,452.9,320.55,467.94,309.975,1035,3130,1197,3019,1353,1951
6316902,452.74,320.325,467.78,310.5,1033,3127,1195,3024,1353,1949
6316904,453.7,320.325,467.78,311.025,1044,3127,1196,3029,1356,1948
6316906,454.1,319.5,467.22,311.1,1049,3119,1190,3030,1355,1957
6316908,452.02,320.25,467.7,310.575,1027,3126,1195,3025,1356,1952
6316910,453.14,320.925,467.62,311.175,1038,3134,1194,3032,1361,1955
6316912,453.38,320.1,467.7,311.1,1042,3125,1195,3030,1362,1955
6316914,452.34,320.7,467.54,310.575,1030,3131,1194,3025,1355,1954
6316916,452.66,320.325,467.7,310.95,1035,3126,1196,3028,1360,1955
6316918,453.22,318.9,467.86,310.65,1041,3112,1197,3026,1359,1958
6316920,453.3,319.575,467.54,311.025,1042,3119,1195,3030,1360,1957
6316922,452.98,320.175,467.78,310.575,1038,3125,1198,3024,1355,1950
6316924,453.06,320.25,467.54,309.975,1040,3127,1196,3018,1352,1956
6316926,453.7,319.5,468.42,310.575,1047,3118,1204,3024,1354,1958
6316928,452.66,319.425,467.54,309.975,1036,3117,1195,3018,1352,1957
6316930,453.54,319.35,467.78,310.275,1045,3116,1198,3021,1352,1952
6316932,454.02,318.375,468.1,311.1,1051,3106,1202,3031,1352,1955
6316934,453.38,318.9,467.78,309.975,1044,3112,1198,3019,1353,1954
6316936,453.06,320.325,467.86,310.05,1040,3127,1200,3019,1355,1953
6316938,453.78,319.95,468.34,310.65,1048,3124,1205,3026,1355,1957
6316940,453.14,319.65,468.26,309.15,1042,3120,1205,3009,1355,1954
6316942,453.22,319.875,468.02,310.65,1043,3123,1202,3026,1354,1957
6316944,453.22,319.425,468.02,310.125,1044,3118,1203,3020,1351,1955
6316946,453.38,319.35,468.34,310.35,1046,3117,1206,3023,1352,1962
6316948,453.54,319.5,467.38,310.05,1048,3119,1197,3019,1355,1960
6316950,452.82,319.875,468.02,309.3,1041,3122,1204,3011,1355,1954
6316952,452.98,319.725,468.02,310.575,1042,3121,1204,3025,1355,1961
6316954,453.7,319.125,468.02,310.05,1050,3115,1204,3020,1354,1959
6316956,453.38,319.125,467.86,310.125,1047,3114,1202,3020,1354,1962
6316958,452.82,319.725,467.86,310.5,1040,3121,1202,3025,1354,1963
6316960,453.14,319.575,468.18,309.825,1044,3120,1206,3017,1359,1958
6316962,452.74,318.975,467.7,309.525,1041,3113,1201,3014,1352,1962
6316964,453.3,320.475,468.02,309.675,1046,3130,1204,3015,1357,1962
6316966,453.22,318.9,468.18,310.05,1046,3112,1206,3020,1354,1962
6316968,452.66,319.35,468.1,309.375,1039,3117,1205,3012,1350,1962
6316970,452.98,319.575,468.26,309.675,1043,3119,1207,3015,1356,1962
6316972,453.06,319.725,468.18,311.175,1044,3121,1206,3032,1355,1966
6316974,452.82,319.95,467.94,309.375,1041,3124,1204,3012,1356,1962
6316976,453.38,319.05,467.78,309.825,1048,3114,1203,3017,1356,1962
6316978,453.14,318.75,468.02,309.825,1046,3110,1205,3017,1353,1965
6316980,452.66,320.175,468.02,308.85,1040,3125,1206,3006,1356,1957
6316982,453.38,319.425,468.42,309.45,1048,3118,1209,3013,1354,1965
6316984,453.14,319.2,467.94,310.725,1045,3115,1204,3027,1355,1967
6316986,453.22,318.9,467.62,309.225,1046,3112,1201,3010,1351,1965
6316988,452.98,320.475,468.34,309,1043,3129,1208,3008,1354,1966
6316990,452.74,319.35,468.18,309,1041,3117,1207,3008,1351,1967
6316992,453.46,319.875,468.34,309.225,1047,3123,1208,3011,1354,1968
6316994,452.82,320.625,468.82,309.075,1041,3131,1213,3009,1355,1962
6316996,453.22,320.25,468.34,309.15,1044,3127,1207,3010,1357,1969
6316998,452.5,320.1,467.7,308.925,1036,3125,1200,3007,1355,1971
6317000,453.62,319.2,468.34,308.7,1049,3116,1207,3005,1353,1966
6317002,452.74,319.2,468.26,309,1039,3115,1207,3009,1356,1971
6317004,452.82,319.275,467.78,309.6,1040,3117,1200,3014,1354,1971
6317006,453.06,319.35,468.42,308.85,1042,3117,1207,3007,1360,1970
6317008,453.06,319.95,467.94,308.475,1042,3124,1202,3003,1356,1973
6317010,452.42,319.5,467.94,308.7,1035,3119,1202,3005,1357,1972
6317012,452.74,320.55,468.02,309.225,1038,3131,1203,3011,1359,1973
6317014,452.66,318.825,467.62,309.825,1037,3112,1198,3018,1364,1976
6317016,452.42,320.025,467.54,309.375,1034,3125,1197,3012,1360,1974
6317018,451.94,320.775,467.62,308.85,1029,3133,1198,3007,1361,1975
6317020,452.02,318.975,467.46,308.4,1030,3113,1195,3002,1361,1970
6317022,452.74,319.05,467.78,309.3,1037,3114,1199,3012,1353,1980
6317024,451.94,319.125,467.86,308.475,1028,3115,1199,3003,1355,1976
6317026,451.94,320.025,467.7,308.325,1028,3125,1197,3001,1356,1973
6317028,452.82,319.725,467.62,308.625,1036,3122,1195,3004,1355,1973
6317030,451.86,319.425,467.86,308.55,1026,3119,1198,3004,1354,1974
6317032,452.58,318.9,467.54,308.025,1033,3113,1194,2998,1359,1974
6317034,452.66,319.05,467.7,309.15,1034,3115,1196,3011,1354,1978
6317036,451.78,319.125,467.3,308.025,1024,3115,1191,2998,1354,1972
6317038,452.02,317.775,467.86,307.8,1027,3101,1197,2996,1356,1973
6317040,452.58,319.5,467.94,308.325,1032,3119,1197,3001,1358,1974
6317042,452.42,320.175,467.38,307.575,1030,3127,1191,2993,1359,1972
6317044,452.18,320.025,467.78,307.875,1027,3125,1195,2996,1354,1973
6317046,452.34,318.9,467.62,308.475,1029,3112,1193,3003,1353,1978
6317048,452.26,317.85,468.1,307.575,1027,3101,1197,2993,1355,1975
6317050,452.26,317.25,467.46,307.125,1027,3094,1191,2988,1353,1972
6317052,452.34,318.45,467.86,308.475,1027,3107,1194,3003,1356,1978
6317054,451.38,318.3,467.86,308.025,1017,3106,1194,2998,1358,1975
6317056,451.62,318.825,467.46,307.95,1018,3111,1189,2996,1354,1977
6317058,452.74,319.125,467.78,309.075,1030,3115,1192,3009,1353,1983
6317060,451.62,318.6,467.94,308.025,1018,3109,1193,2998,1357,1974
6317062,451.54,319.725,467.46,307.95,1016,3121,1188,2997,1357,1977
6317064,452.42,318.45,467.54,308.1,1025,3107,1188,2998,1354,1980
6317066,452.02,318.675,467.3,307.35,1021,3110,1186,2990,1352,1978
6317068,451.86,320.1,467.86,308.475,1018,3125,1190,3003,1357,1980
6317070,451.46,320.325,467.86,307.275,1013,3127,1191,2989,1353,1974
6317072,451.3,319.5,467.54,307.8,1011,3118,1186,2994,1359,1977
6317074,452.18,319.65,468.1,308.325,1021,3120,1192,3001,1358,1979
6317076,452.02,319.425,467.86,307.8,1018,3117,1189,2994,1354,1977
6317078,452.1,321,467.78,307.65,1019,3135,1188,2993,1359,1979
6317080,451.62,319.425,468.02,308.85,1013,3118,1189,3006,1356,1980
6317082,452.34,318.375,468.02,307.65,1021,3106,1189,2994,1351,1977
6317084,452.02,319.8,467.78,308.7,1016,3122,1186,3005,1359,1980
6317086,451.22,320.4,467.94,308.7,1008,3128,1187,3005,1359,1983
6317088,452.5,321,467.62,308.1,1020,3135,1183,2999,1356,1981
6317090,452.26,319.575,467.7,307.05,1018,3120,1184,2987,1358,1983
6317092,452.74,320.025,468.42,309.525,1022,3125,1191,3014,1358,1983
6317094,452.82,319.425,468.58,307.875,1023,3118,1193,2996,1356,1979
6317096,451.7,319.425,467.94,307.8,1011,3118,1186,2996,1360,1983
6317098,452.02,318.375,467.94,307.8,1015,3107,1186,2995,1352,1981
6317100,452.1,320.55,467.94,307.575,1015,3131,1185,2994,1357,1982
6317102,452.02,318.75,467.7,306.9,1014,3111,1183,2986,1363,1984
6317104,452.82,318.3,467.94,307.275,1022,3106,1185,2991,1360,1984
6317106,452.18,319.05,467.78,306.225,1015,3115,1184,2979,1362,1977
6317108,452.42,317.175,468.02,306.075,1018,3095,1186,2978,1360,1982
6317110,452.34,317.625,468.1,304.8,1016,3100,1187,2963,1361,1985
6317112,452.42,318.3,468.18,306,1017,3107,1187,2977,1360,1983
6317114,452.9,318.375,468.1,306.525,1022,3108,1186,2983,1361,1988
6317116,452.82,317.625,467.62,306.75,1020,3100,1180,2985,1360,1988
6317118,452.9,317.625,467.46,305.625,1021,3100,1179,2973,1361,1984
6317120,452.5,318.375,468.02,307.125,1017,3109,1184,2990,1359,1985
6317122,453.06,318.3,467.62,306.825,1022,3108,1180,2987,1357,1987
6317124,453.38,316.95,468.1,307.8,1026,3094,1184,2998,1360,1993
6317126,452.42,318.6,468.1,307.125,1015,3111,1184,2990,1357,1990
6317128,452.9,318.45,468.1,306.825,1020,3110,1184,2987,1363,1988
6317130,452.58,318.75,468.18,308.25,1016,3113,1184,3003,1354,1995
6317132,452.58,317.7,467.62,307.275,1017,3103,1178,2993,1357,1994
6317134,452.9,318.6,468.18,308.025,1020,3112,1184,3001,1357,1991
6317136,452.98,319.95,468.26,308.7,1020,3127,1184,3009,1363,1993
6317138,452.98,318.975,467.14,307.575,1020,3117,1173,2996,1358,1990
6317140,452.42,320.25,467.94,309.6,1013,3131,1180,3019,1356,1997
6317142,452.1,319.05,467.54,308.85,1010,3118,1176,3011,1361,1996
6317144,452.9,320.25,467.3,308.85,1017,3132,1173,3011,1356,1996
6317146,452.66,320.4,467.94,309.525,1014,3133,1179,3018,1356,1996
6317148,452.02,320.25,467.86,309.9,1008,3133,1178,3023,1362,1997
6317150,452.02,320.55,467.62,310.65,1007,3135,1175,3032,1364,2000
6317152,452.02,320.85,467.78,311.025,1007,3140,1176,3037,1356,1999
6317154,451.54,319.725,468.42,311.175,1002,3127,1182,3039,1355,2004
6317156,451.38,320.55,467.78,311.7,1000,3137,1175,3044,1357,2003
6317158,452.74,321.525,468.5,310.5,1014,3148,1183,3032,1354,2002
6317160,452.26,321.375,468.18,311.625,1008,3147,1179,3045,1363,2006
6317162,452.74,320.925,467.78,312,1013,3142,1175,3049,1356,2008
6317164,452.82,321.825,467.46,311.175,1013,3153,1171,3040,1359,2009
6317166,452.1,321.075,467.78,311.175,1006,3144,1175,3041,1359,2004
6317168,451.7,321.225,468.34,310.95,1002,3147,1180,3039,1356,2005
6317170,452.26,321,467.62,310.575,1007,3144,1172,3035,1355,2006
6317172,452.18,320.85,467.14,311.175,1006,3143,1167,3042,1356,2008
6317174,450.98,321,467.54,310.125,993,3144,1172,3030,1364,2010
6317176,451.7,320.85,467.3,310.275,1000,3144,1168,3033,1359,2007
6317178,452.26,319.575,466.82,310.125,1007,3129,1163,3031,1355,2006
6317180,451.54,319.725,466.74,309.975,999,3131,1162,3030,1356,2008
6317182,451.54,320.1,466.74,309.9,998,3135,1162,3029,1363,2008
6317184,451.22,318.975,466.82,309.6,995,3124,1162,3025,1353,2002
6317186,451.3,319.425,466.66,308.925,995,3128,1161,3018,1361,2010
6317188,450.9,319.425,466.74,309.45,991,3128,1160,3024,1360,2008
6317190,450.74,319.425,466.5,309.45,989,3128,1158,3024,1357,2011
6317192,451.14,320.325,466.02,308.7,992,3138,1153,3015,1359,2009
6317194,451.38,319.575,466.26,309.45,995,3130,1155,3024,1361,2011
6317196,450.98,319.725,466.34,309.45,990,3131,1155,3024,1356,2011
6317198,450.82,320.025,465.94,309,988,3135,1151,3018,1357,2013
6317200,450.74,319.95,466.02,309.15,986,3134,1151,3020,1357,2009
6317202,450.9,320.1,465.78,309.225,988,3135,1148,3021,1362,2010
6317204,450.26,320.175,465.86,308.925,981,3136,1149,3017,1361,2012
6317206,450.5,320.475,466.1,309.225,983,3139,1151,3021,1354,2011
6317208,450.02,320.775,465.7,309.9,977,3142,1146,3028,1361,2009
6317210,450.98,319.65,465.94,310.65,987,3130,1148,3036,1362,2010
6317212,449.86,321.225,465.86,310.875,974,3147,1146,3038,1366,2011
6317214,450.1,319.725,465.7,310.125,977,3130,1145,3030,1366,2009
6317216,449.86,320.7,465.62,311.25,974,3141,1143,3042,1364,2010
6317218,449.78,320.55,465.86,311.25,973,3139,1146,3042,1363,2010
6317220,450.5,321.825,465.86,311.85,980,3153,1145,3048,1362,2012
6317222,450.42,321.75,466.18,312.075,979,3152,1148,3051,1360,2009
6317224,450.34,321.15,465.54,311.925,977,3145,1141,3048,1356,2009
6317226,449.62,321.975,465.54,312.525,970,3154,1140,3056,1361,2007
6317228,451.14,323.175,465.7,313.65,984,3167,1141,3067,1360,2011
6317230,450.34,322.5,465.94,313.425,976,3160,1144,3065,1360,2009
6317232,449.46,323.175,466.02,313.875,967,3167,1144,3070,1362,2008
6317234,450.5,322.35,466.5,313.725,977,3158,1149,3068,1355,2009
6317236,450.42,322.725,466.1,313.725,976,3162,1144,3068,1362,2010
6317238,450.74,322.125,466.82,314.325,979,3156,1152,3075,1355,2012
6317240,450.82,323.625,466.1,314.1,980,3172,1144,3072,1358,2008
6317242,450.02,322.2,466.1,314.4,972,3156,1144,3075,1360,2013
6317244,450.18,322.8,466.34,314.625,974,3161,1147,3077,1354,2011
6317246,451.3,322.95,465.86,314.325,986,3164,1142,3074,1356,2012
6317248,451.06,322.95,466.26,313.8,983,3164,1147,3068,1363,2011
6317250,450.66,324,466.5,313.875,978,3175,1149,3068,1357,2010
6317252,451.3,322.65,465.78,313.875,986,3159,1142,3068,1358,2011
6317254,451.94,322.575,466.18,313.275,993,3159,1146,3061,1359,2012
6317256,452.02,323.925,466.5,313.875,993,3173,1149,3068,1359,2014
6317258,451.46,322.275,466.1,313.875,988,3155,1145,3067,1356,2012
6317260,451.22,322.8,466.26,313.8,986,3160,1147,3066,1360,2010
6317262,450.66,320.925,466.1,313.35,981,3139,1146,3061,1353,2011
6317264,451.78,320.625,466.58,313.65,993,3135,1152,3064,1358,2012
6317266,451.94,322.8,466.74,313.275,994,3160,1153,3060,1357,2012
6317268,452.26,322.425,466.34,312.9,998,3155,1150,3055,1358,2008
6317270,452.18,321.225,466.5,312.9,997,3141,1152,3055,1355,2015
6317272,451.94,322.05,466.74,313.275,996,3150,1154,3058,1358,2012
6317274,452.1,321.975,466.9,312.375,998,3149,1156,3048,1355,2010
6317276,452.5,322.2,466.58,312.225,1003,3151,1155,3045,1352,2008
6317278,451.94,322.5,466.66,312.975,997,3154,1155,3053,1356,2012
6317280,452.58,321.225,466.82,312.825,1005,3139,1158,3052,1357,2012
6317282,451.38,321.675,467.22,312.525,992,3143,1162,3048,1353,2014
6317284,452.66,323.4,466.9,313.2,1006,3162,1160,3055,1357,2011
6317286,451.54,322.05,466.98,312.9,995,3147,1160,3052,1353,2013
6317288,452.34,322.275,467.14,312.975,1004,3149,1163,3052,1355,2014
6317290,452.02,321.9,467.38,313.425,1001,3145,1166,3057,1352,2013
6317292,452.9,321.675,467.38,314.1,1011,3142,1166,3064,1352,2012
6317294,454.26,321.975,467.3,313.575,1025,3146,1165,3058,1355,2009
6317296,452.82,322.65,467.38,313.5,1011,3153,1167,3056,1357,2008
6317298,452.82,322.725,467.54,314.175,1011,3153,1169,3065,1350,2010
6317300,452.34,321.9,467.78,314.025,1008,3144,1173,3062,1357,2007
6317302,453.14,323.55,467.46,313.95,1016,3163,1170,3061,1356,2009
6317304,453.7,322.35,467.78,314.1,1023,3149,1175,3063,1357,2008
6317306,453.38,322.875,468.26,314.1,1019,3155,1179,3063,1353,2005
6317308,453.22,324.525,467.94,314.475,1019,3173,1177,3068,1360,2003
6317310,453.46,322.275,469.14,314.775,1022,3148,1189,3071,1358,2003
6317312,453.14,324.525,467.78,315.6,1018,3174,1176,3080,1357,2003
6317314,453.62,322.575,467.94,315.375,1024,3152,1178,3078,1351,2006
6317316,453.78,323.55,468.5,315.375,1027,3163,1184,3078,1351,2001
6317318,452.9,323.85,468.18,315.6,1018,3166,1182,3081,1358,2003
6317320,452.82,323.175,468.1,315.675,1018,3160,1181,3082,1351,2004
6317322,452.5,324.75,468.02,315.825,1014,3177,1181,3084,1355,2002
6317324,453.06,322.875,468.82,316.275,1021,3157,1189,3090,1353,2006
6317326,453.06,323.325,467.62,316.2,1021,3162,1177,3089,1350,2005
6317328,453.86,323.625,468.02,316.275,1030,3167,1182,3090,1351,2003
6317330,453.7,324.6,467.94,315.9,1028,3177,1182,3086,1352,2006
6317332,453.3,325.05,467.7,316.35,1025,3183,1180,3092,1353,2004
6317334,453.06,324.525,468.34,315.6,1023,3177,1187,3084,1351,2000
6317336,452.98,323.475,467.7,316.2,1024,3166,1181,3090,1357,2004
6317338,453.38,323.4,467.46,315.975,1028,3166,1179,3088,1352,2002
6317340,453.14,324.15,468.34,316.05,1027,3174,1189,3090,1349,2003
6317342,452.26,323.4,468.18,315.45,1017,3165,1188,3083,1355,2000
6317344,453.3,324.15,467.46,316.5,1029,3175,1181,3095,1350,2005
6317346,453.14,323.625,467.54,315.375,1027,3169,1182,3083,1355,2004
6317348,452.42,322.65,466.98,315.975,1021,3159,1177,3090,1354,2005
6317350,452.74,323.1,467.22,315.6,1024,3164,1179,3086,1353,2001
6317352,452.18,325.575,467.62,315.45,1018,3191,1184,3086,1352,2002
6317354,452.74,322.5,467.46,316.05,1024,3158,1182,3092,1350,2004
6317356,452.82,322.65,467.7,315.675,1026,3160,1185,3088,1350,2003
6317358,452.9,324.225,467.3,315.375,1026,3178,1181,3085,1354,2002
6317360,452.58,322.575,467.38,315.975,1024,3160,1182,3091,1351,1999
6317362,451.46,324.225,467.3,315.75,1011,3178,1181,3089,1354,2000
6317364,451.86,323.475,466.58,315.675,1016,3170,1174,3089,1349,2005
6317366,452.26,323.475,467.06,315,1020,3170,1179,3081,1351,2000
6317368,451.94,324,466.5,315.375,1017,3175,1173,3085,1346,2001
6317370,451.94,323.325,466.5,315.375,1018,3168,1174,3085,1352,2003
6317372,451.14,324.525,466.82,315.3,1009,3181,1177,3085,1353,2001
6317374,451.86,324.6,466.58,315.15,1016,3183,1175,3083,1351,2001
6317376,451.54,324.825,466.74,315.6,1013,3185,1176,3089,1350,2004
6317378,450.9,323.775,466.82,315.225,1006,3173,1177,3084,1350,1998
6317380,451.7,325.2,467.06,315.525,1014,3189,1179,3088,1346,2000
6317382,451.22,323.775,466.34,315.975,1009,3174,1171,3093,1350,2004
6317384,451.3,323.325,466.02,315.9,1010,3169,1167,3092,1348,2002
6317386,451.86,324.675,466.18,315,1015,3184,1169,3082,1349,2002
6317388,451.22,323.25,466.58,316.125,1009,3168,1172,3095,1344,2004
6317390,451.62,323.475,465.94,315.45,1012,3171,1166,3087,1352,2002
6317392,451.38,324.75,465.94,315.6,1009,3185,1166,3089,1346,2003
6317394,450.98,322.425,465.46,316.125,1005,3159,1160,3095,1351,2006
6317396,450.9,324,465.54,315.975,1003,3177,1160,3093,1350,2001
6317398,451.62,323.55,465.7,315.3,1011,3172,1162,3085,1347,2003
6317400,451.06,323.1,465.62,315.6,1005,3167,1161,3089,1350,2002
6317402,451.62,323.55,464.58,315.825,1010,3172,1150,3091,1347,2005
6317404,451.54,325.125,465.38,314.625,1009,3189,1158,3078,1348,2007
6317406,451.54,323.475,465.38,315.075,1009,3171,1158,3083,1351,2004
6317408,451.62,324.825,465.46,315.225,1009,3186,1158,3085,1347,2003
6317410,451.14,324.525,464.9,316.2,1004,3182,1152,3096,1352,2003
6317412,451.06,323.55,464.1,315.6,1003,3172,1143,3089,1352,2004
6317414,450.34,322.2,464.5,315.075,996,3157,1147,3083,1344,2002
6317416,451.54,323.025,464.74,315.225,1007,3166,1149,3085,1344,2002
6317418,450.74,322.2,464.34,314.7,999,3157,1144,3079,1347,2004
6317420,451.14,322.575,464.5,314.775,1002,3162,1145,3080,1349,2000
6317422,450.74,321.825,464.74,314.925,998,3153,1148,3082,1349,1999
6317424,450.98,322.2,464.18,314.7,1000,3157,1142,3079,1352,2002
6317426,450.98,323.025,464.26,314.1,999,3166,1142,3072,1349,2004
6317428,451.06,322.35,464.18,314.025,1000,3159,1141,3071,1348,2005
6317430,451.3,321.975,464.1,313.95,1003,3155,1140,3070,1352,2001
6317432,451.62,322.5,464.5,313.425,1004,3160,1143,3064,1347,1998
6317434,450.42,323.175,464.42,313.65,992,3168,1143,3068,1353,2005
6317436,450.98,323.325,464.5,314.55,997,3169,1142,3077,1343,2000
6317438,451.78,322.95,464.9,314.4,1005,3166,1147,3076,1352,2000
6317440,451.46,321.9,464.34,314.4,1002,3154,1140,3075,1346,2005
6317442,451.06,322.125,464.1,314.175,998,3156,1137,3073,1346,2003
6317444,451.3,322.125,464.58,313.875,1000,3155,1142,3070,1347,2000
6317446,451.46,322.65,465.06,314.1,1001,3162,1147,3072,1351,2005
6317448,451.14,323.625,465.14,314.475,997,3172,1148,3076,1347,2000
6317450,451.78,322.35,465.22,314.25,1004,3159,1148,3073,1344,2003
6317452,451.06,321.75,465.14,313.875,996,3151,1147,3069,1346,2001
6317454,451.22,321.825,465.14,314.55,998,3152,1147,3077,1346,2003
6317456,451.86,322.95,465.7,314.625,1004,3165,1152,3078,1344,2004
6317458,451.7,321.975,465.94,313.875,1002,3154,1155,3069,1344,2003
6317460,452.26,322.275,465.78,313.575,1008,3158,1153,3066,1351,2004
6317462,452.82,320.7,465.46,313.35,1015,3141,1150,3064,1346,1999
6317464,452.26,322.35,466.5,313.8,1008,3158,1161,3069,1346,2002
6317466,452.74,321.225,465.54,313.425,1014,3146,1151,3065,1346,2002
6317468,452.26,322.8,466.34,312.9,1008,3163,1160,3059,1346,1998
6317470,451.38,323.025,466.34,313.425,998,3165,1159,3065,1346,2000
6317472,452.5,322.2,466.58,313.65,1011,3157,1162,3067,1343,1999
6317474,452.5,321.6,466.34,313.425,1011,3150,1159,3064,1346,1999
6317476,452.34,323.175,466.9,313.8,1008,3167,1165,3069,1346,1999
6317478,452.1,322.125,466.58,313.35,1007,3156,1162,3064,1346,1999
6317480,452.58,322.2,466.34,313.5,1011,3157,1159,3065,1343,1999
6317482,452.1,322.575,466.5,313.5,1006,3161,1160,3066,1345,1999
6317484,452.02,323.175,466.34,313.725,1005,3168,1159,3068,1345,1998
6317486,452.74,322.35,466.26,313.95,1013,3159,1158,3071,1345,2000
6317488,452.5,322.5,466.9,314.025,1010,3160,1165,3072,1348,1999
6317490,452.26,323.775,466.98,314.775,1007,3174,1165,3080,1346,1999
6317492,452.34,323.25,466.18,314.025,1008,3169,1157,3072,1344,1997
6317494,452.98,324.075,466.74,314.475,1015,3178,1163,3077,1347,2000
6317496,452.58,322.725,466.74,314.7,1010,3164,1163,3080,1345,1999
6317498,452.1,323.025,466.1,314.25,1006,3167,1156,3075,1344,1994
6317500,452.26,323.55,466.58,315.075,1007,3173,1161,3085,1351,1997
6317502,452.34,323.925,466.34,315,1007,3177,1158,3083,1345,1996
6317504,452.66,323.25,466.34,314.775,1011,3171,1158,3081,1348,1995
6317506,452.58,323.175,466.42,315,1010,3170,1159,3084,1345,1995
6317508,452.34,323.475,466.74,315.225,1007,3173,1162,3088,1344,1996
6317510,452.34,323.175,466.9,315.225,1007,3170,1163,3087,1347,1995
6317512,452.18,323.475,466.74,315.075,1005,3174,1161,3086,1345,1996
6317514,452.18,323.7,466.02,314.775,1005,3177,1154,3083,1342,1993
6317516,452.1,324.15,466.26,315.225,1003,3182,1155,3088,1344,1995
6317518,452.18,322.275,466.82,315.225,1005,3161,1161,3089,1343,1994
6317520,452.58,323.1,466.42,314.025,1008,3171,1157,3075,1344,1996
6317522,452.74,323.7,465.86,314.85,1010,3178,1151,3084,1343,1995
6317524,451.62,322.05,466.1,314.625,998,3160,1153,3083,1344,1994
6317526,452.34,323.1,465.62,313.425,1006,3171,1148,3069,1342,1993
6317528,452.18,320.325,465.94,314.4,1004,3141,1151,3081,1340,1995
6317530,451.62,321.9,465.38,313.5,997,3158,1146,3071,1346,1994
6317532,451.86,323.1,465.38,313.35,999,3172,1145,3069,1346,1993
6317534,451.62,321.3,464.98,313.575,998,3152,1141,3071,1343,1993
6317536,451.54,322.35,465.06,313.35,995,3163,1141,3069,1342,1990
6317538,451.94,322.725,465.22,313.575,999,3168,1143,3072,1343,1995
6317540,451.54,320.775,465.06,313.95,995,3146,1140,3076,1344,1995
6317542,451.54,321.15,465.22,313.2,995,3151,1142,3067,1345,1995
6317544,451.38,322.275,465.38,313.8,992,3163,1142,3075,1345,1994
6317546,450.98,321.075,465.14,313.425,989,3149,1140,3070,1342,1993
6317548,451.7,321.15,465.22,313.8,995,3151,1140,3074,1341,1993
6317550,452.02,322.95,465.22,313.65,998,3171,1140,3072,1343,1994
6317552,451.54,320.85,464.9,313.425,993,3147,1136,3070,1340,1993
6317554,451.7,321.6,464.82,313.725,994,3155,1135,3073,1342,1992
6317556,451.46,321.675,465.06,313.725,991,3156,1138,3073,1344,1993
6317558,450.1,321.525,465.14,313.125,977,3153,1138,3066,1345,1993
6317560,451.3,320.55,464.9,313.65,989,3143,1135,3071,1341,1994
6317562,451.62,321,465.22,313.35,992,3148,1139,3068,1340,1989
6317564,450.82,320.925,465.38,313.575,984,3147,1140,3070,1341,1989
6317566,451.38,321.375,464.9,313.275,990,3152,1134,3067,1337,1992
6317568,451.78,321.825,464.98,313.8,992,3157,1135,3073,1342,1991
6317570,451.06,321,465.14,313.575,985,3147,1137,3070,1342,1991
6317572,452.02,322.8,465.7,313.5,994,3167,1141,3069,1339,1991
6317574,451.62,322.65,465.22,314.1,990,3165,1136,3076,1342,1990
6317576,451.7,321.15,465.14,313.5,991,3148,1135,3069,1340,1988
6317578,451.46,322.425,465.38,313.05,988,3162,1137,3064,1341,1987
6317580,451.94,322.125,465.3,314.1,992,3159,1135,3075,1339,1988
6317582,451.86,321.9,465.22,313.875,991,3156,1134,3073,1337,1986
6317584,451.54,322.575,465.38,313.95,987,3164,1135,3074,1346,1990
6317586,451.86,322.5,465.46,313.95,990,3163,1137,3073,1340,1986
6317588,452.18,322.425,465.06,314.7,993,3162,1131,3082,1339,1984
6317590,451.7,322.35,465.78,313.875,987,3161,1139,3073,1343,1984
6317592,451.62,321.3,465.54,314.175,987,3150,1135,3076,1340,1987
6317594,452.42,322.275,465.14,313.95,994,3160,1131,3073,1341,1983
6317596,451.54,322.35,465.78,313.875,985,3161,1137,3072,1342,1980
6317598,451.22,322.2,465.46,314.4,982,3159,1134,3078,1340,1986
6317600,451.14,321.15,465.46,314.475,980,3148,1133,3079,1339,1984
6317602,451.3,322.35,465.62,314.1,981,3161,1134,3075,1341,1985
6317604,451.62,321.375,465.46,313.875,984,3151,1132,3073,1340,1981
6317606,452.02,322.8,465.78,314.85,987,3166,1135,3084,1338,1986
6317608,452.1,321.3,465.86,314.025,988,3150,1136,3075,1340,1988
6317610,451.86,322.05,465.78,313.725,985,3158,1134,3071,1342,1980
6317612,452.02,321.45,466.02,313.2,987,3152,1136,3066,1338,1979
6317614,452.74,321.225,465.62,313.35,994,3149,1132,3067,1335,1983
6317616,452.26,321.075,465.94,313.875,989,3148,1135,3074,1336,1979
6317618,452.34,321.15,465.62,313.425,989,3148,1131,3069,1339,1978
6317620,452.98,321.6,465.54,313.5,995,3154,1130,3069,1336,1979
6317622,452.58,320.025,465.94,313.65,991,3136,1134,3071,1332,1978
6317624,453.06,320.475,465.62,314.475,995,3142,1130,3080,1337,1984
6317626,452.66,320.175,465.94,314.325,992,3139,1133,3079,1337,1978
6317628,452.82,320.7,466.34,313.425,993,3144,1137,3069,1333,1975
6317630,452.34,321.675,465.94,313.575,987,3155,1133,3071,1337,1977
6317632,452.66,321.375,465.94,314.325,990,3152,1132,3079,1333,1978
6317634,452.66,320.7,465.94,314.325,990,3144,1132,3078,1339,1977
6317636,452.74,321.75,465.94,314.475,990,3156,1132,3080,1339,1975
6317638,452.34,320.325,466.1,314.325,987,3141,1134,3079,1339,1977
6317640,452.42,321.9,466.66,314.1,987,3157,1139,3077,1335,1975
6317642,452.74,321.075,465.86,315.225,991,3149,1131,3089,1336,1977
6317644,452.98,320.325,466.18,314.7,993,3140,1134,3083,1336,1974
6317646,452.58,320.475,465.78,314.775,989,3142,1129,3084,1334,1977
6317648,452.66,322.5,466.26,315.075,989,3164,1135,3087,1332,1972
6317650,453.14,320.775,465.62,315.675,995,3145,1128,3094,1330,1973
6317652,452.42,321.75,466.1,315.225,986,3156,1133,3089,1339,1967
6317654,452.1,320.475,466.02,315.15,984,3142,1132,3088,1333,1969
6317656,452.9,322.275,466.34,315.375,991,3163,1136,3091,1334,1967
6317658,452.98,321.825,466.18,315.825,992,3157,1133,3095,1338,1967
6317660,453.62,320.925,466.26,315.15,1000,3148,1135,3088,1333,1971
6317662,452.98,320.325,465.78,315.6,993,3140,1130,3093,1330,1967
6317664,453.38,322.5,466.42,315.075,997,3165,1136,3088,1332,1964
6317666,452.9,321.075,466.02,315.6,992,3149,1132,3093,1326,1968
6317668,453.14,322.05,466.1,315.75,994,3161,1133,3096,1336,1965
6317670,452.98,321.675,466.58,315.75,993,3156,1138,3096,1334,1963
6317672,453.22,320.7,466.34,315.675,996,3146,1136,3095,1330,1963
6317674,452.9,322.275,466.58,315.9,992,3163,1138,3098,1335,1964
6317676,453.14,321.15,466.02,315.45,995,3151,1133,3093,1331,1962
6317678,451.94,321.3,466.34,316.125,982,3153,1136,3100,1333,1964
6317680,453.06,321.6,466.18,315.3,994,3157,1134,3092,1335,1962
6317682,453.22,320.775,465.46,315.075,996,3147,1127,3089,1332,1961
6317684,452.26,320.7,465.94,315.45,986,3146,1132,3093,1334,1962
6317686,453.38,321,466.02,315.225,998,3150,1133,3091,1330,1962
6317688,453.14,321,466.34,315.75,995,3151,1136,3097,1331,1962
6317690,452.58,321.825,465.94,314.775,989,3160,1132,3086,1338,1960
6317692,452.66,322.2,465.7,315.45,989,3164,1129,3094,1331,1960
6317694,452.74,320.475,465.78,315.75,991,3145,1130,3097,1332,1959
6317696,452.42,321.6,466.02,315.3,987,3158,1132,3093,1330,1960
6317698,452.34,320.85,466.18,314.775,987,3149,1134,3087,1334,1958
6317700,452.34,321.375,465.54,315.225,986,3155,1128,3092,1332,1958
6317702,452.66,319.725,465.62,314.85,991,3137,1129,3088,1333,1960
6317704,452.9,320.55,465.46,315.375,993,3146,1127,3094,1329,1962
6317706,452.82,319.725,465.78,314.925,992,3137,1131,3089,1327,1953
6317708,452.34,318.6,465.78,315,988,3125,1130,3090,1327,1959
6317710,452.9,320.55,465.3,314.775,993,3147,1125,3088,1328,1957
6317712,452.42,320.925,465.3,315.15,987,3151,1125,3092,1330,1959
6317714,452.58,320.85,465.22,314.325,989,3150,1124,3082,1332,1954
6317716,452.42,320.55,465.38,314.55,987,3147,1125,3085,1333,1957
6317718,452.26,319.875,465.3,314.775,986,3139,1125,3088,1328,1955
6317720,452.9,320.4,465.3,315.45,992,3145,1124,3095,1330,1956
6317722,452.42,320.325,465.14,314.325,987,3144,1123,3082,1330,1956
6317724,452.34,321.525,464.74,315.825,986,3157,1118,3099,1329,1960
6317726,452.66,319.875,465.22,315.525,989,3139,1123,3096,1331,1958
6317728,452.9,320.775,465.46,315.525,992,3149,1126,3096,1330,1958
6317730,452.26,321.825,465.06,315,984,3161,1121,3090,1327,1959
6317732,452.82,320.175,464.9,315.225,991,3143,1120,3093,1329,1956
6317734,452.82,319.5,465.46,315.375,991,3135,1126,3095,1324,1960
6317736,452.34,320.475,465.62,315.75,985,3146,1127,3098,1329,1957
6317738,452.18,321.975,464.66,315.6,983,3162,1117,3097,1329,1957
6317740,452.18,321.6,465.3,315.6,983,3158,1124,3097,1329,1956
6317742,452.42,321.825,465.14,315.9,986,3161,1122,3100,1330,1957
6317744,452.34,320.175,464.58,317.175,985,3143,1116,3114,1329,1958
6317746,451.22,321.3,465.14,316.65,973,3155,1122,3109,1334,1962
6317748,452.66,322.95,465.06,316.575,988,3174,1121,3107,1328,1958
6317750,452.82,321.75,464.58,316.65,991,3160,1116,3108,1331,1963
6317752,451.94,322.575,465.14,316.95,981,3169,1122,3111,1328,1961
6317754,452.66,321.375,464.9,316.05,989,3156,1120,3101,1328,1960
6317756,452.74,320.475,465.3,316.275,990,3146,1124,3104,1329,1959
6317758,452.18,321.15,465.38,316.125,984,3153,1125,3103,1330,1958
6317760,452.18,320.7,464.9,315.6,985,3148,1120,3096,1332,1958
6317762,452.02,321.075,465.06,315.6,982,3152,1122,3097,1330,1955
6317764,451.94,322.425,464.66,316.275,981,3167,1117,3103,1332,1960
6317766,451.94,320.7,464.74,315.525,982,3148,1119,3095,1330,1956
6317768,452.02,321.075,464.74,315.75,983,3152,1119,3098,1328,1958
6317770,451.86,319.35,464.82,315.525,982,3133,1120,3095,1327,1954
6317772,452.42,320.7,464.5,315,988,3148,1117,3089,1330,1958
6317774,452.1,320.925,465.3,314.775,984,3150,1125,3087,1327,1955
6317776,452.58,321.45,464.74,315.45,989,3156,1119,3094,1333,1957
6317778,451.94,320.25,464.66,314.925,983,3142,1118,3088,1327,1955
6317780,452.02,321.45,464.74,315.225,984,3155,1120,3091,1332,1953
6317782,452.02,320.25,464.42,315.45,984,3142,1116,3093,1330,1959
6317784,452.34,319.125,464.58,315.6,988,3130,1118,3095,1332,1957
6317786,451.38,320.1,464.66,314.1,978,3140,1119,3079,1325,1952
6317788,452.18,319.275,464.26,314.55,986,3131,1115,3083,1328,1957
6317790,452.34,320.175,464.5,313.575,987,3141,1118,3073,1330,1953
6317792,451.3,319.95,464.9,314.625,977,3138,1122,3084,1328,1954
6317794,452.34,320.325,464.1,314.775,988,3143,1113,3085,1333,1960
6317796,451.06,320.025,464.82,314.85,974,3139,1120,3087,1332,1954
6317798,452.5,321.075,464.66,314.775,989,3151,1119,3085,1331,1956
6317800,452.02,319.8,464.66,315,984,3136,1119,3088,1328,1957
6317802,452.9,321.675,464.98,314.775,993,3158,1122,3086,1333,1954
6317804,452.26,321,464.9,315,986,3150,1122,3088,1327,1957
6317806,453.06,319.95,465.22,315.075,995,3138,1125,3089,1325,1955
6317808,452.58,321,464.58,314.775,989,3150,1119,3085,1329,1957
6317810,451.46,318.825,464.98,315.075,978,3125,1122,3089,1329,1953
6317812,452.26,318.825,464.9,314.625,987,3126,1121,3084,1324,1954
6317814,452.1,321.3,464.9,314.775,984,3154,1122,3086,1332,1954
6317816,452.18,320.4,464.98,315.15,986,3144,1122,3090,1325,1956
6317818,452.1,321.225,465.22,315,984,3152,1125,3088,1329,1953
6317820,452.26,320.025,465.3,315.225,987,3140,1126,3091,1330,1954
6317822,453.06,320.475,465.14,315.75,995,3144,1124,3097,1330,1955
6317824,452.18,319.875,465.22,315.675,986,3138,1125,3096,1324,1956
6317826,452.58,319.875,465.38,316.125,990,3138,1126,3101,1327,1953
6317828,452.9,320.625,465.38,315.675,993,3146,1126,3097,1325,1956
6317830,452.58,320.325,464.9,316.2,990,3144,1121,3102,1324,1954
6317832,452.42,321.15,465.46,315.525,988,3153,1128,3095,1324,1957
6317834,453.22,321,465.38,316.275,997,3151,1127,3103,1330,1958
6317836,452.9,320.325,465.7,315.975,994,3143,1130,3100,1328,1956
6317838,451.78,321.15,465.38,315.825,981,3152,1126,3099,1333,1959
6317840,452.74,320.475,465.14,316.575,993,3145,1124,3107,1324,1958
6317842,452.66,321,465.7,316.65,991,3152,1130,3107,1324,1959
6317844,452.26,320.625,465.7,315.825,987,3147,1130,3099,1323,1957
6317846,452.66,321.15,465.22,316.35,991,3153,1125,3104,1332,1957
6317848,452.98,320.85,466.02,317.25,995,3149,1133,3114,1327,1958
6317850,452.82,323.4,465.7,316.2,992,3178,1130,3103,1330,1956
6317852,452.58,321.525,465.7,315.975,991,3157,1131,3100,1326,1955
6317854,453.14,321,465.54,315.975,996,3152,1128,3100,1334,1958
6317856,452.9,321.45,465.7,316.275,994,3157,1130,3104,1331,1956
6317858,452.66,321.525,465.62,315.975,992,3157,1130,3101,1325,1954
6317860,452.58,322.35,465.3,315.975,990,3166,1126,3100,1332,1957
6317862,453.46,321.3,465.94,315.75,1000,3155,1133,3099,1329,1953
6317864,453.54,320.925,465.54,315.825,1002,3151,1130,3099,1325,1956
6317866,452.1,320.25,465.54,315.675,987,3143,1129,3098,1326,1956
6317868,453.94,321.15,465.62,315.6,1005,3153,1131,3096,1327,1953
6317870,452.9,319.65,465.7,315.75,995,3137,1131,3098,1325,1957
6317872,452.74,320.475,466.02,315.675,993,3146,1135,3097,1323,1952
6317874,453.14,320.85,465.86,314.625,998,3150,1134,3086,1329,1948
6317876,451.62,320.025,465.78,314.85,982,3140,1133,3088,1326,1956
6317878,453.3,320.025,465.62,314.4,999,3141,1131,3083,1324,1957
6317880,453.06,319.35,465.78,314.625,997,3133,1133,3086,1328,1951
6317882,452.82,319.425,465.62,314.85,994,3134,1131,3088,1328,1952
6317884,453.46,317.775,465.38,314.325,1002,3116,1128,3082,1324,1955
6317886,453.3,318.675,465.38,314.475,1000,3126,1128,3084,1331,1952
6317888,452.98,318,465.7,314.475,996,3118,1132,3084,1327,1956
6317890,453.78,320.625,465.62,314.475,1004,3148,1131,3084,1328,1957
6317892,453.94,320.55,465.86,315.375,1006,3147,1133,3095,1333,1953
6317894,452.98,320.7,466.26,315.075,996,3148,1138,3091,1329,1959
6317896,452.82,319.875,465.7,314.85,995,3140,1132,3089,1331,1957
6317898,453.22,320.025,465.54,315.525,999,3141,1130,3096,1335,1957
6317900,454.02,321,465.62,315.375,1007,3152,1132,3095,1322,1959
6317902,452.74,321.525,465.7,316.125,993,3157,1131,3102,1329,1956
6317904,453.3,321.75,465.94,315.15,999,3161,1135,3092,1330,1951
6317906,453.14,320.55,466.26,315.75,998,3147,1137,3099,1327,1956
6317908,453.94,320.7,465.94,315.9,1006,3149,1134,3100,1325,1956
6317910,453.78,321.675,465.86,316.05,1004,3160,1133,3102,1327,1958
6317912,453.7,321.375,466.5,316.65,1003,3156,1140,3109,1321,1955
6317914,454.26,323.775,465.94,316.35,1008,3184,1134,3106,1330,1960
6317916,453.14,321.525,465.62,317.025,997,3158,1131,3113,1323,1957
6317918,453.62,322.125,465.54,316.725,1003,3165,1130,3110,1322,1961
6317920,454.18,322.5,465.62,316.8,1008,3170,1131,3111,1324,1958
6317922,454.26,322.05,466.02,316.95,1009,3165,1135,3113,1329,1961
6317924,454.1,321.525,466.1,317.175,1008,3160,1136,3115,1323,1962
6317926,454.98,321.15,466.58,317.325,1018,3156,1142,3118,1328,1962
6317928,455.14,322.5,467.14,316.275,1019,3171,1148,3107,1326,1956
6317930,455.14,322.35,466.26,316.65,1019,3170,1138,3111,1325,1958
6317932,454.58,320.55,465.78,315.975,1014,3149,1133,3103,1327,1956
6317934,453.78,317.85,465.3,314.85,1006,3119,1129,3090,1320,1957
6317936,452.74,318.975,463.86,313.05,995,3131,1114,3070,1326,1953
6317938,452.02,317.025,463.94,312.225,988,3110,1115,3061,1323,1954
6317940,452.1,317.475,464.02,312.6,989,3114,1116,3065,1327,1953
6317942,452.5,316.275,463.86,311.625,993,3102,1115,3054,1319,1953
6317944,452.74,317.85,463.78,311.7,996,3119,1114,3055,1319,1952
6317946,452.26,316.8,463.3,311.25,991,3107,1109,3050,1316,1953
6317948,452.02,316.875,463.22,311.025,988,3108,1109,3047,1319,1949
6317950,451.62,315.525,462.9,310.875,985,3093,1106,3046,1318,1952
6317952,452.34,315.75,463.46,311.55,993,3096,1112,3053,1324,1949
6317954,452.9,316.125,463.14,310.8,999,3100,1108,3045,1322,1953
6317956,452.82,315.825,463.3,311.175,998,3095,1110,3048,1320,1949
6317958,452.66,316.875,463.3,311.025,996,3107,1111,3046,1323,1949
6317960,452.82,315.6,463.22,310.275,999,3093,1109,3038,1317,1949
6317962,452.9,316.35,463.3,310.5,999,3101,1110,3040,1323,1946
6317964,451.78,314.55,463.7,310.95,988,3080,1115,3045,1319,1954
6317966,452.26,314.85,463.38,310.35,993,3083,1111,3038,1323,1944
6317968,452.42,314.775,463.06,310.95,995,3082,1108,3044,1322,1949
6317970,452.42,314.4,463.38,310.8,994,3078,1111,3043,1319,1949
6317972,453.06,315.6,463.14,310.875,1001,3090,1109,3042,1317,1948
6317974,452.1,314.475,463.14,310.425,991,3078,1109,3038,1322,1950
6317976,451.46,316.575,462.98,310.425,985,3100,1108,3037,1326,1950
6317978,451.7,315.675,462.82,310.725,987,3090,1106,3040,1321,1951
6317980,451.54,315.6,462.98,311.325,986,3089,1108,3046,1318,1949
6317982,452.1,317.4,463.14,311.175,991,3109,1110,3044,1326,1952
6317984,451.22,317.1,462.58,311.55,982,3105,1103,3048,1320,1953
6317986,452.9,316.275,463.22,311.1,1000,3096,1110,3043,1323,1954
6317988,453.54,317.55,463.14,311.475,1006,3110,1110,3047,1319,1953
6317990,452.34,316.125,463.38,311.7,994,3094,1112,3049,1315,1953
6317992,451.78,315.6,463.22,311.475,989,3088,1111,3047,1321,1953
6317994,452.02,317.025,463.22,312.075,990,3104,1110,3053,1329,1955
6317996,451.62,317.175,462.98,312.375,987,3106,1108,3057,1326,1957
6317998,450.82,317.85,463.14,313.125,978,3112,1110,3065,1325,1959
6318000,452.5,318.15,463.3,313.05,996,3117,1112,3064,1322,1958
6318002,451.94,319.2,463.14,312.75,990,3129,1110,3061,1328,1958
6318004,451.7,318.3,463.38,312.75,988,3118,1113,3061,1322,1956
6318006,451.86,317.4,463.7,312.825,989,3109,1116,3063,1323,1958
6318008,451.3,319.95,463.62,314.1,983,3137,1115,3077,1320,1962
6318010,451.14,318.375,463.54,313.425,982,3120,1114,3069,1321,1958
6318012,451.06,318.15,463.3,314.85,981,3118,1111,3086,1322,1962
6318014,451.78,320.625,463.54,313.2,987,3146,1114,3068,1325,1956
6318016,452.1,318.75,463.7,314.85,992,3126,1115,3087,1325,1962
6318018,451.38,320.1,463.62,314.4,983,3141,1114,3082,1328,1964
6318020,452.34,320.25,463.38,313.65,993,3143,1112,3074,1331,1956
6318022,451.46,320.625,463.7,313.65,984,3147,1115,3074,1324,1957
6318024,451.46,320.025,463.38,314.175,984,3141,1111,3081,1330,1961
6318026,450.74,319.95,463.22,313.65,976,3140,1110,3075,1329,1959
6318028,451.22,319.425,463.7,312.6,981,3135,1115,3064,1323,1958
6318030,451.7,319.5,463.38,313.425,986,3136,1111,3073,1328,1958
6318032,450.66,319.125,463.62,313.5,976,3132,1113,3074,1327,1960
6318034,451.46,319.875,463.62,313.2,984,3140,1114,3071,1331,1957
6318036,450.9,320.1,463.3,313.95,977,3143,1110,3079,1329,1963
6318038,450.66,318.825,463.54,312.75,975,3128,1113,3066,1328,1958
6318040,450.1,319.275,464.02,312.6,969,3133,1118,3064,1327,1959
6318042,450.58,317.625,463.38,312.525,975,3115,1111,3064,1325,1960
6318044,450.5,318.675,463.46,312.075,973,3127,1111,3059,1325,1956
6318046,450.18,318.75,462.9,311.625,970,3128,1106,3053,1327,1955
6318048,450.5,317.1,463.14,312.225,973,3109,1108,3060,1324,1958
6318050,450.42,317.025,462.42,311.25,973,3108,1101,3049,1327,1953
6318052,449.7,317.25,462.82,311.625,965,3110,1105,3052,1321,1954
6318054,450.18,317.625,462.9,311.85,970,3114,1106,3055,1329,1956
6318056,449.86,317.475,462.02,311.475,966,3112,1096,3050,1322,1956
6318058,449.54,315.9,462.58,310.725,963,3094,1102,3042,1327,1956
6318060,449.38,316.95,462.34,310.875,961,3105,1099,3043,1326,1955
6318062,449.3,316.725,462.5,310.95,960,3103,1101,3044,1322,1955
6318064,449.7,315.45,462.34,311.025,964,3087,1099,3043,1323,1958
6318066,449.54,317.1,462.82,311.25,962,3106,1104,3046,1324,1953
6318068,448.98,316.05,462.26,310.65,956,3093,1098,3038,1322,1950
6318070,450.26,316.95,462.42,311.4,969,3104,1099,3046,1318,1952
6318072,449.14,317.4,462.18,311.625,957,3107,1096,3048,1325,1952
6318074,449.46,316.95,462.42,311.775,960,3102,1098,3049,1321,1955
6318076,450.1,317.025,463.06,311.625,966,3103,1105,3048,1325,1954
6318078,449.38,317.4,462.74,311.55,959,3106,1101,3047,1329,1950
6318080,450.02,320.025,462.58,311.85,964,3135,1099,3049,1324,1954
6318082,450.26,318,462.98,311.775,968,3112,1104,3049,1325,1953
6318084,450.1,318.375,462.82,312.6,965,3116,1101,3057,1327,1957
6318086,450.02,319.875,463.22,312.45,964,3133,1106,3055,1321,1956
6318088,450.02,319.425,462.98,312.825,964,3127,1103,3059,1322,1956
6318090,449.78,321.3,463.38,313.05,961,3148,1107,3062,1333,1955
6318092,450.18,318.9,463.3,313.05,966,3121,1106,3061,1329,1956
6318094,449.7,320.4,463.7,312.675,960,3137,1110,3057,1326,1956
6318096,450.26,320.1,463.38,312.75,966,3134,1106,3057,1321,1956
6318098,450.34,320.325,463.78,313.275,967,3136,1111,3064,1326,1957
6318100,450.1,319.65,463.7,312.825,964,3128,1110,3058,1322,1954
6318102,450.42,320.625,463.54,312.675,967,3139,1108,3056,1323,1955
6318104,450.1,320.1,463.86,312.75,964,3133,1111,3057,1325,1956
6318106,450.34,321.45,464.1,312.6,966,3148,1113,3055,1325,1959
6318108,450.34,319.575,463.62,312.45,966,3128,1108,3054,1324,1953
6318110,451.22,320.4,464.18,312.225,975,3137,1114,3051,1326,1953
6318112,450.66,319.125,464.02,312.15,970,3123,1113,3051,1320,1955
6318114,450.98,320.4,463.86,312.15,972,3137,1111,3050,1325,1952
6318116,451.62,319.8,464.42,311.4,979,3131,1117,3043,1324,1949
6318118,450.98,319.35,464.34,312,973,3125,1116,3049,1320,1955
6318120,451.7,319.65,464.74,311.85,980,3129,1121,3048,1321,1951
6318122,451.78,318.375,464.9,311.475,982,3115,1122,3044,1327,1952
6318124,451.7,317.25,465.14,311.1,981,3103,1125,3040,1324,1954
6318126,451.14,318,464.98,311.25,975,3111,1123,3042,1324,1953
6318128,451.46,318.6,464.9,311.475,979,3118,1122,3044,1329,1954
6318130,451.3,318.15,465.14,311.775,977,3113,1125,3048,1320,1953
6318132,451.54,317.7,465.46,311.625,980,3108,1128,3047,1320,1953
6318134,451.38,318.675,465.22,311.625,978,3119,1127,3046,1324,1952
6318136,451.78,320.1,464.98,311.7,982,3135,1124,3047,1325,1954
6318138,452.1,318.375,465.14,312.075,987,3116,1125,3051,1321,1951
6318140,451.54,321.375,465.14,311.85,980,3149,1126,3049,1326,1950
6318142,451.86,320.55,465.3,312.45,983,3140,1128,3055,1323,1950
6318144,451.14,319.725,465.06,312.6,976,3131,1126,3057,1325,1951
6318146,451.46,318.6,465.62,312.3,980,3119,1132,3054,1320,1947
6318148,452.02,320.475,465.62,312.525,987,3140,1132,3057,1322,1948
6318150,451.94,321.9,466.1,312.675,985,3155,1137,3058,1328,1946
6318152,452.5,320.175,466.18,312.45,992,3137,1139,3056,1324,1949
6318154,452.18,320.7,466.18,312.75,989,3142,1139,3060,1324,1944
6318156,452.1,321,466.02,312.975,989,3146,1137,3062,1323,1944
6318158,451.86,321.15,465.94,312.9,986,3147,1137,3062,1322,1949
6318160,450.74,320.925,466.26,312.975,974,3145,1141,3063,1319,1949
6318162,451.14,321.45,466.18,312.9,979,3151,1140,3062,1321,1945
6318164,451.38,322.8,466.82,313.05,982,3166,1147,3064,1323,1943
6318166,451.46,321,466.42,312.9,983,3146,1143,3062,1324,1943
6318168,451.14,320.325,466.34,313.125,980,3139,1143,3065,1319,1943
6318170,451.7,321.45,466.82,312.825,985,3152,1148,3062,1326,1943
6318172,452.34,320.55,466.66,312.15,993,3143,1147,3055,1324,1939
6318174,452.1,321.75,466.74,312.75,991,3155,1147,3062,1320,1944
6318176,452.18,320.7,466.66,312.9,992,3144,1147,3064,1319,1943
6318178,451.78,321.075,466.58,312.975,988,3149,1146,3065,1319,1942
6318180,452.02,320.25,466.34,312.675,990,3140,1144,3062,1324,1942
6318182,451.06,321.375,466.66,312.9,980,3152,1148,3064,1320,1944
6318184,452.1,319.575,466.5,312.225,992,3133,1146,3057,1322,1942
6318186,452.5,321,466.1,312.3,996,3149,1142,3058,1323,1942
6318188,451.78,321.6,466.66,312.6,988,3156,1148,3062,1321,1942
6318190,451.22,320.625,466.18,312.45,983,3145,1143,3060,1324,1941
6318192,451.78,320.775,466.66,312.3,989,3147,1148,3059,1320,1939
6318194,451.7,320.85,466.26,312.375,988,3148,1145,3060,1324,1941
6318196,451.86,319.425,466.18,312.675,991,3133,1144,3063,1318,1940
6318198,451.7,319.35,466.34,312,989,3131,1146,3056,1320,1939
6318200,451.62,320.85,466.02,312.675,988,3148,1142,3063,1324,1939
6318202,451.38,319.8,466.58,312.225,985,3137,1148,3059,1320,1939
6318204,451.78,319.65,466.74,312.075,989,3135,1150,3057,1316,1938
6318206,451.38,320.475,466.66,311.775,985,3144,1149,3054,1322,1939
6318208,451.54,319.65,466.66,312.375,987,3135,1149,3061,1321,1937
6318210,451.62,319.125,466.18,311.925,988,3130,1144,3056,1326,1938
6318212,451.06,320.475,466.42,312.225,982,3144,1146,3059,1323,1938
6318214,450.66,319.575,465.94,312.375,978,3135,1141,3061,1320,1940
6318216,451.06,320.25,466.18,312.225,981,3142,1143,3059,1316,1937
6318218,451.86,320.1,466.18,312.075,990,3141,1143,3058,1325,1938
6318220,450.98,319.05,466.58,312.075,981,3129,1148,3058,1313,1937
6318222,450.9,320.4,465.94,312,980,3144,1141,3057,1325,1934
6318224,450.82,321.075,466.34,312.825,978,3151,1145,3065,1319,1934
6318226,450.9,319.95,466.5,312.675,979,3139,1147,3064,1318,1935
6318228,451.54,321.9,466.26,312.375,986,3160,1144,3060,1320,1931
6318230,450.82,320.625,466.18,312.975,978,3146,1143,3067,1323,1935
6318232,450.98,321.15,465.94,312.825,980,3152,1141,3065,1317,1933
6318234,451.14,320.325,466.02,312.6,982,3143,1141,3063,1320,1932
6318236,451.3,321.075,466.18,312.975,984,3151,1143,3067,1319,1933
6318238,450.98,318.9,465.7,313.05,981,3126,1138,3067,1316,1937
6318240,450.98,320.4,465.62,312.9,980,3143,1137,3066,1319,1931
6318242,450.5,319.275,465.7,312.75,975,3130,1138,3064,1316,1928
6318244,451.78,322.65,465.86,312.525,988,3169,1140,3062,1316,1930
6318246,451.54,320.55,465.78,312.525,986,3145,1139,3062,1320,1929
6318248,451.06,320.25,465.46,312.525,981,3141,1136,3061,1318,1930
6318250,451.54,320.475,465.7,311.7,986,3144,1139,3053,1314,1931
6318252,451.22,320.925,465.46,312.225,982,3148,1135,3057,1317,1926
6318254,451.7,321,465.46,311.475,988,3149,1135,3050,1318,1930
6318256,450.9,320.4,465.06,311.625,980,3142,1132,3050,1314,1926
6318258,451.3,320.925,465.06,311.775,983,3148,1131,3052,1316,1925
6318260,451.14,321.3,465.14,311.1,982,3152,1133,3044,1318,1927
6318262,450.98,318.675,465.46,311.85,981,3123,1135,3052,1312,1926
6318264,450.82,319.875,464.98,312,979,3135,1131,3054,1317,1920
6318266,450.5,320.175,464.9,311.1,975,3139,1130,3044,1318,1923
6318268,452.1,318.975,464.66,311.925,992,3126,1127,3053,1312,1921
6318270,451.54,319.8,464.74,311.175,986,3134,1129,3045,1315,1925
6318272,450.26,318,465.22,311.1,974,3114,1134,3044,1312,1925
6318274,451.86,318.9,465.3,311.325,990,3125,1134,3046,1311,1923
6318276,450.74,318.975,464.98,312.075,978,3125,1131,3054,1314,1920
6318278,450.82,320.25,465.06,311.025,979,3138,1132,3042,1313,1924
6318280,451.46,319.725,464.74,311.325,986,3133,1128,3045,1315,1920
6318282,451.46,319.2,464.82,311.775,986,3127,1129,3050,1316,1920
6318284,451.38,318.75,465.14,311.85,986,3122,1133,3051,1309,1922
6318286,451.78,319.5,465.14,311.85,989,3130,1133,3051,1311,1920
6318288,451.7,319.575,465.38,312.45,989,3130,1135,3057,1311,1921
6318290,452.42,321.075,465.06,311.7,996,3148,1132,3049,1313,1919
6318292,451.78,320.4,465.3,311.85,989,3140,1135,3050,1310,1917
6318294,453.14,320.7,464.98,311.7,1004,3143,1132,3049,1308,1919
6318296,452.34,321,465.46,312.45,995,3147,1137,3057,1317,1920
6318298,453.3,319.575,465.46,311.7,1006,3131,1137,3049,1310,1918
6318300,452.9,319.725,465.54,312.075,1002,3132,1138,3053,1312,1919
6318302,453.38,319.875,465.7,311.4,1008,3134,1140,3046,1310,1913
6318304,452.34,319.725,465.62,311.7,997,3132,1139,3049,1311,1917
6318306,452.9,319.8,465.54,311.475,1002,3134,1138,3046,1309,1919
6318308,452.98,319.65,465.62,311.85,1004,3132,1139,3050,1308,1917
6318310,453.06,319.5,465.7,311.325,1004,3130,1141,3045,1310,1913
6318312,453.14,321.375,465.78,311.85,1005,3151,1141,3051,1303,1914
6318314,453.3,321.225,466.18,311.55,1006,3150,1146,3047,1311,1913
6318316,453.46,319.725,465.62,311.325,1009,3133,1140,3045,1307,1916
6318318,453.14,320.4,465.38,311.25,1005,3140,1137,3043,1307,1914
6318320,453.22,319.2,466.26,311.7,1006,3127,1146,3049,1309,1911
6318322,453.14,320.55,465.78,311.4,1005,3142,1141,3046,1311,1912
6318324,452.58,321,465.46,311.85,999,3146,1138,3050,1305,1912
6318326,453.22,319.8,465.54,312.075,1007,3134,1139,3053,1308,1913
6318328,453.22,320.625,465.62,311.4,1006,3143,1140,3045,1299,1911
6318330,452.98,320.625,465.78,311.775,1004,3142,1141,3050,1307,1912
6318332,452.74,319.575,465.54,311.4,1002,3131,1139,3045,1305,1913
6318334,452.58,321,465.62,311.625,1000,3147,1140,3048,1300,1913
6318336,452.5,319.575,465.38,311.475,999,3130,1138,3046,1306,1912
6318338,452.58,319.65,464.9,312.225,1000,3132,1133,3054,1304,1912
6318340,452.5,320.025,464.66,311.7,1000,3135,1131,3048,1304,1914
6318342,453.06,320.25,465.06,311.55,1006,3138,1135,3047,1306,1911
6318344,453.14,320.175,464.58,311.4,1006,3137,1130,3044,1300,1911
6318346,453.3,319.875,464.98,311.7,1008,3134,1134,3048,1303,1910
6318348,452.9,320.175,464.98,312,1004,3137,1133,3051,1300,1911
6318350,452.66,320.925,464.82,311.625,1001,3145,1132,3047,1303,1911
6318352,452.82,320.1,464.66,311.55,1003,3135,1130,3045,1303,1913
6318354,452.66,319.875,465.06,311.925,1001,3133,1134,3049,1308,1912
6318356,452.18,320.025,464.9,311.55,996,3134,1132,3046,1305,1912
6318358,452.9,319.5,464.82,311.475,1003,3129,1132,3045,1302,1912
6318360,452.42,319.5,464.98,311.1,998,3128,1134,3040,1305,1910
6318362,452.58,321,464.58,311.4,1000,3144,1129,3044,1300,1914
6318364,452.98,319.65,464.58,311.775,1005,3130,1129,3048,1306,1911
6318366,452.02,318.525,464.58,311.4,995,3117,1129,3043,1304,1914
6318368,452.5,320.925,464.66,312,999,3143,1129,3050,1302,1911
6318370,452.9,320.1,464.34,311.7,1003,3135,1127,3046,1301,1915
6318372,452.98,319.575,464.74,311.625,1004,3128,1131,3046,1296,1912
6318374,452.34,319.425,463.78,311.55,998,3127,1121,3044,1299,1912
6318376,452.74,319.575,464.58,311.775,1001,3129,1128,3046,1299,1911
6318378,452.66,318.6,464.58,311.7,1001,3118,1129,3046,1305,1915
6318380,453.3,320.25,464.42,311.25,1006,3136,1126,3041,1303,1912
6318382,452.82,318.825,464.58,311.4,1002,3120,1128,3042,1303,1909
6318384,453.22,319.725,464.82,311.55,1005,3130,1130,3044,1303,1914
6318386,452.58,319.125,464.18,311.925,999,3123,1124,3048,1299,1914
6318388,452.9,318.6,463.78,312.15,1003,3118,1119,3050,1300,1909
6318390,452.1,320.475,464.1,311.85,993,3138,1122,3047,1299,1911
6318392,452.9,320.925,464.58,311.55,1001,3143,1128,3044,1304,1911
6318394,453.14,319.2,464.1,312.3,1005,3124,1122,3052,1299,1909
6318396,452.82,320.625,464.9,311.7,1001,3139,1131,3045,1297,1912
6318398,453.62,319.35,464.18,312.225,1010,3125,1123,3051,1299,1912
6318400,452.9,319.725,464.1,312.3,1002,3129,1122,3051,1299,1909
6318402,453.38,318.3,464.5,312,1007,3114,1126,3048,1299,1911
6318404,452.82,319.125,464.9,312.15,1001,3123,1130,3050,1295,1911
6318406,452.98,318.45,464.5,311.85,1002,3115,1126,3047,1298,1913
6318408,453.3,319.95,464.42,312.45,1005,3132,1125,3053,1302,1910
6318410,453.46,317.775,465.06,312,1007,3108,1132,3049,1298,1912
6318412,453.46,320.1,464.42,312.075,1007,3134,1125,3048,1296,1911
6318414,452.9,319.8,464.42,311.625,1001,3130,1125,3044,1302,1911
6318416,454.66,319.425,464.9,312,1020,3126,1130,3048,1297,1910
6318418,453.78,318.3,464.58,311.85,1011,3113,1127,3046,1296,1910
6318420,452.9,321.075,464.66,311.85,1001,3144,1128,3046,1299,1909
6318422,453.86,318.3,464.9,312.375,1012,3113,1131,3053,1298,1909
6318424,453.54,320.475,464.34,312.45,1008,3137,1124,3053,1298,1910
6318426,453.46,320.4,464.82,311.7,1007,3136,1130,3045,1300,1910
6318428,454.74,320.55,464.26,311.925,1021,3139,1124,3047,1298,1911
6318430,453.46,320.55,464.5,312.9,1007,3138,1127,3058,1297,1909
6318432,454.18,320.1,464.82,312.075,1015,3133,1131,3049,1297,1910
6318434,454.5,319.575,464.82,312.3,1019,3128,1130,3051,1297,1911
6318436,454.42,318.375,464.9,312.225,1019,3114,1132,3050,1295,1909
6318438,454.26,320.325,465.06,311.775,1017,3136,1134,3045,1300,1910
6318440,453.14,320.025,465.06,312,1006,3132,1134,3048,1299,1908
6318442,454.5,319.5,464.5,311.775,1021,3127,1128,3045,1297,1913
6318444,454.02,318.9,464.9,312.375,1016,3119,1133,3052,1298,1906
6318446,453.14,320.55,464.74,312.3,1007,3137,1131,3051,1297,1907
6318448,453.86,319.575,464.66,311.85,1016,3127,1132,3046,1300,1909
6318450,454.5,319.35,464.58,312.45,1022,3124,1131,3052,1295,1909
6318452,454.5,319.725,465.06,311.85,1023,3129,1137,3046,1295,1905
6318454,453.86,319.65,464.82,312.15,1016,3128,1135,3049,1292,1908
6318456,454.34,320.025,464.9,312.225,1022,3132,1136,3050,1302,1908
6318458,454.18,320.1,464.74,312,1021,3132,1134,3047,1295,1906
6318460,453.54,320.25,464.82,311.775,1014,3134,1136,3045,1295,1905
6318462,454.58,318.675,464.66,312.75,1025,3117,1134,3056,1296,1909
6318464,453.62,320.55,464.98,312.15,1016,3137,1138,3049,1297,1906
6318466,453.94,319.725,464.9,311.7,1019,3128,1137,3044,1295,1908
6318468,454.1,319.725,464.74,312.225,1021,3129,1136,3050,1297,1908
6318470,453.94,318.75,464.9,311.925,1020,3118,1138,3046,1294,1907
6318472,453.86,319.95,464.82,311.7,1019,3131,1137,3044,1295,1905
6318474,453.86,320.775,464.66,311.7,1020,3140,1136,3044,1301,1910
6318476,454.42,319.725,464.26,311.55,1026,3129,1133,3042,1299,1909
6318478,453.7,320.325,464.66,311.925,1019,3135,1136,3046,1297,1907
6318480,453.78,319.65,464.82,311.775,1020,3128,1139,3045,1295,1911
6318482,453.78,319.575,464.9,311.85,1020,3127,1139,3046,1300,1905
6318484,454.02,319.875,464.74,311.7,1023,3131,1139,3044,1298,1908
6318486,454.1,320.325,464.98,311.025,1024,3135,1141,3037,1297,1908
6318488,454.58,318.3,464.74,312,1030,3114,1139,3048,1297,1906
6318490,453.94,318.375,464.66,311.475,1023,3114,1138,3042,1297,1907
6318492,454.42,318.975,464.5,311.55,1028,3121,1137,3043,1299,1908
6318494,453.54,318.6,464.66,310.725,1018,3117,1139,3034,1296,1907
6318496,453.62,319.275,464.66,311.7,1019,3125,1138,3045,1295,1906
6318498,454.58,319.275,464.9,311.25,1029,3125,1141,3040,1298,1907
6318500,454.34,318.825,464.82,311.85,1027,3120,1139,3047,1297,1903
6318502,453.54,319.125,464.58,311.475,1018,3123,1137,3043,1296,1904
6318504,454.34,319.575,464.74,311.4,1026,3128,1138,3042,1295,1910
6318506,454.18,317.925,464.74,311.4,1025,3110,1138,3042,1292,1902
6318508,453.94,318.975,464.58,311.025,1022,3122,1138,3038,1292,1905
6318510,454.18,319.65,464.66,312,1024,3129,1138,3048,1297,1904
6318512,454.66,318.375,464.58,311.625,1030,3116,1137,3045,1293,1903
6318514,454.1,318.675,463.78,312.225,1024,3118,1128,3050,1295,1902
6318516,454.34,319.8,464.34,312.225,1026,3131,1134,3051,1293,1903
6318518,454.98,317.85,463.78,312.3,1034,3110,1128,3052,1288,1900
6318520,454.74,320.1,463.94,312.45,1030,3135,1130,3053,1291,1903
6318522,454.66,320.625,463.46,312.525,1029,3141,1125,3055,1289,1900
6318524,455.7,319.5,463.38,312.6,1040,3129,1124,3055,1290,1899
6318526,456.18,319.5,462.66,312.825,1046,3129,1116,3057,1288,1901
6318528,457.78,319.95,462.1,312.675,1062,3134,1110,3056,1289,1896
6318530,458.18,319.05,461.86,313.65,1066,3124,1108,3066,1286,1898
6318532,458.58,318.9,460.9,313.575,1071,3123,1097,3065,1287,1891
6318534,458.5,321.375,459.7,313.425,1069,3150,1084,3063,1284,1894
6318536,459.7,321.525,459.54,312.75,1082,3152,1082,3055,1276,1891
6318538,462.34,320.25,458.58,311.85,1110,3139,1073,3045,1274,1888
6318540,464.58,318.225,457.94,311.925,1134,3117,1065,3046,1275,1889
6318542,466.18,321.675,456.42,310.95,1150,3156,1050,3034,1272,1887
6318544,468.66,319.5,455.46,311.025,1177,3132,1040,3034,1273,1884
6318546,469.3,319.05,453.38,312.15,1184,3128,1018,3046,1272,1872
6318548,472.98,317.7,453.3,314.175,1222,3115,1016,3069,1266,1856
6318550,473.94,323.175,454.02,317.025,1231,3175,1023,3100,1252,1838
6318552,475.7,331.2,452.5,337.5,1247,3264,1000,3326,1218,1740
6318554,477.86,346.275,449.14,356.925,1265,3432,958,3541,1175,1653
6318556,481.06,357.6,446.02,383.175,1296,3560,915,3834,1129,1528
6318558,482.9,383.175,440.98,407.1,1308,3848,852,4102,1036,1403
6318560,483.54,413.1,435.62,437.55,1305,4186,784,4446,925,1256
6318562,482.1,433.275,434.34,468.825,1285,4416,759,4805,840,1101
6318564,483.38,455.4,429.22,498.675,1292,4669,692,5150,758,951
6318566,486.66,480.825,423.62,529.125,1319,4964,619,5503,663,796
6318568,491.62,506.55,422.58,559.35,1365,5266,595,5861,575,645
6318570,493.46,531.825,413.46,581.85,1379,5564,485,6125,487,509
6318572,499.62,559.425,409.78,609.15,1438,5893,432,6450,387,379
6318574,NaN,NaN,NaN,NaN,NaN,NaN,NaN,NaN,0,0
6318576,NaN,NaN,NaN,NaN,NaN,NaN,NaN,NaN,0,0
6318578,NaN,NaN,NaN,NaN,NaN,NaN,NaN,NaN,0,0
6318580,NaN,NaN,NaN,NaN,NaN,NaN,NaN,NaN,0,0
6318582,NaN,NaN,NaN,NaN,NaN,NaN,NaN,NaN,0,0
6318584,NaN,NaN,NaN,NaN,NaN,NaN,NaN,NaN,0,0
6318586,NaN,NaN,NaN,NaN,NaN,NaN,NaN,NaN,0,0
6318588,NaN,NaN,NaN,NaN,NaN,NaN,NaN,NaN,0,0
6318590,NaN,NaN,NaN,NaN,NaN,NaN,NaN,NaN,0,0
6318592,NaN,NaN,NaN,NaN,NaN,NaN,NaN,NaN,0,0
6318594,NaN,NaN,NaN,NaN,NaN,NaN,NaN,NaN,0,0
6318596,NaN,NaN,NaN,NaN,NaN,NaN,NaN,NaN,0,0
6318598,NaN,NaN,NaN,NaN,NaN,NaN,NaN,NaN,0,0
6318600,NaN,NaN,NaN,NaN,NaN,NaN,NaN,NaN,0,0
6318602,NaN,NaN,NaN,NaN,NaN,NaN,NaN,NaN,0,0
6318604,NaN,NaN,NaN,NaN,NaN,NaN,NaN,NaN,0,0
6318606,NaN,NaN,NaN,NaN,NaN,NaN,NaN,NaN,0,0
6318608,NaN,NaN,NaN,NaN,NaN,NaN,NaN,NaN,0,0
6318610,NaN,NaN,NaN,NaN,NaN,NaN,NaN,NaN,0,0
6318612,NaN,NaN,NaN,NaN,NaN,NaN,NaN,NaN,0,0
6318614,NaN,NaN,NaN,NaN,NaN,NaN,NaN,NaN,0,0
6318616,NaN,NaN,NaN,NaN,NaN,NaN,NaN,NaN,0,0
6318618,NaN,NaN,NaN,NaN,NaN,NaN,NaN,NaN,0,0
6318620,NaN,NaN,NaN,NaN,NaN,NaN,NaN,NaN,0,0
6318622,NaN,NaN,NaN,NaN,NaN,NaN,NaN,NaN,0,0
6318624,NaN,NaN,NaN,NaN,NaN,NaN,NaN,NaN,0,0
6318626,NaN,NaN,NaN,NaN,NaN,NaN,NaN,NaN,0,0
6318628,NaN,NaN,NaN,NaN,NaN,NaN,NaN,NaN,0,0
6318630,NaN,NaN,NaN,NaN,NaN,NaN,NaN,NaN,0,0
6318632,NaN,NaN,NaN,NaN,NaN,NaN,NaN,NaN,0,0
6318634,NaN,NaN,NaN,NaN,NaN,NaN,NaN,NaN,0,0
6318636,NaN,NaN,NaN,NaN,NaN,NaN,NaN,NaN,0,0
6318638,NaN,NaN,NaN,NaN,NaN,NaN,NaN,NaN,0,0
6318640,NaN,NaN,NaN,NaN,NaN,NaN,NaN,NaN,0,0
6318642,NaN,NaN,NaN,NaN,NaN,NaN,NaN,NaN,0,0
6318644,NaN,NaN,NaN,NaN,NaN,NaN,NaN,NaN,0,0
6318646,NaN,NaN,NaN,NaN,NaN,NaN,NaN,NaN,0,0
6318648,NaN,NaN,NaN,NaN,NaN,NaN,NaN,NaN,0,0
6318650,NaN,NaN,NaN,NaN,NaN,NaN,NaN,NaN,0,0
6318652,NaN,NaN,NaN,NaN,NaN,NaN,NaN,NaN,0,0
6318654,NaN,NaN,NaN,NaN,NaN,NaN,NaN,NaN,0,0
6318656,NaN,NaN,NaN,NaN,NaN,NaN,NaN,NaN,0,0
6318658,NaN,NaN,NaN,NaN,NaN,NaN,NaN,NaN,0,0
6318660,NaN,NaN,NaN,NaN,NaN,NaN,NaN,NaN,0,0
6318662,NaN,NaN,NaN,NaN,NaN,NaN,NaN,NaN,0,0
6318664,NaN,NaN,NaN,NaN,NaN,NaN,NaN,NaN,0,0
6318666,NaN,NaN,NaN,NaN,NaN,NaN,NaN,NaN,0,0
6318668,NaN,NaN,NaN,NaN,NaN,NaN,NaN,NaN,0,0
6318670,NaN,NaN,NaN,NaN,NaN,NaN,NaN,NaN,0,0
6318672,NaN,NaN,NaN,NaN,NaN,NaN,NaN,NaN,0,0
6318674,NaN,NaN,NaN,NaN,NaN,NaN,NaN,NaN,0,0
6318676,NaN,NaN,NaN,NaN,NaN,NaN,NaN,NaN,0,0
6318678,NaN,NaN,NaN,NaN,NaN,NaN,NaN,NaN,0,0
6318680,NaN,NaN,NaN,NaN,NaN,NaN,NaN,NaN,0,0
6318682,NaN,NaN,NaN,NaN,NaN,NaN,NaN,NaN,0,0
6318684,NaN,NaN,NaN,NaN,NaN,NaN,NaN,NaN,0,0
6318686,460.74,545.7,NaN,NaN,1017,5708,NaN,NaN,314,0
6318688,460.74,545.775,NaN,NaN,1017,5708,NaN,NaN,314,0
6318690,459.14,529.275,450.02,552.975,1005,5513,897,5789,381,591
6318692,457.54,512.85,450.02,553.05,994,5319,897,5789,448,591
6318694,458.02,497.1,452.5,535.35,1005,5135,931,5581,495,672
6318696,458.5,481.35,454.9,517.425,1015,4952,963,5372,543,755
6318698,452.98,464.55,456.66,499.575,962,4755,989,5163,617,841
6318700,452.5,447.75,458.82,482.775,963,4562,1019,4968,658,918
6318702,450.26,438,460.98,465.375,942,4449,1048,4767,699,999
6318704,451.46,423.6,466.02,451.425,960,4286,1107,4610,755,1073
6318706,451.06,407.55,465.38,434.7,962,4103,1106,4417,813,1150
6318708,452.1,394.2,465.14,420.525,977,3952,1107,4256,871,1233
6318710,451.94,383.25,467.7,404.325,979,3829,1140,4072,900,1305
6318712,453.7,369.525,468.98,390.225,1003,3675,1158,3914,948,1371
6318714,454.02,359.925,471.38,380.325,1009,3568,1187,3804,981,1428
6318716,455.7,348.075,472.82,366.075,1031,3437,1207,3644,1024,1497
6318718,457.06,342.45,472.18,353.475,1048,3375,1204,3503,1053,1552
6318720,457.86,331.05,474.02,341.625,1060,3249,1227,3372,1090,1608
6318722,459.46,321.375,474.98,331.575,1080,3142,1241,3261,1116,1656
6318724,461.38,314.1,474.98,318.975,1102,3064,1244,3122,1143,1714
6318726,460.18,306.075,475.38,310.125,1092,2974,1251,3025,1174,1754
6318728,460.9,300.375,475.54,301.725,1102,2912,1256,2932,1185,1788
6318730,460.82,297.075,475.46,296.1,1102,2876,1256,2871,1200,1816
6318732,460.02,293.325,474.02,290.7,1094,2835,1243,2811,1215,1839
6318734,459.62,290.325,474.18,286.05,1091,2802,1246,2760,1230,1856
6318736,460.02,287.7,473.94,283.575,1097,2773,1243,2733,1230,1867
6318738,460.42,287.325,473.22,282.975,1100,2770,1236,2727,1236,1871
6318740,459.7,287.925,472.82,283.5,1093,2776,1232,2732,1240,1871
6318742,460.82,287.85,472.66,282.3,1104,2776,1231,2719,1240,1878
6318744,459.86,288.225,472.1,281.7,1094,2780,1225,2713,1235,1880
6318746,460.34,287.475,471.7,282.075,1099,2772,1220,2717,1236,1882
6318748,460.5,287.85,471.7,283.125,1101,2776,1220,2728,1234,1883
6318750,460.5,290.325,471.38,283.125,1100,2804,1216,2729,1239,1885
6318752,460.26,288,471.3,284.25,1098,2778,1215,2741,1236,1886
6318754,461.14,289.875,471.3,284.1,1107,2799,1216,2739,1238,1885
6318756,460.9,290.925,470.82,284.475,1104,2810,1210,2743,1243,1891
6318758,459.14,292.725,470.98,284.625,1085,2829,1212,2745,1241,1890
6318760,459.86,291,470.5,285.525,1094,2811,1207,2755,1241,1885
6318762,459.86,290.925,470.5,285.825,1093,2810,1206,2758,1236,1887
6318764,459.3,290.625,470.02,285.75,1088,2807,1202,2757,1242,1888
6318766,460.66,292.575,470.1,285.975,1101,2829,1203,2760,1244,1887
6318768,459.3,292.125,469.94,285.9,1087,2824,1201,2759,1245,1889
6318770,459.54,292.875,469.78,286.575,1090,2832,1199,2766,1245,1888
6318772,459.06,293.325,469.94,286.35,1084,2836,1201,2764,1248,1889
6318774,459.86,292.575,469.38,287.1,1093,2828,1194,2772,1246,1892
6318776,459.38,293.4,469.38,287.55,1088,2838,1194,2777,1247,1889
6318778,459.14,294.75,469.22,287.7,1085,2852,1193,2779,1254,1893
6318780,459.3,294.9,469.14,288.6,1087,2854,1192,2788,1252,1893
6318782,459.22,297.6,468.98,288.675,1085,2884,1190,2789,1255,1894
6318784,458.98,296.1,468.26,289.2,1083,2867,1182,2795,1257,1896
6318786,459.3,296.85,468.02,289.425,1086,2876,1180,2797,1257,1895
6318788,458.98,298.35,467.86,291.375,1082,2891,1177,2818,1257,1899
6318790,459.54,296.25,467.54,291.225,1088,2869,1174,2817,1251,1895
6318792,459.3,297.825,466.98,293.55,1085,2886,1167,2842,1258,1902
6318794,459.3,298.425,467.38,294.525,1085,2893,1171,2853,1263,1903
6318796,459.54,299.025,466.98,294.9,1088,2900,1167,2857,1262,1904
6318798,459.14,300.6,467.06,296.7,1082,2917,1167,2877,1263,1903
6318800,459.22,300.6,467.46,297.525,1083,2917,1171,2886,1265,1906
6318802,458.66,300.9,466.98,298.2,1077,2921,1165,2894,1258,1901
6318804,458.5,300.675,467.06,298.65,1075,2919,1166,2899,1271,1903
6318806,458.82,301.95,467.14,299.325,1078,2933,1166,2907,1271,1908
6318808,458.1,303,466.82,299.475,1070,2944,1163,2909,1270,1902
6318810,459.54,302.4,466.66,299.775,1085,2939,1160,2913,1264,1903
6318812,457.86,302.7,466.9,300,1067,2941,1163,2915,1261,1906
6318814,458.66,302.925,466.9,300.75,1075,2945,1163,2924,1269,1901
6318816,458.9,304.05,467.06,301.275,1077,2957,1164,2930,1268,1902
6318818,457.62,305.025,466.5,301.275,1063,2968,1158,2931,1267,1905
6318820,458.5,304.125,466.66,301.875,1073,2959,1159,2938,1267,1904
6318822,458.34,305.475,466.5,302.55,1070,2975,1157,2945,1265,1900
6318824,457.86,306.3,466.42,302.7,1064,2984,1156,2947,1270,1900
6318826,458.34,305.925,466.34,303.15,1069,2980,1154,2952,1266,1898
6318828,458.66,305.475,466.42,303.225,1073,2975,1155,2954,1267,1901
6318830,458.34,306,466.26,303,1069,2982,1153,2952,1266,1899
6318832,458.02,305.7,466.42,303.075,1065,2979,1154,2953,1265,1902
6318834,457.54,307.125,466.34,304.2,1060,2995,1153,2966,1268,1897
6318836,458.58,306.45,465.3,304.2,1070,2988,1142,2966,1266,1898
6318838,457.62,307.875,466.26,304.2,1060,3004,1152,2966,1274,1898
6318840,458.42,306.825,465.94,304.2,1068,2992,1149,2966,1271,1896
6318842,458.58,306.9,465.14,304.125,1070,2994,1140,2965,1265,1897
6318844,458.02,307.575,465.7,304.2,1064,3001,1145,2966,1265,1898
6318846,457.94,306.975,465.46,305.25,1063,2994,1142,2978,1267,1899
6318848,458.18,307.875,465.14,304.5,1065,3004,1139,2970,1267,1899
6318850,458.02,308.325,465.06,304.2,1064,3009,1139,2966,1263,1897
6318852,457.78,308.85,465.22,304.875,1061,3015,1140,2973,1272,1899
6318854,458.5,308.25,465.06,304.35,1068,3008,1139,2968,1267,1899
6318856,457.62,308.7,465.38,304.95,1059,3013,1142,2974,1271,1900
6318858,456.66,308.775,465.06,305.775,1049,3013,1138,2983,1271,1897
6318860,458.18,308.85,464.74,305.325,1064,3014,1135,2978,1269,1897
6318862,457.54,308.925,464.74,305.7,1057,3014,1134,2982,1269,1898
6318864,457.46,306.9,465.14,306.075,1057,2992,1139,2986,1273,1895
6318866,457.06,308.925,464.58,306.45,1053,3013,1133,2989,1273,1895
6318868,457.86,310.5,464.82,306.15,1060,3031,1135,2986,1273,1894
6318870,457.7,309.45,465.14,306.375,1059,3019,1139,2987,1275,1892
6318872,457.3,308.7,464.34,306.45,1055,3010,1130,2988,1274,1893
6318874,457.14,309.825,464.58,306.6,1053,3022,1132,2989,1274,1896
6318876,458.42,309.225,464.66,307.425,1066,3016,1133,2998,1276,1891
6318878,457.46,309,464.42,306.525,1056,3012,1130,2987,1274,1892
6318880,457.86,308.85,464.02,306.825,1061,3011,1126,2991,1270,1893
6318882,457.7,310.65,464.18,307.05,1059,3029,1128,2992,1278,1892
6318884,457.94,310.5,464.1,306.825,1061,3028,1127,2990,1274,1891
6318886,457.14,309.3,464.66,307.65,1053,3014,1132,2998,1275,1890
6318888,457.86,310.65,464.1,308.25,1060,3029,1126,3004,1274,1893
6318890,457.86,311.775,464.34,308.025,1059,3040,1128,3001,1273,1887
6318892,457.62,311.775,464.42,308.55,1056,3040,1129,3008,1278,1886
6318894,457.94,310.425,464.26,308.625,1060,3025,1127,3007,1273,1888
6318896,457.46,312.3,464.34,309.15,1055,3045,1128,3014,1274,1891
6318898,458.18,311.55,464.66,309,1062,3037,1131,3012,1275,1889
6318900,458.34,312.225,464.26,308.925,1063,3045,1127,3010,1275,1890
6318902,457.7,311.025,464.18,309.15,1056,3031,1125,3013,1275,1889
6318904,458.18,313.2,464.74,309.675,1061,3055,1131,3019,1277,1891
6318906,458.34,314.475,464.5,309.375,1061,3069,1128,3015,1275,1886
6318908,457.86,314.25,464.5,310.425,1056,3066,1128,3027,1276,1889
6318910,458.34,313.575,464.74,309.975,1061,3059,1130,3021,1279,1887
6318912,458.66,314.55,464.58,309.9,1065,3070,1129,3020,1274,1891
6318914,458.98,313.35,464.18,310.125,1069,3057,1124,3023,1276,1889
6318916,458.26,313.5,464.58,309.825,1061,3058,1129,3020,1273,1889
6318918,458.74,313.35,465.14,309.45,1066,3056,1134,3016,1272,1889
6318920,458.9,314.4,464.5,310.275,1067,3069,1128,3025,1274,1891
6318922,458.5,312.75,464.98,310.125,1063,3050,1132,3023,1274,1887
6318924,457.94,313.725,465.14,310.125,1057,3061,1133,3023,1273,1888
6318926,459.22,313.95,464.82,310.95,1069,3063,1130,3032,1277,1889
6318928,458.98,312.45,464.74,310.275,1068,3046,1129,3024,1279,1891
6318930,459.06,312.15,465.06,310.05,1068,3044,1132,3023,1279,1887
6318932,459.3,314.025,464.26,310.2,1070,3064,1124,3024,1274,1886
6318934,459.06,312.825,464.58,310.275,1067,3051,1127,3025,1277,1886
6318936,459.14,313.2,464.74,310.425,1068,3055,1128,3027,1277,1889
6318938,459.22,314.025,464.9,310.425,1069,3065,1130,3027,1274,1890
6318940,459.3,313.95,464.74,309.825,1069,3064,1129,3021,1277,1887
6318942,458.82,313.2,464.98,310.8,1064,3056,1131,3031,1278,1885
6318944,459.62,314.4,464.1,309.525,1072,3069,1121,3016,1277,1882
6318946,459.94,313.05,464.42,309.975,1076,3054,1124,3022,1272,1885
6318948,459.3,313.575,464.18,310.5,1070,3060,1122,3027,1277,1882
6318950,460.02,315.3,464.5,310.5,1076,3079,1125,3028,1273,1885
6318952,459.14,313.5,464.42,310.575,1068,3058,1124,3028,1273,1887
6318954,460.26,314.4,464.26,310.95,1079,3069,1122,3032,1280,1887
6318956,460.1,315.3,464.42,310.575,1077,3079,1124,3028,1276,1887
6318958,460.5,314.7,464.82,310.725,1081,3073,1128,3030,1277,1884
6318960,459.3,314.1,464.34,311.1,1068,3065,1123,3034,1276,1884
6318962,459.62,314.175,464.02,311.4,1071,3066,1118,3037,1275,1885
6318964,459.54,316.275,464.1,311.55,1070,3089,1119,3039,1277,1886
6318966,460.34,314.7,464.5,311.475,1078,3073,1123,3039,1275,1886
6318968,459.62,315,464.34,311.775,1070,3075,1121,3042,1274,1889
6318970,460.18,315.9,464.5,312.15,1075,3086,1123,3046,1273,1884
6318972,459.78,315.3,464.66,311.775,1072,3079,1124,3042,1277,1888
6318974,459.62,316.35,463.94,312.3,1069,3091,1116,3048,1276,1886
6318976,459.46,315.525,464.5,312.075,1068,3082,1123,3046,1279,1884
6318978,459.54,315.75,464.02,313.275,1068,3085,1116,3059,1281,1884
6318980,459.46,315.525,464.18,312.825,1068,3082,1118,3054,1278,1884
6318982,459.38,316.35,464.26,313.05,1066,3091,1119,3057,1280,1888
6318984,458.98,315.525,464.5,312.75,1062,3082,1121,3054,1285,1887
6318986,459.94,317.175,464.34,312.675,1071,3102,1119,3053,1277,1886
6318988,459.86,315,464.66,312.675,1072,3077,1123,3054,1284,1887
6318990,459.78,316.8,464.34,312.3,1069,3098,1119,3050,1281,1885
6318992,460.02,315.45,464.42,312.9,1073,3083,1120,3056,1280,1886
6318994,460.02,316.275,464.26,312.75,1071,3092,1118,3055,1278,1883
6318996,459.94,316.875,464.82,312.825,1070,3099,1123,3056,1281,1884
6318998,460.02,316.35,464.58,312.3,1071,3094,1120,3051,1283,1883
6319000,459.7,315.45,464.42,312.675,1067,3084,1118,3055,1279,1887
6319002,460.26,316.2,464.42,312.3,1072,3093,1118,3052,1280,1883
6319004,459.62,316.725,464.42,312.375,1066,3099,1118,3053,1289,1884
6319006,460.82,316.35,464.82,312.825,1078,3096,1121,3058,1283,1884
6319008,460.9,317.25,464.58,312.675,1078,3106,1119,3056,1280,1884
6319010,460.02,317.1,465.14,313.425,1068,3104,1123,3066,1281,1885
6319012,460.66,315.6,464.9,312.375,1076,3087,1122,3054,1287,1885
6319014,460.66,317.25,465.06,312.3,1074,3107,1122,3054,1287,1885
6319016,460.34,316.425,464.82,312.6,1071,3098,1120,3057,1287,1886
6319018,460.34,315.525,465.22,312.825,1070,3088,1123,3060,1283,1883
6319020,460.66,316.35,465.22,312.45,1073,3097,1123,3056,1285,1886
6319022,460.26,316.8,465.06,312.975,1068,3103,1120,3062,1286,1886
6319024,461.22,315.675,465.14,313.125,1079,3090,1121,3064,1284,1884
6319026,461.14,316.8,465.06,312.6,1077,3104,1119,3058,1282,1881
6319028,460.5,316.2,464.82,312,1071,3096,1117,3051,1288,1882
6319030,461.38,317.55,465.38,312.9,1078,3112,1121,3062,1281,1883
6319032,461.38,317.025,465.3,313.425,1079,3106,1121,3068,1284,1880
6319034,461.3,317.175,465.46,312.75,1077,3108,1122,3061,1282,1885
6319036,460.82,316.275,465.06,313.575,1072,3098,1118,3070,1287,1883
6319038,461.06,317.55,465.46,313.275,1074,3112,1122,3067,1282,1884
6319040,460.58,317.175,465.46,313.275,1068,3108,1121,3067,1285,1884
6319042,461.14,318.825,465.46,313.2,1074,3127,1121,3066,1289,1882
6319044,460.42,315.675,465.38,313.65,1067,3092,1120,3071,1282,1882
6319046,461.78,317.7,465.54,312.825,1080,3115,1121,3063,1284,1881
6319048,461.14,318,465.46,313.125,1073,3118,1120,3066,1284,1879
6319050,462.02,317.25,465.86,313.05,1082,3110,1123,3065,1286,1881
6319052,461.46,317.775,465.22,313.275,1076,3115,1117,3067,1286,1879
6319054,461.3,317.25,465.7,313.425,1074,3110,1121,3070,1287,1881
6319056,461.78,316.575,465.22,312.15,1079,3103,1117,3055,1287,1880
6319058,461.86,316.875,465.46,312.45,1079,3106,1118,3059,1285,1876
6319060,462.42,318.075,466.02,312.375,1085,3120,1124,3059,1283,1878
6319062,462.26,316.65,464.98,311.775,1084,3103,1113,3051,1288,1877
6319064,461.62,317.85,464.74,312.15,1076,3117,1111,3055,1282,1874
6319066,461.46,317.775,464.9,311.925,1074,3116,1113,3053,1286,1879
6319068,461.54,315.075,465.06,311.925,1076,3086,1114,3053,1289,1878
6319070,461.94,316.5,464.58,311.4,1080,3102,1108,3047,1290,1876
6319072,461.94,316.875,464.74,311.475,1079,3106,1111,3048,1288,1872
6319074,461.46,316.2,464.82,311.925,1074,3098,1111,3053,1284,1873
6319076,462.5,315.525,464.9,311.25,1085,3091,1111,3045,1291,1873
6319078,462.66,317.1,465.46,311.25,1086,3109,1118,3045,1282,1875
6319080,461.38,315.525,464.9,311.175,1073,3091,1111,3045,1289,1873
6319082,461.46,315.525,464.9,310.95,1073,3090,1111,3042,1286,1875
6319084,461.94,316.35,465.22,310.95,1078,3100,1115,3042,1288,1873
6319086,461.94,317.025,465.3,311.55,1078,3107,1115,3048,1285,1871
6319088,461.7,314.85,464.9,311.1,1076,3084,1111,3043,1288,1871
6319090,461.22,315.9,465.3,311.7,1070,3095,1114,3050,1290,1872
6319092,462.18,316.275,465.3,311.1,1080,3099,1115,3043,1288,1871
6319094,461.54,316.125,464.82,311.55,1073,3097,1109,3048,1283,1870
6319096,461.38,316.65,465.94,311.25,1071,3103,1121,3045,1286,1871
6319098,462.5,316.2,464.98,311.4,1083,3098,1111,3046,1285,1869
6319100,462.98,315.225,465.38,310.875,1088,3088,1115,3041,1290,1867
6319102,462.58,317.475,465.62,311.475,1083,3112,1117,3047,1287,1869
6319104,463.22,316.2,465.3,310.95,1091,3099,1114,3041,1291,1866
6319106,462.26,315.975,465.7,311.025,1080,3096,1118,3042,1294,1869
6319108,462.34,316.875,465.7,311.025,1081,3105,1118,3042,1288,1865
6319110,462.74,318.15,465.54,310.65,1084,3120,1116,3039,1291,1868
6319112,462.98,315.975,465.7,311.325,1088,3096,1118,3046,1289,1864
6319114,463.3,316.275,465.62,311.4,1090,3100,1117,3047,1287,1865
6319116,463.54,318.675,466.1,310.425,1092,3126,1122,3036,1285,1865
6319118,463.3,317.1,465.86,310.275,1090,3109,1119,3035,1285,1865
6319120,463.38,316.725,466.26,310.875,1091,3105,1123,3041,1286,1865
6319122,463.3,317.625,466.02,310.35,1090,3115,1120,3036,1291,1860
6319124,463.46,317.175,466.26,310.8,1092,3111,1124,3041,1287,1861
6319126,462.74,317.4,466.02,310.725,1084,3113,1121,3041,1286,1862
6319128,462.9,317.1,465.94,310.425,1086,3109,1120,3037,1286,1861
6319130,463.54,317.25,466.02,310.65,1092,3112,1121,3040,1287,1861
6319132,462.74,318.075,466.18,311.025,1084,3120,1122,3044,1286,1862
6319134,462.82,318.375,465.62,310.575,1084,3124,1117,3039,1285,1856
6319136,463.78,318.675,465.94,310.5,1095,3128,1120,3039,1281,1862
6319138,462.42,317.625,465.7,310.725,1081,3116,1118,3041,1291,1859
6319140,461.94,317.025,465.78,310.2,1076,3110,1118,3035,1288,1858
6319142,463.86,318,465.7,311.025,1095,3121,1117,3045,1281,1856
6319144,463.3,318.375,465.38,310.725,1089,3125,1114,3041,1282,1855
6319146,462.66,318.6,465.62,310.65,1083,3127,1116,3041,1289,1856
6319148,462.5,317.85,465.46,310.2,1081,3119,1115,3036,1283,1855
6319150,462.58,317.55,465.46,310.275,1082,3116,1115,3036,1285,1852
6319152,462.74,316.575,465.46,310.65,1084,3105,1115,3040,1288,1853
6319154,462.66,318.15,465.22,311.175,1083,3123,1112,3046,1287,1853
6319156,462.9,317.625,465.54,309.675,1086,3116,1116,3030,1287,1851
6319158,461.86,316.8,465.7,310.125,1075,3107,1118,3035,1285,1852
6319160,463.22,316.95,465.3,310.05,1089,3109,1114,3034,1282,1848
6319162,462.1,318.75,465.62,309.075,1077,3129,1117,3024,1283,1847
6319164,462.66,317.4,465.7,309.525,1083,3115,1118,3029,1286,1852
6319166,462.98,317.4,465.54,309.825,1087,3114,1116,3032,1283,1846
6319168,462.18,317.55,465.3,310.125,1079,3116,1114,3035,1287,1847
6319170,463.06,316.725,465.54,309.525,1088,3107,1117,3029,1287,1848
6319172,462.74,318.225,465.46,309.825,1084,3123,1116,3032,1283,1846
6319174,462.5,317.25,465.46,309.075,1082,3113,1116,3024,1281,1845
6319176,462.58,314.7,465.54,309.675,1084,3085,1117,3031,1284,1846
6319178,462.66,318.15,465.46,309.15,1084,3123,1116,3025,1282,1844
6319180,462.58,318.075,465.7,309.225,1083,3122,1119,3026,1280,1843
6319182,462.5,315.825,465.38,309.975,1083,3097,1115,3034,1286,1843
6319184,462.1,317.175,465.14,309.9,1078,3112,1113,3033,1279,1841
6319186,462.82,318.375,465.22,309.975,1086,3126,1113,3035,1279,1843
6319188,462.66,317.175,465.54,309.45,1085,3113,1117,3029,1278,1842
6319190,462.82,318,465.86,309.9,1086,3122,1120,3034,1282,1841
6319192,462.9,317.325,465.78,310.125,1087,3114,1120,3037,1278,1840
6319194,462.82,316.875,465.78,309.45,1086,3110,1121,3030,1278,1839
6319196,463.22,315.3,465.62,309.825,1092,3093,1118,3034,1281,1840
6319198,463.86,317.55,466.18,309.075,1098,3118,1125,3026,1276,1838
6319200,463.38,318,466.18,309.225,1092,3123,1125,3027,1277,1837
6319202,462.98,317.4,466.02,309.375,1088,3117,1123,3029,1278,1839
6319204,462.58,318.525,466.26,309.675,1084,3129,1125,3033,1284,1837
6319206,463.14,317.625,466.42,309,1090,3119,1128,3026,1283,1835
6319208,462.02,320.025,466.34,309.45,1078,3145,1127,3030,1285,1835
6319210,464.18,318.375,466.02,309.45,1102,3128,1124,3030,1277,1835
6319212,462.34,319.5,466.5,309.075,1082,3140,1129,3027,1281,1834
6319214,462.9,317.175,466.5,309.675,1089,3114,1129,3033,1283,1835
6319216,464.02,317.7,466.02,309.45,1101,3121,1124,3031,1277,1832
6319218,463.3,317.7,466.66,309.75,1093,3121,1131,3034,1276,1831
6319220,463.3,317.175,466.34,309.45,1093,3115,1128,3031,1276,1834
6319222,463.78,318,466.34,309.75,1099,3124,1128,3034,1273,1826
6319224,463.54,317.925,466.9,308.775,1096,3123,1134,3024,1278,1828
6319226,463.22,316.95,466.58,308.475,1093,3113,1131,3020,1277,1828
6319228,463.78,316.95,467.06,308.475,1099,3113,1136,3020,1277,1825
6319230,463.38,317.625,466.98,308.175,1094,3120,1136,3017,1275,1826
6319232,463.7,316.575,467.54,308.925,1098,3109,1141,3026,1274,1824
6319234,464.1,316.95,467.62,308.4,1102,3113,1142,3020,1271,1824
6319236,462.98,316.5,467.3,308.475,1091,3107,1139,3020,1275,1827
6319238,464.26,316.725,467.14,309,1105,3110,1137,3026,1270,1822
6319240,463.78,316.425,467.06,308.25,1100,3107,1137,3018,1273,1819
6319242,463.62,315.975,467.46,308.175,1099,3101,1142,3017,1275,1822
6319244,464.18,317.25,467.22,307.725,1104,3116,1139,3012,1272,1817
6319246,464.02,317.325,467.62,308.625,1103,3116,1144,3021,1270,1823
6319248,463.62,316.125,467.22,308.1,1099,3103,1140,3015,1275,1820
6319250,463.62,318.15,467.3,308.325,1099,3125,1141,3018,1272,1819
6319252,462.82,317.475,466.74,306.675,1090,3117,1135,3000,1268,1811
6319254,463.46,317.1,467.46,308.775,1098,3113,1143,3022,1275,1817
6319256,464.02,317.475,466.98,308.25,1103,3117,1138,3016,1269,1817
6319258,463.62,317.7,467.14,307.5,1100,3119,1140,3008,1269,1816
6319260,464.34,316.725,467.3,307.65,1108,3108,1142,3010,1272,1807
6319262,463.78,317.775,467.14,307.2,1102,3119,1140,3004,1272,1810
6319264,463.3,318.225,466.9,307.05,1096,3124,1138,3002,1273,1808
6319266,464.34,316.35,467.46,308.4,1108,3103,1143,3017,1272,1810
6319268,464.5,318,466.58,307.725,1110,3122,1135,3010,1270,1809
6319270,463.62,318.375,466.98,307.2,1100,3125,1139,3003,1268,1808
6319272,463.94,316.8,467.06,308.25,1104,3108,1140,3015,1273,1809
6319274,463.94,319.5,467.06,308.325,1104,3138,1140,3015,1265,1807
6319276,464.18,318,467.14,308.025,1107,3121,1141,3012,1265,1808
6319278,463.14,317.25,467.7,308.85,1097,3112,1147,3021,1269,1807
6319280,463.7,319.275,466.74,307.275,1101,3134,1138,3003,1264,1802
6319282,463.94,318.3,467.06,307.2,1105,3123,1142,3002,1270,1798
6319284,463.62,318.525,467.06,307.275,1101,3126,1141,3003,1269,1805
6319286,463.62,317.625,467.14,308.1,1102,3116,1142,3012,1266,1803
6319288,464.34,317.7,466.82,307.05,1110,3117,1139,3000,1267,1800
6319290,463.46,319.05,467.22,306.825,1100,3131,1144,2998,1266,1799
6319292,463.86,317.475,466.98,307.2,1104,3114,1141,3001,1268,1800
6319294,464.1,317.1,466.9,307.575,1107,3109,1139,3005,1266,1798
6319296,462.9,318.525,466.9,306.6,1094,3125,1140,2995,1263,1797
6319298,463.62,317.775,466.58,307.425,1102,3117,1137,3004,1267,1794
6319300,463.3,317.925,467.06,307.275,1099,3118,1142,3003,1262,1798
6319302,463.22,317.475,466.66,307.35,1098,3113,1138,3003,1263,1799
6319304,464.1,317.25,466.26,306.975,1108,3111,1133,2999,1267,1795
6319306,463.3,318.75,466.34,307.275,1098,3127,1134,3002,1265,1796
6319308,463.7,317.475,466.58,306.975,1103,3114,1137,2999,1268,1797
6319310,463.22,318,466.18,307.5,1098,3119,1132,3004,1263,1793
6319312,463.78,317.475,466.42,307.5,1104,3114,1134,3005,1263,1793
6319314,463.54,318,466.42,307.5,1101,3119,1134,3005,1264,1793
6319316,463.3,319.05,466.5,307.425,1098,3130,1135,3003,1261,1793
6319318,463.38,318.075,466.5,307.8,1099,3120,1134,3008,1260,1793
6319320,463.62,318.9,466.82,306.675,1101,3129,1138,2996,1260,1791
6319322,463.62,317.25,466.58,307.5,1100,3111,1134,3005,1263,1793
6319324,463.38,318.375,466.5,307.35,1098,3124,1134,3003,1262,1792
6319326,463.3,319.65,466.34,307.2,1096,3137,1132,3001,1259,1793
6319328,463.38,317.25,466.58,307.8,1098,3111,1134,3008,1259,1792
6319330,463.3,317.925,466.82,307.65,1096,3118,1136,3007,1261,1792
6319332,464.34,318.3,466.82,308.175,1107,3123,1136,3012,1264,1790
6319334,463.46,319.35,466.26,308.1,1096,3134,1129,3012,1254,1788
6319336,464.02,319.65,466.18,307.65,1102,3138,1129,3007,1255,1789
6319338,463.22,318,466.18,308.25,1093,3119,1128,3013,1261,1786
6319340,463.62,318.6,465.94,308.55,1098,3126,1125,3016,1257,1786
6319342,462.9,318.975,466.1,307.95,1089,3130,1127,3010,1257,1787
6319344,463.94,318.525,466.02,308.1,1101,3126,1125,3012,1257,1786
6319346,463.38,318.525,466.02,308.475,1094,3125,1125,3016,1256,1784
6319348,463.22,318.075,465.46,307.875,1092,3120,1120,3008,1258,1783
6319350,463.62,317.7,466.18,308.25,1096,3116,1126,3013,1255,1785
6319352,463.7,318.75,466.18,308.325,1097,3128,1126,3014,1256,1785
6319354,464.34,319.95,465.86,308.025,1102,3142,1122,3011,1258,1782
6319356,464.02,318.15,466.34,308.85,1099,3121,1127,3020,1256,1782
6319358,464.02,319.425,465.62,308.325,1099,3135,1119,3014,1253,1784
6319360,463.86,319.95,465.46,307.95,1097,3142,1118,3010,1252,1781
6319362,463.7,317.925,465.78,308.25,1095,3119,1121,3013,1257,1781
6319364,463.7,319.425,465.94,308.85,1095,3135,1122,3019,1248,1779
6319366,462.98,320.025,465.54,308.325,1087,3142,1118,3014,1252,1779
6319368,463.22,320.025,465.7,308.175,1089,3142,1119,3012,1254,1780
6319370,463.46,319.5,465.46,308.1,1092,3136,1116,3012,1252,1778
6319372,464.02,318.9,465.38,308.175,1098,3129,1116,3012,1253,1780
6319374,464.18,318.825,465.54,308.85,1099,3129,1117,3020,1257,1777
6319376,463.7,319.575,465.54,308.1,1094,3137,1117,3011,1247,1777
6319378,464.34,319.275,465.78,308.325,1101,3134,1119,3014,1250,1777
6319380,463.46,319.8,465.62,307.875,1091,3140,1117,3009,1252,1776
6319382,463.22,320.025,465.7,308.4,1088,3142,1118,3014,1247,1776
6319384,464.18,319.575,465.7,308.25,1098,3137,1118,3014,1247,1775
6319386,462.98,318.375,465.86,308.4,1086,3123,1119,3015,1248,1774
6319388,463.86,319.65,465.86,308.55,1094,3138,1119,3016,1247,1777
6319390,463.94,319.875,465.54,308.325,1094,3141,1115,3014,1243,1772
6319392,464.98,320.25,465.94,307.875,1106,3145,1119,3010,1245,1774
6319394,463.46,320.25,465.62,308.175,1089,3145,1116,3013,1247,1773
6319396,463.62,318.975,466.18,308.4,1091,3131,1122,3016,1247,1773
6319398,463.54,320.025,466.1,308.7,1089,3143,1120,3019,1246,1773
6319400,463.62,319.2,466.02,308.85,1091,3133,1119,3020,1239,1772
6319402,463.94,320.625,466.42,308.625,1093,3150,1123,3018,1244,1770
6319404,464.5,319.65,465.86,307.875,1099,3139,1117,3009,1246,1772
6319406,463.78,321.15,466.1,308.85,1091,3156,1119,3020,1239,1770
6319408,464.1,320.55,466.02,309,1095,3149,1118,3022,1246,1771
6319410,463.46,321.975,465.86,308.25,1087,3165,1116,3014,1243,1771
6319412,463.86,319.425,465.86,308.625,1092,3137,1116,3018,1239,1770
6319414,464.26,319.275,465.86,308.775,1095,3135,1116,3020,1244,1768
6319416,463.7,320.85,465.86,308.55,1089,3153,1115,3018,1239,1766
6319418,464.18,320.25,465.94,308.55,1094,3147,1116,3018,1236,1772
6319420,463.94,319.275,465.94,309,1092,3136,1116,3023,1238,1763
6319422,464.1,321.675,466.26,308.7,1092,3163,1119,3020,1235,1766
6319424,463.94,321.45,465.7,309.6,1090,3160,1112,3030,1237,1763
6319426,462.9,321.375,465.78,308.4,1079,3159,1114,3017,1236,1765
6319428,464.02,320.925,465.94,308.775,1091,3154,1115,3021,1232,1766
6319430,464.34,321.6,465.78,309.675,1094,3162,1113,3031,1233,1763
6319432,464.1,320.85,465.94,309.75,1092,3153,1115,3032,1235,1765
6319434,464.5,320.55,466.02,310.125,1096,3151,1115,3036,1235,1764
6319436,464.74,320.775,465.94,309.75,1098,3153,1114,3032,1234,1763
6319438,464.26,321.9,465.78,309.975,1093,3166,1113,3035,1236,1764
6319440,463.14,321.225,465.86,309.75,1081,3158,1114,3032,1235,1765
6319442,464.34,321.675,465.94,309.225,1094,3163,1115,3026,1232,1763
6319444,463.94,322.95,466.18,309.3,1089,3177,1117,3027,1236,1763
6319446,463.94,321.3,466.34,310.35,1089,3159,1118,3039,1230,1762
6319448,464.02,321.375,465.78,310.8,1090,3159,1113,3044,1229,1755
6319450,463.7,321.3,465.94,310.125,1087,3159,1114,3037,1229,1757
6319452,464.42,321.15,465.7,310.05,1095,3158,1112,3036,1230,1759
6319454,463.94,321.225,465.62,309.75,1090,3158,1111,3032,1227,1757
6319456,463.62,320.4,465.62,309.75,1087,3149,1111,3032,1232,1757
6319458,463.62,321.525,465.7,310.65,1086,3162,1111,3042,1229,1757
6319460,463.62,321,465.78,309.525,1086,3155,1113,3031,1227,1757
6319462,464.02,321.225,466.18,310.2,1091,3158,1117,3038,1229,1756
6319464,464.66,322.35,466.18,310.2,1097,3171,1117,3038,1228,1760
6319466,464.34,320.85,465.62,310.275,1095,3154,1111,3039,1227,1755
6319468,464.26,321.975,465.78,309.825,1093,3167,1113,3034,1229,1756
6319470,463.86,321.825,465.7,310.5,1089,3165,1112,3041,1228,1755
6319472,463.78,321.225,465.78,309.75,1088,3158,1113,3033,1223,1756
6319474,463.54,320.775,465.78,309.75,1087,3154,1113,3033,1223,1756
6319476,463.7,321.525,465.78,309.9,1088,3162,1114,3035,1226,1753
6319478,464.1,320.625,465.38,309.825,1092,3152,1109,3034,1227,1755
6319480,463.86,320.775,465.54,309.675,1089,3154,1111,3032,1223,1757
6319482,463.54,320.625,465.78,310.2,1087,3152,1113,3038,1221,1752
6319484,463.86,321.075,465.78,310.05,1090,3157,1113,3036,1223,1750
6319486,464.34,320.175,465.78,310.425,1095,3148,1113,3041,1226,1753
6319488,463.62,320.4,466.02,310.275,1087,3150,1116,3039,1223,1749
6319490,463.86,321.075,465.94,310.125,1089,3158,1115,3038,1224,1751
6319492,463.7,320.925,465.78,310.125,1088,3156,1113,3037,1223,1752
6319494,463.46,320.55,465.94,309.825,1086,3151,1115,3034,1217,1754
6319496,464.58,320.925,465.54,309.975,1097,3156,1111,3036,1224,1753
6319498,463.46,321.075,466.26,310.575,1086,3157,1119,3042,1220,1750
6319500,464.42,321.225,466.1,310.65,1096,3159,1117,3043,1218,1748
6319502,463.46,321.075,466.18,310.8,1086,3157,1117,3045,1223,1748
6319504,464.1,322.2,466.1,310.95,1092,3170,1116,3046,1218,1749
6319506,463.46,320.925,466.34,311.325,1086,3155,1119,3051,1222,1748
6319508,463.94,321.75,465.94,311.175,1090,3165,1115,3049,1219,1749
6319510,463.54,322.35,466.1,311.175,1087,3171,1117,3049,1220,1746
6319512,463.22,321.3,466.58,311.7,1083,3160,1122,3055,1222,1744
6319514,463.54,321.75,466.34,312.15,1087,3165,1120,3060,1217,1742
6319516,463.7,320.55,466.1,310.95,1089,3151,1117,3046,1215,1747
6319518,463.38,321.225,466.26,310.95,1086,3158,1119,3046,1219,1745
6319520,464.02,321,466.26,311.7,1092,3156,1119,3055,1215,1742
6319522,464.34,321.075,466.18,311.925,1096,3157,1118,3056,1218,1741
6319524,463.46,320.55,466.42,311.475,1086,3151,1120,3052,1216,1742
6319526,463.14,321.375,466.42,311.85,1083,3160,1120,3055,1214,1742
6319528,463.78,321.15,466.42,311.7,1089,3158,1120,3054,1214,1744
6319530,463.7,320.4,466.02,311.85,1089,3149,1116,3056,1211,1742
6319532,463.38,320.55,466.34,311.85,1086,3151,1119,3056,1213,1742
6319534,464.1,321.45,466.26,311.325,1093,3160,1120,3050,1214,1742
6319536,463.94,321.75,466.66,312.45,1092,3164,1123,3062,1212,1739
6319538,463.54,321.6,466.58,311.85,1088,3161,1123,3056,1209,1739
6319540,464.26,320.925,466.58,312.15,1096,3155,1123,3058,1213,1742
6319542,463.38,321.225,466.5,312,1086,3158,1123,3057,1213,1741
6319544,464.1,321,466.58,311.625,1094,3155,1123,3053,1209,1742
6319546,462.98,320.85,467.06,311.85,1083,3153,1129,3055,1209,1741
6319548,463.46,321.975,466.82,311.625,1088,3166,1126,3053,1210,1737
6319550,464.58,320.85,466.66,311.625,1099,3153,1125,3052,1209,1739
6319552,463.86,321,466.9,311.175,1092,3154,1127,3048,1208,1739
6319554,463.46,319.875,466.9,311.85,1089,3142,1127,3055,1206,1736
6319556,463.54,321.15,466.82,310.2,1089,3156,1127,3037,1208,1739
6319558,464.26,319.125,466.9,311.925,1098,3134,1127,3055,1211,1736
6319560,464.1,320.325,467.22,311.7,1095,3147,1131,3053,1205,1735
6319562,464.02,320.1,466.74,311.55,1095,3144,1127,3051,1205,1736
6319564,463.78,319.875,466.9,311.475,1092,3142,1128,3050,1209,1736
6319566,464.42,320.025,467.3,311.55,1100,3143,1133,3050,1204,1736
6319568,463.7,320.925,466.9,311.625,1092,3153,1129,3051,1204,1734
6319570,463.86,319.95,467.38,312.075,1095,3141,1134,3056,1203,1734
6319572,464.1,320.25,467.14,311.925,1097,3145,1132,3054,1199,1733
6319574,464.02,321.225,467.06,312.75,1097,3156,1131,3063,1205,1733
6319576,464.18,320.775,466.58,312.675,1098,3151,1126,3062,1198,1735
6319578,463.7,321,466.66,312.825,1094,3152,1128,3064,1206,1734
6319580,464.5,320.025,467.14,312.675,1103,3142,1133,3062,1201,1735
6319582,463.78,320.7,467.22,312.75,1095,3149,1134,3063,1200,1733
6319584,464.66,319.875,467.62,312.675,1105,3140,1138,3062,1202,1733
6319586,463.7,320.4,467.46,313.05,1095,3146,1137,3066,1200,1728
6319588,464.1,321.3,467.54,313.125,1099,3156,1138,3068,1202,1730
6319590,463.94,320.7,467.78,313.5,1098,3150,1141,3071,1202,1728
6319592,463.94,320.925,467.38,313.875,1098,3152,1137,3075,1199,1730
6319594,463.94,320.7,466.9,313.575,1099,3150,1132,3072,1197,1727
6319596,462.82,321.675,466.82,312.9,1087,3159,1132,3064,1199,1734
6319598,463.54,321,465.78,314.025,1095,3152,1120,3076,1196,1731
6319600,461.7,320.775,463.62,313.575,1076,3149,1098,3071,1200,1732
6319602,461.14,320.475,462.34,312.9,1070,3146,1085,3063,1199,1733
6319604,458.34,321.075,461.22,313.95,1041,3151,1073,3074,1195,1731
6319606,457.78,320.25,460.5,313.575,1036,3142,1067,3070,1195,1729
6319608,457.38,319.8,460.1,313.65,1032,3137,1062,3070,1192,1729
6319610,457.06,321.825,460.02,313.65,1028,3159,1062,3071,1192,1728
6319612,458.1,320.175,460.1,313.8,1040,3141,1063,3072,1193,1729
6319614,458.58,319.575,460.18,313.275,1045,3136,1064,3066,1191,1729
6319616,458.1,318.9,460.18,313.575,1040,3128,1064,3070,1191,1728
6319618,459.06,319.125,460.42,313.8,1051,3130,1066,3073,1189,1727
6319620,458.98,318.975,460.18,312.6,1049,3129,1065,3059,1190,1731
6319622,459.3,320.85,460.9,313.275,1053,3149,1072,3067,1190,1731
6319624,460.5,318.825,460.9,313.2,1066,3128,1072,3066,1188,1727
6319626,459.22,318.825,460.98,312.525,1053,3127,1074,3059,1190,1730
6319628,458.74,319.8,460.98,312.3,1048,3138,1073,3056,1188,1731
6319630,459.62,319.65,460.66,312.75,1058,3136,1070,3061,1192,1730
6319632,459.06,319.5,460.9,312.75,1052,3135,1073,3061,1185,1733
6319634,458.42,318.825,460.66,312.75,1045,3127,1071,3060,1187,1729
6319636,458.9,319.2,460.82,312.75,1050,3131,1073,3061,1190,1729
6319638,457.54,319.65,460.5,313.875,1036,3136,1069,3073,1184,1727
6319640,458.66,318.825,460.58,313.5,1048,3127,1070,3069,1184,1728
6319642,457.7,318.75,460.26,313.35,1039,3126,1067,3068,1184,1728
6319644,458.42,318.975,460.26,313.875,1046,3129,1067,3073,1187,1728
6319646,458.18,320.1,460.58,313.575,1044,3141,1071,3070,1185,1729
6319648,458.18,320.475,460.58,313.95,1043,3145,1070,3074,1189,1730
6319650,456.98,320.25,460.34,314.1,1031,3143,1068,3076,1185,1727
6319652,458.1,320.25,460.42,314.625,1043,3143,1069,3082,1182,1727
6319654,457.78,319.65,459.7,316.05,1040,3136,1061,3098,1185,1723
6319656,457.3,319.575,460.18,315.45,1034,3135,1067,3091,1187,1722
6319658,457.14,320.25,460.02,315.9,1032,3143,1064,3096,1183,1722
6319660,457.78,320.625,459.94,315.6,1039,3147,1064,3093,1178,1723
6319662,457.3,320.775,460.1,316.05,1034,3149,1065,3098,1186,1722
6319664,457.14,320.325,459.86,316.35,1032,3144,1062,3101,1184,1722
6319666,456.9,321,459.54,316.8,1030,3152,1059,3106,1182,1717
6319668,456.98,321.375,459.86,316.275,1031,3156,1063,3101,1182,1720
6319670,457.14,321.375,459.94,316.8,1033,3156,1064,3107,1183,1723
6319672,457.06,320.4,459.94,316.575,1032,3146,1064,3105,1183,1722
6319674,457.38,321,459.78,316.575,1036,3153,1062,3105,1182,1720
6319676,456.5,320.475,459.94,316.35,1026,3146,1063,3102,1178,1722
6319678,456.66,321.3,459.54,316.2,1027,3156,1059,3101,1178,1721
6319680,456.5,321.975,459.54,316.875,1025,3164,1059,3108,1181,1721
6319682,456.26,321,459.54,317.1,1022,3153,1058,3111,1176,1719
6319684,457.14,321.45,459.7,316.725,1032,3158,1060,3107,1181,1721
6319686,456.34,322.2,459.7,316.65,1023,3167,1060,3107,1182,1722
6319688,456.1,321.6,459.54,316.425,1021,3160,1058,3104,1178,1718
6319690,456.1,321.6,459.62,316.35,1020,3160,1058,3103,1181,1720
6319692,455.94,321.3,459.22,316.875,1018,3156,1054,3109,1180,1721
6319694,456.26,321.075,459.38,316.35,1021,3154,1055,3103,1178,1723
6319696,455.7,322.575,458.98,317.175,1015,3170,1051,3112,1181,1717
6319698,455.94,321.45,459.3,316.5,1017,3158,1054,3105,1178,1724
6319700,455.54,322.35,459.14,317.025,1013,3168,1052,3111,1179,1721
6319702,455.38,320.775,459.22,317.175,1011,3150,1052,3112,1178,1719
6319704,455.38,321.825,458.9,317.25,1010,3162,1049,3113,1181,1718
6319706,454.98,321.075,459.14,316.425,1006,3153,1051,3104,1180,1721
6319708,455.3,321.3,459.3,316.2,1009,3156,1052,3102,1178,1720
6319710,454.98,320.4,458.98,316.8,1005,3146,1048,3107,1176,1719
6319712,454.5,320.175,459.22,317.025,1000,3143,1051,3110,1176,1719
6319714,455.22,321.45,459.3,316.725,1007,3157,1051,3106,1180,1722
6319716,454.18,321.45,459.06,317.1,996,3157,1048,3111,1178,1718
6319718,455.22,321.375,459.62,316.575,1006,3156,1054,3104,1174,1718
6319720,454.42,320.55,459.22,316.95,997,3147,1049,3109,1176,1719
6319722,454.34,320.025,459.22,316.95,996,3140,1049,3108,1179,1719
6319724,454.18,319.725,459.22,316.5,994,3137,1049,3103,1171,1722
6319726,454.9,319.95,459.06,316.875,1002,3139,1047,3106,1173,1718
6319728,454.42,320.475,458.9,316.8,997,3145,1045,3106,1174,1722
6319730,454.66,320.4,458.58,317.175,999,3143,1041,3108,1170,1723
6319732,455.22,320.625,459.62,317.025,1004,3145,1052,3107,1174,1720
6319734,454.82,321,459.22,317.1,999,3148,1047,3107,1177,1722
6319736,454.18,320.475,459.06,316.95,993,3143,1046,3105,1177,1722
6319738,454.58,321.15,459.3,317.4,996,3149,1047,3109,1178,1722
6319740,455.14,320.4,459.3,317.4,1002,3142,1047,3109,1178,1722
6319742,454.98,319.425,459.3,317.85,1000,3130,1047,3114,1169,1719
6319744,454.82,320.775,459.46,317.1,998,3144,1048,3106,1175,1721
6319746,455.3,321.225,459.78,317.625,1003,3149,1051,3111,1175,1719
6319748,454.66,321.75,459.62,317.175,996,3154,1050,3106,1177,1720
6319750,455.54,321.075,459.62,317.55,1005,3146,1049,3109,1176,1719
6319752,454.74,320.7,459.86,317.175,997,3142,1052,3105,1171,1719
6319754,454.26,321.675,459.54,318.075,992,3152,1048,3115,1175,1720
6319756,454.74,321.525,459.46,318.15,997,3151,1047,3115,1173,1717
6319758,455.78,321.15,460.18,317.475,1008,3147,1055,3107,1176,1720
6319760,455.06,320.85,459.7,317.4,1001,3143,1050,3106,1175,1720
6319762,455.3,322.425,459.46,318.9,1003,3159,1048,3122,1174,1716
6319764,455.62,321.9,460.18,317.775,1006,3154,1056,3110,1177,1718
6319766,456.42,322.2,459.78,318.45,1014,3157,1051,3117,1174,1718
6319768,455.86,322.2,460.02,318.675,1009,3157,1054,3119,1178,1715
6319770,455.46,321.825,460.18,318.675,1005,3152,1056,3119,1173,1720
6319772,456.18,322.2,460.26,318.525,1012,3157,1057,3117,1177,1718
6319774,456.82,322.425,459.86,319.275,1020,3159,1054,3125,1176,1717
6319776,457.38,321.825,460.42,318.375,1027,3153,1059,3116,1179,1717
6319778,456.66,321.3,460.34,318.675,1020,3146,1060,3119,1175,1720
6319780,456.5,321.6,460.82,317.925,1018,3150,1065,3111,1173,1720
6319782,455.54,321,460.58,318.225,1009,3143,1064,3114,1172,1718
6319784,456.5,321.675,460.58,317.775,1019,3151,1064,3109,1175,1719
6319786,456.42,321.975,460.34,318.075,1019,3154,1062,3112,1178,1723
6319788,456.74,322.05,460.98,317.925,1022,3154,1069,3111,1179,1720
6319790,457.06,321.825,461.06,318.525,1027,3152,1070,3117,1173,1722
6319792,457.38,322.125,460.9,317.4,1030,3156,1069,3105,1176,1723
6319794,456.5,322.65,460.9,317.925,1022,3161,1070,3110,1175,1721
6319796,456.26,321.45,461.38,318.675,1020,3147,1074,3119,1174,1721
6319798,457.54,322.425,461.06,318.825,1034,3159,1072,3121,1172,1720
6319800,456.26,322.2,461.22,318.525,1020,3156,1074,3118,1176,1722
6319802,457.22,322.2,461.3,318.9,1032,3157,1076,3122,1175,1724
6319804,457.3,322.875,461.46,318.375,1033,3164,1078,3116,1177,1725
6319806,457.22,322.425,460.66,318.9,1033,3159,1071,3121,1176,1723
6319808,456.58,322.575,461.46,319.725,1026,3161,1079,3130,1179,1722
6319810,457.22,322.2,461.06,317.85,1034,3156,1076,3110,1176,1727
6319812,456.26,322.35,461.3,318.675,1024,3157,1078,3119,1176,1724
6319814,456.66,322.35,461.78,318.9,1030,3157,1084,3121,1171,1724
6319816,457.06,322.2,461.54,319.575,1034,3157,1082,3129,1176,1720
6319818,456.5,321.975,460.9,319.2,1029,3153,1076,3124,1174,1721
6319820,456.74,322.65,461.22,318.525,1031,3161,1080,3117,1173,1725
6319822,456.02,320.4,460.42,318.675,1025,3136,1072,3119,1171,1723
6319824,456.42,320.85,461.06,318.525,1029,3141,1079,3117,1173,1726
6319826,456.34,321.45,461.06,318.6,1029,3148,1080,3118,1175,1725
6319828,455.7,322.125,460.58,318.225,1022,3155,1075,3113,1176,1725
6319830,456.34,322.575,460.42,318.375,1030,3159,1074,3115,1178,1725
6319832,456.5,321.45,460.66,318.075,1031,3147,1076,3112,1173,1726
6319834,455.3,322.125,460.42,317.625,1019,3154,1075,3106,1175,1725
6319836,456.34,322.35,460.58,317.55,1030,3157,1077,3106,1175,1732
6319838,456.02,321.375,460.98,317.1,1028,3146,1082,3101,1174,1732
6319840,455.78,321,461.14,317.4,1026,3142,1084,3105,1175,1733
6319842,455.46,321,460.66,317.25,1023,3141,1079,3102,1171,1728
6319844,455.46,321.525,461.38,317.1,1023,3148,1087,3101,1170,1733
6319846,455.14,321.375,461.14,317.25,1021,3146,1085,3102,1171,1731
6319848,455.38,320.475,461.14,317.7,1024,3136,1085,3108,1171,1731
6319850,456.58,321.375,461.14,317.925,1036,3147,1085,3110,1173,1731
6319852,455.14,321.3,461.22,317.85,1021,3144,1086,3109,1173,1727
6319854,455.78,321.525,461.06,318.45,1028,3148,1085,3115,1173,1728
6319856,454.98,321.525,461.54,317.025,1020,3147,1091,3100,1174,1732
6319858,455.62,321.15,462.02,317.775,1028,3143,1096,3108,1174,1731
6319860,456.26,322.05,461.7,317.775,1034,3153,1093,3108,1172,1731
6319862,456.58,321.675,461.7,318.225,1039,3149,1094,3113,1172,1727
6319864,456.1,321.3,461.86,318.15,1033,3145,1096,3112,1172,1730
6319866,455.94,321.45,461.62,318.825,1033,3146,1093,3120,1169,1727
6319868,456.42,321.825,461.78,319.05,1038,3151,1095,3122,1171,1728
6319870,456.18,321.975,461.46,318.6,1036,3152,1093,3117,1173,1728
6319872,455.62,322.575,462.18,319.2,1030,3159,1100,3124,1171,1725
6319874,456.18,322.5,461.46,319.2,1037,3158,1093,3123,1172,1729
6319876,456.42,322.425,462.1,319.575,1039,3157,1100,3128,1176,1725
6319878,455.3,322.65,462.02,318.6,1028,3160,1100,3117,1174,1727
6319880,455.94,322.5,462.18,318.9,1035,3158,1102,3121,1173,1730
6319882,456.26,323.025,461.94,319.125,1039,3165,1100,3123,1171,1729
6319884,455.22,321.6,461.86,318.825,1029,3148,1100,3120,1172,1730
6319886,456.02,322.275,461.38,318.825,1038,3156,1095,3120,1172,1729
6319888,455.78,322.725,461.94,318.6,1035,3161,1102,3117,1172,1730
6319890,455.14,322.5,461.78,319.05,1029,3159,1100,3123,1177,1730
6319892,455.78,322.125,462.18,318.75,1036,3155,1105,3120,1173,1731
6319894,456.26,322.05,461.78,318.675,1042,3154,1101,3119,1169,1729
6319896,455.3,322.05,462.26,318.15,1032,3153,1107,3113,1173,1732
6319898,455.22,321.9,461.46,316.875,1032,3152,1099,3099,1172,1736
6319900,455.3,321.825,461.78,317.775,1033,3151,1102,3108,1171,1736
6319902,454.58,321,461.38,317.625,1026,3142,1100,3107,1170,1734
6319904,455.46,322.875,462.1,317.625,1035,3162,1107,3107,1173,1734
6319906,455.3,322.5,461.7,317.7,1034,3158,1103,3108,1171,1732
6319908,455.54,322.2,461.62,317.025,1037,3155,1103,3100,1175,1733
6319910,454.9,321.6,462.02,316.35,1031,3148,1108,3093,1167,1742
6319912,455.06,320.1,461.54,316.725,1033,3132,1102,3097,1168,1738
6319914,454.58,321.225,461.3,316.275,1028,3144,1100,3092,1170,1736
6319916,455.14,320.475,461.62,315.525,1034,3136,1103,3084,1165,1743
6319918,455.22,320.325,461.7,316.5,1035,3134,1105,3094,1167,1735
6319920,455.14,319.5,461.94,315.525,1035,3125,1108,3083,1168,1741
6319922,454.98,319.35,461.46,315.9,1034,3123,1103,3087,1168,1738
6319924,455.46,319.2,461.3,315.075,1038,3121,1101,3078,1165,1741
6319926,455.54,319.575,461.62,315.225,1040,3125,1105,3079,1161,1742
6319928,454.74,319.95,461.46,315.15,1031,3129,1104,3078,1161,1739
6319930,455.22,318.6,461.14,315.675,1037,3113,1101,3083,1164,1741
6319932,455.14,318.975,461.46,314.325,1037,3118,1105,3068,1163,1747
6319934,454.5,319.725,461.22,316.2,1031,3125,1102,3089,1165,1740
6319936,454.5,319.275,461.86,315.075,1030,3120,1109,3077,1164,1739
6319938,454.58,320.1,461.86,315.525,1031,3129,1110,3081,1165,1740
6319940,454.82,319.125,462.1,315,1034,3119,1113,3076,1171,1740
6319942,455.14,320.55,462.26,316.35,1039,3134,1115,3090,1171,1737
6319944,454.82,319.875,461.94,315.9,1035,3126,1111,3085,1160,1739
6319946,455.3,319.05,462.34,316.35,1041,3117,1116,3090,1162,1739
6319948,454.9,319.65,462.34,316.2,1037,3124,1116,3088,1168,1740
6319950,455.06,319.95,462.18,316.35,1039,3127,1115,3090,1164,1738
6319952,454.9,321.075,462.1,316.8,1037,3140,1114,3094,1164,1738
6319954,456.1,319.35,462.74,316.275,1051,3120,1122,3089,1166,1737
6319956,454.9,319.725,462.5,316.575,1038,3124,1119,3093,1161,1738
6319958,455.38,320.025,462.5,317.55,1044,3127,1120,3103,1160,1736
6319960,454.42,319.65,462.5,316.875,1034,3124,1120,3095,1162,1735
6319962,454.74,319.125,462.42,316.725,1038,3118,1120,3094,1159,1736
6319964,455.3,320.925,462.5,316.575,1044,3138,1121,3092,1165,1736
6319966,454.82,319.725,462.26,317.1,1040,3125,1119,3098,1165,1736
6319968,454.74,319.5,462.42,316.65,1039,3123,1121,3093,1157,1736
6319970,454.58,320.625,462.58,317.1,1038,3135,1123,3099,1162,1735
6319972,455.06,320.7,462.74,316.65,1043,3136,1125,3094,1162,1735
6319974,454.18,320.25,462.42,316.2,1035,3131,1123,3089,1160,1739
6319976,454.42,319.725,463.06,315.525,1037,3125,1130,3082,1158,1740
6319978,454.42,320.025,462.1,316.8,1037,3130,1119,3096,1164,1737
6319980,454.34,319.575,462.5,316.725,1037,3124,1124,3095,1159,1734
6319982,454.18,319.875,462.66,316.275,1035,3128,1126,3091,1156,1738
6319984,454.42,319.125,462.5,317.1,1038,3120,1124,3100,1159,1737
6319986,455.06,320.475,461.94,316.95,1045,3135,1119,3099,1161,1733
6319988,455.22,320.1,462.1,317.1,1048,3131,1121,3101,1159,1735
6319990,454.34,320.4,462.18,316.05,1039,3135,1123,3090,1161,1734
6319992,453.86,319.425,462.5,315.675,1034,3124,1126,3086,1156,1739
6319994,454.26,318.225,462.26,316.05,1039,3111,1124,3090,1154,1740
6319996,454.5,317.55,461.94,316.425,1042,3104,1120,3094,1153,1736
6319998,454.5,318.525,462.34,316.65,1042,3115,1125,3097,1154,1734
6320000,454.26,320.025,462.18,316.35,1039,3132,1123,3094,1156,1736
6320002,454.9,319.725,462.02,316.2,1046,3129,1122,3093,1155,1737
6320004,454.26,319.125,462.1,315.75,1040,3122,1123,3087,1164,1737
6320006,454.34,319.35,461.86,315.6,1040,3124,1121,3086,1164,1740
6320008,453.46,319.2,461.78,316.125,1032,3123,1120,3091,1159,1737
6320010,454.1,319.8,461.78,316.2,1038,3130,1120,3093,1159,1738
6320012,453.38,317.775,461.62,316.5,1031,3107,1118,3096,1154,1737
6320014,453.38,318.375,462.02,316.575,1031,3114,1122,3097,1157,1735
6320016,454.1,317.7,462.18,315.525,1039,3107,1124,3085,1154,1738
6320018,453.46,317.925,462.02,315.975,1032,3110,1122,3091,1149,1733
6320020,453.22,317.775,462.34,315.975,1029,3108,1126,3091,1156,1736
6320022,453.94,317.85,462.18,316.2,1036,3109,1124,3094,1155,1739
6320024,454.1,319.5,461.46,315.9,1038,3127,1117,3090,1164,1739
6320026,453.7,317.325,461.54,316.2,1035,3103,1118,3093,1154,1738
6320028,453.86,318.225,462.1,315.225,1037,3113,1124,3083,1156,1736
6320030,453.62,317.25,462.34,315.45,1034,3102,1127,3085,1154,1736
6320032,453.94,318.375,461.86,315.6,1038,3114,1122,3087,1161,1736
6320034,453.7,318.9,461.7,314.925,1034,3120,1120,3079,1158,1740
6320036,453.22,316.725,461.54,315.975,1030,3096,1118,3091,1157,1735
6320038,453.46,318.375,461.54,316.35,1032,3114,1117,3094,1159,1735
6320040,453.46,316.125,461.94,315.15,1033,3089,1122,3081,1155,1741
6320042,453.54,316.725,462.02,316.2,1033,3096,1123,3093,1155,1735
6320044,453.22,317.325,461.86,316.275,1029,3102,1121,3094,1158,1736
6320046,453.7,318.45,462.34,315.15,1034,3114,1126,3081,1155,1734
6320048,452.66,317.55,462.02,315.975,1024,3104,1123,3090,1152,1733
6320050,453.38,317.775,461.7,315.9,1031,3107,1120,3090,1154,1735
6320052,453.94,318.825,461.7,315.225,1037,3119,1119,3082,1156,1734
6320054,453.78,316.65,462.34,315.45,1036,3094,1126,3084,1149,1733
6320056,453.94,317.625,462.1,314.925,1037,3105,1124,3078,1154,1737
6320058,453.62,316.725,462.42,315.075,1035,3095,1128,3080,1152,1732
6320060,453.3,315.75,462.34,315.3,1031,3085,1127,3083,1152,1731
6320062,453.78,317.475,462.18,314.4,1037,3103,1126,3072,1155,1734
6320064,453.7,315.975,462.34,314.925,1036,3086,1127,3078,1152,1733
6320066,453.94,316.5,462.26,314.625,1039,3092,1127,3074,1151,1737
6320068,453.7,317.625,462.5,315.225,1036,3104,1129,3080,1162,1733
6320070,453.54,316.425,462.74,314.775,1034,3091,1132,3075,1153,1735
6320072,453.78,318.075,462.82,314.4,1036,3109,1133,3071,1147,1735
6320074,454.18,316.275,462.34,315.225,1041,3089,1128,3080,1152,1730
6320076,453.78,316.35,462.34,314.475,1037,3089,1127,3072,1150,1733
6320078,453.78,315.825,462.58,314.55,1037,3083,1131,3073,1151,1731
6320080,454.74,315.45,462.34,314.4,1047,3079,1128,3071,1150,1733
6320082,454.02,315.525,462.82,313.95,1040,3080,1134,3065,1149,1732
6320084,453.54,316.125,463.22,314.55,1035,3086,1137,3072,1149,1735
6320086,454.18,315.975,462.98,314.925,1043,3084,1136,3076,1151,1729
6320088,454.5,315,462.9,313.95,1046,3074,1135,3065,1153,1733
6320090,453.62,316.875,463.7,314.25,1037,3093,1144,3068,1151,1732
6320092,454.26,315.075,462.5,314.475,1044,3074,1132,3070,1152,1734
6320094,454.58,315.9,463.38,313.575,1048,3083,1141,3061,1148,1731
6320096,455.14,315.3,463.22,313.95,1054,3076,1140,3064,1149,1736
6320098,453.7,315.3,462.9,314.4,1040,3076,1137,3068,1154,1730
6320100,454.58,315.225,463.3,314.25,1049,3075,1141,3067,1152,1733
6320102,454.18,315.225,463.7,314.925,1045,3074,1145,3074,1154,1733
6320104,454.26,317.025,463.38,314.55,1045,3094,1142,3070,1159,1732
6320106,454.18,316.05,463.14,314.025,1045,3083,1140,3063,1158,1736
6320108,454.34,316.125,463.14,314.625,1046,3084,1140,3070,1158,1738
6320110,454.02,315.9,463.22,314.55,1044,3081,1141,3069,1153,1736
6320112,454.02,315.675,463.94,314.175,1044,3078,1148,3065,1152,1733
6320114,453.38,315.75,463.3,315,1038,3079,1142,3073,1153,1734
6320116,454.26,315.675,463.38,314.625,1047,3078,1144,3070,1155,1734
6320118,454.1,315.9,463.86,315,1046,3080,1148,3074,1151,1731
6320120,453.94,315.3,463.7,314.55,1044,3074,1147,3069,1152,1737
6320122,454.18,315.375,463.54,314.475,1047,3074,1146,3068,1155,1735
6320124,454.1,317.1,463.78,314.775,1045,3093,1148,3071,1154,1736
6320126,453.94,315.225,463.54,315.075,1044,3072,1145,3073,1154,1730
6320128,454.26,316.35,463.54,314.55,1048,3085,1146,3068,1156,1735
6320130,453.38,316.725,463.62,314.775,1038,3088,1147,3070,1153,1734
6320132,454.18,315.9,463.14,314.625,1047,3079,1141,3068,1153,1733
6320134,454.66,315.675,463.7,314.775,1052,3076,1147,3070,1153,1733
6320136,454.1,316.5,463.3,315.525,1046,3086,1143,3078,1154,1732
6320138,453.86,315.45,463.22,314.925,1044,3074,1143,3071,1154,1731
6320140,454.02,315.6,464.02,314.025,1046,3075,1151,3062,1158,1735
6320142,453.94,315.525,463.62,315.075,1045,3075,1147,3073,1154,1732
6320144,453.94,315.45,463.7,314.4,1044,3074,1148,3065,1156,1732
6320146,453.46,315.825,463.3,314.775,1040,3078,1144,3070,1157,1732
6320148,454.18,315.675,463.46,314.55,1047,3076,1145,3067,1158,1737
6320150,454.26,315.525,463.22,314.85,1048,3074,1143,3070,1157,1733
6320152,454.18,315.825,463.78,313.95,1047,3078,1149,3060,1153,1735
6320154,453.14,315.9,463.38,314.025,1036,3078,1145,3061,1152,1735
6320156,453.3,314.775,463.38,314.4,1038,3066,1145,3065,1150,1733
6320158,454.02,315.375,463.46,313.95,1045,3072,1145,3060,1154,1730
6320160,453.46,315.675,463.46,313.95,1039,3076,1145,3060,1153,1734
6320162,453.3,315.75,463.46,313.95,1037,3077,1145,3060,1151,1729
6320164,453.46,315.9,463.06,314.625,1039,3078,1140,3067,1154,1733
6320166,454.26,316.2,463.38,314.025,1047,3082,1144,3061,1156,1735
6320168,453.14,316.2,463.06,314.475,1035,3082,1140,3066,1155,1733
6320170,454.02,314.925,463.06,314.4,1045,3068,1140,3066,1151,1732
6320172,452.5,316.125,463.38,314.1,1028,3080,1143,3063,1156,1735
6320174,453.7,316.725,463.38,314.55,1040,3088,1143,3067,1156,1732
6320176,453.06,316.275,462.82,314.7,1034,3083,1137,3069,1161,1736
6320178,453.38,314.925,463.38,313.8,1037,3069,1143,3060,1160,1735
6320180,453.38,316.5,462.82,314.925,1037,3086,1137,3072,1157,1735
6320182,452.9,316.5,462.98,314.7,1032,3086,1138,3070,1161,1737
6320184,452.74,316.275,462.98,314.7,1030,3083,1139,3069,1160,1738
6320186,453.06,315.6,463.14,315.075,1034,3076,1140,3074,1160,1735
6320188,452.5,315.9,462.98,314.625,1028,3079,1138,3069,1156,1735
6320190,453.38,315.225,463.46,314.1,1037,3072,1143,3063,1160,1737
6320192,453.46,316.125,462.98,314.325,1037,3082,1139,3065,1153,1739
6320194,453.54,316.275,463.38,315,1038,3084,1142,3073,1156,1734
6320196,452.98,315.45,463.54,313.875,1033,3074,1144,3061,1160,1739
6320198,453.7,316.35,462.9,314.55,1039,3084,1136,3068,1158,1738
6320200,453.7,316.2,462.82,314.55,1039,3083,1136,3068,1158,1736
6320202,452.74,317.175,463.14,314.1,1029,3093,1139,3064,1166,1738
6320204,453.14,315.975,463.38,314.175,1033,3081,1142,3064,1167,1741
6320206,452.82,318.075,463.46,314.475,1029,3104,1142,3067,1172,1736
6320208,452.74,315.525,462.98,314.1,1029,3076,1137,3064,1169,1739
6320210,453.78,315.45,462.98,314.325,1040,3076,1137,3066,1170,1740
6320212,452.98,315.9,462.98,314.325,1031,3080,1137,3066,1162,1740
6320214,453.22,315.225,463.62,314.325,1033,3073,1144,3067,1162,1740
6320216,452.66,314.625,463.7,314.025,1028,3066,1144,3063,1163,1740
6320218,453.7,315.525,463.22,314.325,1038,3077,1139,3066,1166,1739
6320220,452.82,315.9,463.78,314.1,1029,3080,1145,3064,1169,1741
6320222,452.66,314.55,463.62,313.875,1027,3065,1143,3061,1170,1740
6320224,453.7,315.9,464.02,314.025,1038,3081,1147,3063,1171,1740
6320226,453.46,315.825,463.38,314.4,1035,3080,1140,3067,1171,1740
6320228,453.38,316.35,464.1,313.725,1034,3085,1148,3060,1175,1741
6320230,453.54,316.65,463.3,314.325,1036,3089,1140,3066,1174,1740
6320232,453.54,315.075,463.22,313.875,1036,3071,1138,3062,1170,1743
6320234,452.58,314.85,463.54,314.025,1026,3068,1141,3063,1172,1741
6320236,452.82,314.85,463.94,314.1,1028,3068,1146,3064,1172,1742
6320238,454.02,314.1,463.46,313.8,1041,3061,1141,3061,1170,1745
6320240,453.14,314.175,463.94,314.25,1032,3061,1146,3066,1168,1743
6320242,453.3,314.55,463.54,314.25,1034,3066,1141,3066,1173,1742
6320244,453.54,314.1,463.86,314.025,1036,3060,1145,3063,1175,1743
6320246,453.78,315.825,463.54,314.625,1038,3080,1142,3069,1168,1742
6320248,453.06,314.7,463.46,314.25,1031,3067,1141,3066,1174,1744
6320250,453.86,315.6,463.54,314.625,1040,3077,1142,3069,1175,1742
6320252,453.38,315.9,463.86,315.225,1035,3080,1145,3076,1175,1745
6320254,453.38,314.325,463.94,314.625,1035,3063,1146,3069,1172,1746
6320256,454.82,315.6,463.3,314.4,1050,3077,1139,3067,1170,1746
6320258,453.7,314.7,463.94,314.1,1039,3067,1147,3064,1170,1744
6320260,453.86,314.325,463.78,314.475,1040,3063,1145,3068,1173,1741
6320262,454.1,314.7,463.86,314.25,1042,3067,1146,3065,1169,1744
6320264,454.5,314.025,464.42,314.55,1047,3060,1151,3069,1171,1744
6320266,454.34,314.775,464.02,314.4,1045,3068,1148,3067,1175,1745
6320268,454.1,315.15,463.78,314.325,1043,3072,1145,3066,1176,1747
6320270,454.58,314.55,463.62,314.4,1048,3066,1143,3067,1172,1745
6320272,454.26,314.55,464.42,314.25,1044,3066,1152,3066,1180,1747
6320274,453.54,315,464.34,314.925,1037,3070,1151,3073,1181,1748
6320276,453.54,313.8,463.62,314.775,1037,3057,1143,3071,1179,1748
6320278,452.98,314.775,464.42,314.55,1031,3067,1152,3068,1183,1747
6320280,453.7,315,463.46,314.475,1039,3070,1142,3067,1184,1749
6320282,453.54,313.65,463.86,314.25,1037,3054,1146,3065,1180,1748
6320284,453.94,313.8,463.94,313.95,1041,3057,1147,3062,1181,1750
6320286,453.86,314.55,463.86,314.55,1040,3065,1145,3068,1184,1749
6320288,453.22,314.775,463.46,314.775,1033,3067,1141,3070,1189,1753
6320290,453.7,314.325,463.62,314.925,1038,3063,1143,3072,1183,1751
6320292,453.38,313.5,463.86,314.775,1035,3053,1146,3071,1182,1754
6320294,454.26,314.1,463.78,315,1044,3060,1144,3073,1179,1750
6320296,454.26,315.6,463.78,314.625,1044,3076,1144,3069,1189,1751
6320298,453.86,314.55,463.54,315,1040,3065,1142,3073,1185,1753
6320300,453.22,312.675,463.46,315.3,1033,3044,1141,3076,1188,1753
6320302,453.22,315.15,463.78,315.225,1033,3071,1144,3075,1190,1752
6320304,453.78,313.95,463.3,314.55,1039,3058,1139,3068,1192,1755
6320306,453.38,313.575,462.82,315.3,1035,3054,1134,3076,1189,1755
6320308,454.26,314.85,463.54,315.3,1044,3068,1142,3076,1192,1751
6320310,453.78,314.4,463.54,315.6,1038,3064,1141,3080,1193,1754
6320312,453.14,314.475,462.9,315.375,1031,3064,1134,3077,1190,1753
6320314,453.78,313.425,463.06,314.7,1039,3053,1136,3070,1188,1754
6320316,453.14,314.475,463.06,315.075,1031,3064,1135,3074,1193,1756
6320318,453.46,315.975,463.14,315.15,1034,3081,1137,3075,1189,1754
6320320,452.9,314.1,463.14,314.625,1029,3060,1137,3069,1192,1758
6320322,452.98,314.55,462.82,315.45,1029,3065,1133,3079,1193,1757
6320324,453.46,314.175,463.06,315,1034,3061,1136,3073,1188,1756
6320326,453.06,313.725,463.22,315.225,1030,3056,1136,3076,1190,1754
6320328,452.5,315.375,462.9,315.15,1024,3074,1133,3075,1193,1755
6320330,453.7,313.575,463.06,315.075,1037,3055,1135,3074,1184,1755
6320332,453.7,313.725,462.66,315.075,1036,3057,1130,3074,1193,1757
6320334,453.06,312.375,462.82,315.075,1030,3041,1132,3074,1194,1759
6320336,453.94,313.05,463.06,314.55,1039,3049,1135,3068,1197,1757
6320338,453.78,313.95,462.9,314.925,1036,3059,1132,3072,1195,1757
6320340,452.98,311.85,462.74,314.4,1029,3035,1130,3067,1189,1761
6320342,453.22,314.25,463.3,314.775,1030,3062,1136,3071,1192,1757
6320344,454.18,312.6,463.3,313.8,1041,3044,1137,3060,1196,1758
6320346,453.14,311.1,463.14,315,1030,3027,1134,3074,1193,1758
6320348,452.82,312,462.82,314.325,1027,3037,1131,3066,1193,1759
6320350,453.06,312.075,462.9,314.475,1029,3038,1132,3068,1192,1758
6320352,453.06,311.7,462.98,314.55,1028,3034,1132,3069,1196,1756
6320354,452.66,312.525,462.74,314.7,1024,3042,1130,3070,1190,1756
6320356,453.38,313.275,462.42,314.625,1031,3051,1126,3069,1182,1756
6320358,453.14,311.25,462.82,314.625,1029,3029,1130,3070,1190,1759
6320360,452.34,311.55,462.42,314.85,1020,3032,1125,3072,1190,1757
6320362,453.14,314.175,462.74,314.625,1028,3061,1129,3069,1196,1760
6320364,453.38,311.55,462.82,314.4,1031,3033,1130,3067,1190,1758
6320366,452.42,313.2,462.66,314.55,1020,3050,1128,3069,1186,1760
6320368,452.9,313.8,462.42,314.925,1025,3057,1125,3073,1197,1762
6320370,453.86,312.45,463.06,314.7,1036,3043,1132,3070,1194,1757
6320372,452.74,313.575,463.22,315,1023,3055,1133,3074,1195,1759
6320374,453.46,312.75,462.82,315.825,1030,3046,1129,3083,1197,1762
6320376,452.26,310.575,463.06,316.35,1019,3022,1131,3089,1192,1762
6320378,452.42,312.225,462.82,315.975,1019,3040,1128,3085,1198,1761
6320380,452.74,312.075,462.18,314.85,1023,3038,1121,3073,1194,1762
6320382,453.54,311.025,462.74,314.7,1031,3027,1127,3071,1193,1758
6320384,452.74,310.8,462.9,315,1023,3024,1129,3074,1192,1760
6320386,452.74,313.65,462.82,315.225,1022,3056,1128,3077,1196,1759
6320388,453.7,310.725,463.06,315.15,1033,3024,1130,3076,1192,1756
6320390,453.38,311.925,462.74,315,1029,3038,1127,3075,1193,1757
6320392,453.54,311.175,462.9,314.625,1031,3029,1129,3070,1192,1760
6320394,452.66,310.875,463.54,314.475,1021,3026,1135,3069,1198,1760
6320396,453.46,309.45,462.5,314.7,1030,3010,1123,3071,1194,1763
6320398,452.58,312.225,462.74,313.8,1019,3040,1126,3062,1196,1767
6320400,453.7,310.275,463.14,313.95,1032,3020,1130,3064,1194,1762
6320402,451.94,309.675,462.82,314.85,1013,3012,1127,3073,1199,1759
6320404,453.46,309.975,462.58,314.325,1029,3017,1124,3068,1195,1764
6320406,452.1,310.5,463.06,313.275,1015,3023,1129,3056,1198,1762
6320408,453.14,310.65,462.5,314.55,1025,3024,1123,3070,1197,1761
6320410,452.58,309.75,463.14,314.4,1019,3014,1130,3069,1195,1758
6320412,453.22,308.85,462.66,314.55,1026,3004,1124,3071,1199,1760
6320414,452.5,309.375,462.34,313.95,1019,3010,1121,3064,1194,1766
6320416,452.66,311.1,463.22,314.4,1020,3029,1130,3069,1199,1759
6320418,452.58,309.375,462.74,314.7,1019,3010,1124,3073,1197,1765
6320420,452.02,310.125,462.98,314.55,1013,3018,1127,3070,1198,1759
6320422,452.98,310.5,463.3,314.55,1023,3023,1130,3071,1195,1759
6320424,452.82,310.125,463.06,314.775,1021,3019,1127,3073,1195,1765
6320426,453.22,310.2,462.98,314.775,1025,3020,1126,3073,1193,1760
6320428,452.58,309.9,463.3,315.225,1018,3016,1129,3078,1199,1762
6320430,453.14,310.2,462.9,315,1023,3019,1125,3076,1194,1762
6320432,451.94,310.275,462.34,315.975,1011,3021,1119,3086,1189,1765
6320434,452.9,310.875,462.98,315.825,1020,3027,1125,3086,1195,1760
6320436,452.5,311.1,462.74,316.5,1016,3030,1122,3093,1192,1767
6320438,452.82,312.45,463.3,314.625,1019,3045,1128,3072,1192,1760
6320440,452.42,311.4,462.98,315.525,1016,3033,1125,3083,1198,1766
6320442,452.34,312.45,462.9,317.175,1014,3045,1124,3101,1192,1763
6320444,451.86,311.025,462.5,316.125,1009,3029,1120,3089,1183,1766
6320446,452.74,310.05,462.5,316.275,1019,3019,1119,3090,1190,1761
6320448,452.26,309.975,463.06,316.5,1014,3018,1126,3093,1190,1765
6320450,453.54,311.1,463.3,315.75,1027,3030,1128,3085,1186,1760
6320452,452.9,310.8,463.3,315.675,1021,3027,1128,3084,1181,1758
6320454,452.1,310.275,463.38,316.8,1012,3022,1128,3097,1193,1764
6320456,453.3,310.125,463.3,315.15,1024,3020,1128,3079,1186,1762
6320458,453.3,310.2,462.74,315.3,1024,3021,1122,3080,1190,1760
6320460,452.9,310.05,463.3,314.475,1020,3019,1128,3071,1186,1756
6320462,453.14,309.825,463.3,315.75,1022,3017,1128,3086,1183,1765
6320464,451.86,309.975,462.9,315.075,1009,3019,1124,3078,1190,1766
6320466,452.82,309.825,463.46,315.6,1020,3017,1130,3085,1189,1760
6320468,452.74,309.975,463.3,315.6,1018,3019,1128,3085,1192,1764
6320470,452.5,310.425,463.14,315.375,1016,3024,1126,3082,1193,1762
6320472,453.22,308.475,463.46,314.775,1024,3003,1130,3076,1189,1763
6320474,452.98,308.475,463.22,315.75,1022,3003,1127,3087,1186,1765
6320476,452.82,310.05,463.06,314.175,1019,3020,1126,3069,1188,1761
6320478,452.58,308.175,463.46,314.85,1018,3000,1131,3077,1190,1757
6320480,452.98,307.5,463.06,314.7,1022,2993,1126,3075,1191,1764
6320482,452.26,308.475,462.98,313.95,1015,3003,1126,3067,1188,1760
6320484,452.66,309.15,463.22,313.575,1018,3011,1128,3063,1190,1762
6320486,452.66,308.25,462.82,314.025,1019,3001,1124,3068,1186,1764
6320488,452.26,306.825,462.82,313.425,1015,2985,1124,3061,1189,1764
6320490,452.9,307.95,463.3,313.275,1021,2997,1129,3060,1187,1760
6320492,452.18,306.825,462.66,313.125,1014,2986,1122,3058,1189,1765
6320494,452.26,308.4,462.5,312.525,1014,3003,1121,3052,1187,1765
6320496,452.98,308.625,463.22,312.6,1022,3005,1129,3053,1186,1761
6320498,453.14,307.725,463.14,314.325,1024,2996,1127,3072,1187,1764
6320500,452.5,308.025,463.38,313.35,1017,2999,1130,3061,1192,1762
6320502,452.34,308.475,463.38,313.8,1015,3004,1130,3067,1192,1763
6320504,452.18,307.275,463.38,315.45,1014,2990,1129,3085,1192,1766
6320506,452.42,308.4,463.3,314.25,1016,3003,1129,3072,1190,1761
6320508,452.18,308.85,463.06,315.3,1013,3009,1126,3083,1190,1768
6320510,452.82,308.775,463.38,315.9,1020,3008,1129,3090,1187,1763
6320512,452.1,309.9,463.7,316.425,1012,3020,1133,3096,1187,1769
6320514,452.18,309.075,463.46,317.175,1013,3011,1129,3105,1192,1772
6320516,451.86,310.725,464.02,317.175,1009,3029,1135,3104,1181,1767
6320518,451.78,309.975,463.78,317.025,1008,3022,1133,3103,1185,1768
6320520,451.86,309.975,463.46,317.25,1009,3022,1130,3106,1189,1774
6320522,451.06,312.525,463.94,317.475,1000,3051,1134,3109,1182,1770
6320524,451.06,311.25,464.18,317.55,1001,3037,1137,3111,1187,1771
6320526,451.38,311.4,464.02,318.75,1004,3039,1135,3124,1189,1765
6320528,452.34,313.725,464.02,318.75,1014,3065,1135,3124,1184,1769
6320530,451.46,311.775,464.42,318.6,1005,3044,1139,3124,1181,1766
6320532,451.7,312.375,463.86,318.375,1007,3051,1133,3121,1186,1771
6320534,451.7,314.925,464.26,318.375,1006,3079,1137,3121,1184,1768
6320536,452.42,312.225,463.94,318.675,1014,3050,1134,3125,1185,1769
6320538,451.3,313.5,464.02,318.525,1002,3064,1135,3124,1185,1768
6320540,451.62,313.05,464.42,318.525,1006,3059,1139,3125,1183,1768
6320542,451.22,313.125,464.74,318.525,1001,3061,1142,3125,1180,1767
6320544,451.46,310.2,464.34,318.375,1005,3029,1138,3124,1185,1769
6320546,451.86,312.3,464.34,317.325,1008,3053,1138,3113,1177,1769
6320548,451.3,311.475,464.02,317.025,1002,3044,1135,3110,1180,1771
6320550,451.78,312.375,464.74,318.075,1007,3055,1142,3122,1180,1769
6320552,451.14,311.475,463.94,317.1,1001,3044,1134,3111,1179,1771
6320554,451.3,311.25,463.78,316.95,1003,3043,1132,3110,1177,1772
6320556,450.9,312.975,464.18,316.275,998,3061,1136,3102,1175,1770
6320558,450.66,311.475,464.18,317.1,995,3045,1136,3112,1176,1767
6320560,450.34,310.575,463.46,316.5,992,3036,1128,3105,1179,1771
6320562,451.38,311.625,464.1,315.9,1002,3047,1135,3099,1176,1769
6320564,449.94,312.45,463.46,315.9,987,3056,1128,3098,1179,1773
6320566,450.1,312.225,463.78,315.6,988,3054,1131,3095,1180,1769
6320568,450.82,311.55,463.78,316.65,996,3047,1131,3107,1179,1772
6320570,450.1,311.625,462.98,316.125,988,3047,1122,3101,1180,1776
6320572,450.58,311.85,463.06,316.275,993,3050,1123,3103,1180,1776
6320574,450.66,311.55,463.3,316.05,994,3046,1126,3100,1176,1772
6320576,449.54,310.95,463.06,316.35,982,3040,1123,3103,1181,1777
6320578,449.46,310.275,462.9,316.5,981,3032,1121,3104,1183,1774
6320580,450.1,310.95,462.82,316.725,987,3039,1119,3107,1180,1775
6320582,449.62,309.825,462.66,316.8,982,3026,1117,3107,1183,1775
6320584,449.94,311.475,462.66,316.2,985,3044,1118,3101,1176,1779
6320586,449.86,310.65,462.66,316.425,984,3035,1117,3103,1181,1775
6320588,449.46,311.775,462.66,317.025,980,3047,1117,3109,1179,1776
6320590,449.46,312.675,462.58,316.425,979,3057,1116,3102,1174,1776
6320592,449.38,311.4,462.5,316.95,979,3043,1115,3109,1183,1774
6320594,448.9,310.875,462.58,317.625,973,3037,1116,3115,1182,1777
6320596,448.98,312.675,462.1,317.85,974,3056,1110,3118,1179,1774
6320598,449.14,311.025,462.26,316.95,976,3038,1111,3107,1184,1775
6320600,448.34,312.675,462.26,317.85,967,3055,1112,3117,1178,1776
6320602,448.98,313.05,462.18,318,973,3060,1110,3118,1179,1778
6320604,449.06,311.7,462.18,317.625,974,3045,1110,3114,1185,1776
6320606,448.34,314.1,462.18,317.7,965,3070,1109,3115,1177,1779
6320608,448.98,311.55,462.1,317.925,972,3043,1109,3117,1182,1778
6320610,449.22,312.825,462.66,318.3,974,3056,1114,3121,1180,1777
6320612,448.9,312.825,462.26,317.775,970,3056,1110,3115,1178,1778
6320614,448.26,312.225,462.34,317.25,964,3049,1111,3109,1184,1776
6320616,449.06,311.775,462.5,317.85,973,3044,1112,3115,1184,1778
6320618,448.82,312.75,462.34,318.15,969,3054,1110,3118,1178,1775
6320620,449.22,311.775,462.66,317.1,974,3044,1113,3107,1181,1779
6320622,449.3,314.1,462.66,317.55,973,3069,1114,3112,1182,1781
6320624,448.9,312.975,462.74,317.325,969,3057,1114,3109,1181,1779
6320626,449.38,311.7,462.66,317.55,975,3043,1113,3112,1182,1781
6320628,449.38,313.125,462.74,317.775,974,3058,1114,3114,1182,1779
6320630,449.38,312.375,462.9,317.85,974,3049,1115,3115,1176,1778
6320632,449.7,313.65,462.98,317.85,977,3063,1116,3115,1176,1777
6320634,449.54,312.3,462.98,317.85,976,3049,1116,3115,1181,1781
6320636,449.14,313.35,462.82,317.475,971,3060,1114,3110,1177,1777
6320638,449.62,313.125,463.06,317.775,976,3057,1116,3114,1179,1779
6320640,449.54,312.075,462.82,318.3,976,3046,1114,3119,1181,1779
6320642,451.06,311.85,463.06,318,992,3044,1116,3116,1175,1780
6320644,449.78,312.525,463.06,318,978,3051,1116,3116,1180,1775
6320646,449.94,311.55,463.78,318.45,980,3040,1123,3121,1182,1775
6320648,449.38,313.35,463.22,318.3,973,3060,1118,3119,1176,1779
6320650,449.54,314.475,463.7,318.3,975,3072,1123,3119,1175,1777
6320652,449.94,312.375,462.9,317.925,980,3049,1115,3115,1178,1779
6320654,450.1,311.475,463.22,317.7,982,3039,1118,3112,1180,1779
6320656,450.66,313.65,463.46,317.7,987,3064,1121,3112,1171,1779
6320658,451.3,312.45,463.38,318,995,3051,1120,3116,1173,1777
6320660,450.02,312.15,462.98,317.925,982,3047,1117,3114,1171,1782
6320662,450.42,312.825,463.14,317.7,986,3055,1118,3112,1173,1777
6320664,450.58,313.35,463.22,317.625,988,3060,1120,3112,1172,1779
6320666,451.14,313.2,463.3,317.85,994,3060,1121,3115,1173,1777
6320668,450.58,312.375,463.38,317.925,988,3050,1121,3116,1173,1777
6320670,451.46,311.1,463.38,317.85,999,3036,1123,3115,1175,1778
6320672,450.66,311.925,463.7,318.45,990,3046,1126,3121,1175,1777
6320674,451.46,313.5,463.14,318,999,3063,1120,3117,1171,1778
6320676,450.58,312.15,463.46,317.55,990,3048,1124,3112,1174,1779
6320678,449.94,313.2,463.14,318.9,983,3060,1121,3127,1176,1777
6320680,449.62,312.15,463.14,318.375,980,3048,1121,3121,1182,1777
6320682,450.66,313.575,463.14,318.825,992,3065,1122,3127,1173,1778
6320684,450.5,312.225,463.62,318.45,990,3050,1126,3123,1178,1779
6320686,450.34,314.175,463.06,318.75,988,3072,1121,3127,1177,1779
6320688,450.82,313.65,463.3,318.075,994,3066,1124,3119,1174,1777
6320690,449.78,313.65,463.14,319.05,984,3066,1122,3130,1173,1777
6320692,450.1,314.55,463.14,319.05,986,3076,1123,3130,1177,1776
6320694,450.18,313.5,462.98,318.825,988,3065,1121,3128,1175,1780
6320696,450.02,314.325,462.9,319.425,986,3074,1120,3134,1177,1780
6320698,449.86,314.325,463.62,320.325,986,3075,1129,3146,1174,1778
6320700,450.58,314.85,462.82,319.125,993,3080,1121,3132,1175,1780
6320702,449.22,314.475,463.3,319.8,979,3076,1125,3140,1177,1779
6320704,450.18,314.775,462.82,319.65,989,3080,1121,3139,1177,1778
6320706,449.38,314.625,463.14,320.1,981,3079,1125,3144,1180,1782
6320708,449.46,315.225,463.54,320.325,981,3086,1129,3147,1178,1776
6320710,450.9,315.225,463.62,319.5,997,3087,1130,3139,1178,1776
6320712,449.22,315,463.54,320.325,980,3084,1129,3148,1181,1782
6320714,448.82,315.15,463.38,319.35,976,3086,1128,3137,1182,1779
6320716,450.1,315.525,463.06,319.875,989,3091,1125,3143,1180,1781
6320718,449.7,315,463.86,320.1,985,3086,1133,3146,1182,1779
6320720,449.7,315.75,463.38,320.025,985,3094,1128,3145,1176,1779
6320722,449.7,314.7,463.22,319.725,985,3084,1127,3143,1176,1778
6320724,448.98,314.625,463.38,319.35,978,3082,1128,3139,1177,1779
6320726,449.14,314.775,463.06,318.975,980,3084,1125,3136,1177,1775
6320728,449.22,314.025,462.9,319.5,981,3077,1124,3141,1176,1776
6320730,449.3,314.925,462.98,319.275,982,3087,1124,3140,1180,1779
6320732,449.06,313.425,462.9,318.825,980,3070,1124,3135,1177,1780
6320734,449.06,315.15,463.06,318.975,979,3090,1125,3137,1180,1781
6320736,449.3,313.95,462.9,319.425,982,3077,1123,3142,1178,1782
6320738,449.3,312.975,462.66,318.675,982,3067,1122,3134,1173,1780
6320740,449.62,315.675,462.5,318.375,984,3096,1119,3130,1181,1781
6320742,449.14,313.8,462.34,318.15,980,3076,1118,3129,1179,1782
6320744,449.54,313.725,462.5,318.225,984,3076,1119,3129,1173,1780
6320746,449.7,314.175,462.66,317.925,986,3081,1122,3127,1176,1779
6320748,448.66,313.125,462.5,317.925,975,3069,1119,3126,1176,1781
6320750,448.66,315.075,462.34,318.15,975,3090,1118,3129,1176,1780
6320752,448.98,313.875,462.34,318.15,979,3078,1118,3129,1181,1780
6320754,449.86,312.9,462.1,318.075,988,3067,1116,3129,1176,1779
6320756,448.18,312.45,462.02,317.775,970,3062,1115,3125,1177,1781
6320758,448.82,313.05,462.34,317.925,976,3068,1118,3127,1173,1780
6320760,448.98,314.625,462.02,317.625,978,3086,1114,3123,1178,1781
6320762,448.66,313.5,461.94,318.525,974,3073,1112,3133,1177,1780
6320764,449.06,315,462.34,318.3,978,3090,1117,3131,1175,1780
6320766,448.34,313.8,461.86,318.225,971,3076,1112,3130,1179,1781
6320768,448.34,314.325,461.94,318.3,970,3082,1113,3131,1176,1779
6320770,448.42,314.7,461.86,318.075,971,3086,1112,3128,1181,1782
6320772,448.02,314.325,462.02,317.625,967,3082,1114,3123,1183,1780
6320774,448.5,313.125,461.62,317.55,972,3068,1109,3122,1179,1783
6320776,448.82,314.175,461.7,317.925,975,3080,1110,3126,1178,1786
6320778,448.34,314.1,461.86,317.475,970,3079,1111,3121,1183,1783
6320780,448.66,313.05,461.62,317.55,974,3068,1109,3122,1180,1788
6320782,448.9,313.95,461.62,317.175,976,3078,1109,3117,1176,1786
6320784,448.26,313.2,462.02,317.25,969,3069,1112,3118,1179,1784
6320786,448.58,312.825,461.54,317.625,972,3065,1107,3122,1178,1784
6320788,448.42,313.725,461.62,317.55,970,3074,1108,3121,1178,1785
6320790,448.42,312.375,462.02,317.325,970,3060,1112,3119,1183,1784
6320792,448.82,314.325,461.78,317.4,974,3081,1110,3120,1180,1784
6320794,448.58,312.15,461.3,317.25,972,3057,1104,3117,1184,1783
6320796,448.1,311.625,461.78,317.175,967,3051,1109,3117,1185,1784
6320798,448.34,311.625,461.62,317.325,969,3050,1107,3118,1178,1787
6320800,449.22,311.625,461.86,317.625,978,3051,1109,3121,1183,1789
6320802,448.9,314.25,461.78,317.25,974,3080,1109,3117,1181,1786
6320804,448.42,312.525,461.62,317.25,969,3061,1107,3117,1176,1786
6320806,448.58,312,461.46,317.4,971,3055,1105,3119,1180,1787
6320808,448.98,311.7,461.94,317.475,976,3052,1110,3119,1186,1785
6320810,448.5,313.575,462.1,317.475,970,3072,1112,3120,1182,1785
6320812,447.94,312.975,461.94,316.725,964,3065,1110,3111,1178,1789
6320814,448.58,313.65,461.78,317.475,970,3072,1108,3120,1178,1787
6320816,449.62,314.625,462.02,317.325,980,3084,1110,3118,1181,1787
6320818,448.18,314.175,462.1,317.7,965,3078,1111,3122,1184,1785
6320820,449.22,313.35,462.26,317.925,976,3070,1113,3125,1183,1788
6320822,449.14,314.4,462.26,317.925,975,3081,1113,3125,1182,1788
6320824,449.14,313.425,462.18,317.7,975,3071,1111,3122,1183,1785
6320826,448.98,313.425,462.34,317.7,973,3071,1113,3122,1183,1787
6320828,448.98,315.075,462.5,318,973,3089,1115,3126,1182,1787
6320830,449.06,314.175,462.5,318,974,3079,1115,3126,1183,1787
6320832,448.9,314.475,462.34,317.775,972,3082,1113,3123,1183,1790
6320834,448.9,315.225,462.42,318.225,972,3091,1113,3129,1180,1790
6320836,449.38,316.05,462.42,318,977,3101,1114,3126,1183,1785
6320838,448.98,314.625,462.02,318.375,973,3086,1109,3131,1183,1787
6320840,449.54,315.525,462.5,317.7,979,3095,1114,3124,1179,1786
6320842,449.38,314.85,462.26,318,977,3089,1112,3127,1183,1787
6320844,448.9,315.3,462.5,317.85,972,3093,1114,3126,1186,1789
6320846,449.14,314.625,462.42,317.4,974,3087,1113,3122,1181,1787
6320848,448.42,315.525,462.18,318.075,966,3097,1111,3130,1186,1787
6320850,448.66,314.55,462.26,317.7,969,3087,1111,3125,1181,1787
6320852,448.98,315.375,462.18,317.7,971,3096,1111,3125,1183,1789
6320854,450.18,315.375,462.02,318.3,984,3096,1108,3133,1182,1788
6320856,448.82,314.4,462.42,317.325,970,3085,1112,3122,1187,1787
6320858,449.3,315,461.94,318.15,975,3093,1106,3132,1185,1790
6320860,449.06,315.45,462.26,317.625,972,3097,1110,3126,1185,1791
6320862,449.78,314.25,462.42,317.475,980,3085,1112,3125,1179,1789
6320864,448.9,314.55,462.26,317.55,970,3088,1111,3126,1184,1789
6320866,449.78,315.15,462.02,317.85,979,3096,1107,3129,1182,1791
6320868,449.78,314.025,462.26,317.1,979,3083,1110,3121,1183,1789
6320870,449.06,314.7,462.02,317.25,972,3091,1107,3123,1179,1790
6320872,449.14,314.7,462.02,316.875,973,3090,1108,3119,1184,1793
6320874,448.58,315.075,461.94,316.725,966,3095,1106,3118,1189,1789
6320876,449.3,313.5,461.78,317.325,974,3078,1105,3124,1186,1793
6320878,449.3,313.725,461.86,316.95,973,3081,1105,3120,1187,1796
6320880,449.3,314.25,461.78,316.8,973,3087,1104,3118,1184,1793
6320882,448.82,313.575,461.86,317.475,968,3079,1104,3127,1188,1794
6320884,449.46,314.475,461.62,317.475,975,3089,1102,3126,1186,1798
6320886,448.74,314.925,461.7,316.425,966,3094,1102,3115,1188,1793
6320888,449.3,314.625,461.46,317.55,972,3091,1099,3128,1186,1792
6320890,449.14,314.55,461.86,317.25,970,3090,1103,3124,1185,1794
6320892,448.42,314.85,462.02,316.65,963,3093,1105,3118,1189,1795
6320894,448.9,314.625,461.78,317.625,966,3091,1101,3128,1189,1794
6320896,449.54,312.525,462.18,316.575,974,3068,1106,3117,1189,1797
6320898,448.82,314.25,461.94,317.175,965,3087,1102,3123,1187,1795
6320900,448.18,314.25,461.86,317.1,958,3087,1101,3123,1187,1794
6320902,449.06,314.25,462.02,317.025,967,3087,1103,3122,1186,1797
6320904,448.42,314.625,461.86,317.4,960,3091,1101,3126,1189,1793
6320906,448.26,314.55,461.7,317.175,958,3090,1099,3123,1188,1799
6320908,448.9,313.65,461.94,316.95,965,3080,1102,3121,1192,1797
6320910,449.54,314.7,461.78,317.325,970,3092,1098,3125,1188,1798
6320912,449.22,314.475,461.7,316.875,968,3089,1098,3120,1188,1801
6320914,448.98,315.225,461.62,316.5,964,3097,1097,3116,1190,1802
6320916,448.66,313.575,462.02,317.475,961,3079,1101,3126,1193,1800
6320918,448.58,313.425,462.1,317.175,960,3078,1101,3123,1188,1796
6320920,448.82,316.125,462.02,316.575,961,3107,1100,3117,1194,1799
6320922,448.26,314.25,462.26,317.4,955,3086,1102,3126,1191,1800
6320924,449.14,315.225,462.34,317.325,964,3098,1103,3125,1190,1796
6320926,449.3,313.65,462.02,316.275,966,3080,1099,3113,1193,1798
6320928,449.14,314.7,462.18,317.025,964,3092,1101,3122,1191,1798
6320930,449.38,315.3,462.18,316.725,965,3098,1100,3118,1190,1799
6320932,449.38,313.5,462.02,316.5,966,3079,1099,3116,1189,1802
6320934,449.22,314.325,462.58,316.875,964,3088,1104,3120,1191,1798
6320936,449.38,315,462.34,316.5,966,3095,1102,3116,1192,1800
6320938,449.38,314.925,462.34,315.525,965,3094,1102,3105,1191,1801
6320940,449.38,313.05,462.5,315.375,966,3073,1103,3104,1192,1800
6320942,449.14,314.475,462.26,316.05,962,3088,1100,3111,1191,1801
6320944,450.1,314.175,462.66,314.625,972,3086,1104,3095,1193,1800
6320946,449.62,313.575,462.66,314.85,967,3079,1104,3098,1191,1804
6320948,449.78,312.75,462.82,315,969,3070,1106,3099,1193,1803
6320950,449.94,314.4,462.98,315.45,971,3088,1107,3104,1194,1800
6320952,450.26,313.2,462.9,315.525,974,3075,1106,3105,1193,1802
6320954,449.78,311.85,462.74,315.9,969,3060,1105,3109,1194,1799
6320956,450.34,314.775,462.9,315.6,974,3092,1106,3105,1191,1800
6320958,449.7,314.025,462.5,315.75,968,3084,1103,3107,1194,1801
6320960,449.94,313.425,462.74,315.825,971,3077,1105,3108,1197,1803
6320962,450.26,313.425,462.74,315.6,974,3077,1105,3106,1192,1804
6320964,450.34,312.75,462.82,315.3,974,3070,1105,3102,1199,1801
6320966,450.26,315.225,462.66,315.75,972,3097,1103,3107,1196,1802
6320968,450.34,313.875,463.14,315.45,974,3082,1108,3104,1190,1803
6320970,450.5,315.3,462.9,316.125,974,3098,1105,3111,1194,1802
6320972,450.5,315.525,463.22,316.2,975,3100,1108,3112,1195,1805
6320974,450.26,315.75,463.22,316.35,971,3103,1108,3114,1198,1805
6320976,450.1,314.475,462.58,316.425,970,3089,1101,3114,1197,1803
6320978,450.1,315.45,462.74,317.25,970,3099,1102,3123,1195,1805
6320980,449.94,315.3,463.22,316.2,968,3097,1108,3112,1196,1805
6320982,449.94,315,462.74,316.125,967,3094,1102,3111,1200,1805
6320984,450.34,315.525,463.46,316.2,972,3100,1110,3111,1196,1804
6320986,450.42,315.15,462.58,316.35,972,3096,1100,3113,1197,1807
6320988,449.94,314.85,462.5,316.425,967,3092,1099,3113,1198,1807
6320990,449.94,314.1,462.34,317.4,967,3084,1096,3125,1196,1808
6320992,450.5,313.8,462.74,316.275,973,3081,1101,3112,1204,1812
6320994,450.1,314.25,462.98,316.35,968,3085,1103,3113,1197,1807
6320996,450.34,314.7,462.74,316.125,970,3090,1101,3110,1193,1806
6320998,450.34,315.075,462.9,315.825,969,3095,1102,3107,1194,1806
6321000,451.14,314.1,462.98,315.75,979,3083,1103,3106,1196,1809
6321002,450.26,315.6,462.26,316.05,968,3100,1094,3108,1192,1807
6321004,450.98,314.475,462.9,315.225,976,3087,1101,3099,1202,1808
6321006,450.98,314.025,462.74,315.75,975,3082,1098,3105,1198,1810
6321008,450.02,315.375,462.18,314.925,964,3097,1093,3096,1199,1811
6321010,450.58,314.775,462.42,315.75,970,3090,1094,3105,1204,1810
6321012,449.86,311.85,462.9,315.525,964,3058,1100,3103,1205,1806
6321014,450.74,314.325,462.34,315.225,972,3085,1093,3099,1202,1806
6321016,451.22,313.275,462.34,315.15,977,3074,1093,3098,1205,1808
6321018,451.06,313.2,462.26,315.15,975,3073,1092,3098,1203,1812
6321020,450.34,314.025,462.1,315,966,3082,1091,3096,1201,1811
6321022,450.66,312.45,462.42,315.225,970,3064,1093,3099,1205,1810
6321024,451.22,312.075,462.5,315.45,976,3060,1094,3101,1210,1811
6321026,450.42,313.425,462.34,314.7,966,3074,1092,3093,1203,1812
6321028,449.7,311.925,462.1,315,960,3057,1089,3095,1207,1810
6321030,450.82,313.05,463.14,314.925,971,3070,1100,3095,1206,1816
6321032,450.34,311.85,461.86,315,966,3057,1087,3095,1208,1811
6321034,450.82,313.875,462.26,315.075,970,3078,1091,3096,1208,1811
6321036,451.14,310.95,461.78,314.925,975,3047,1086,3094,1210,1816
6321038,450.5,313.575,462.5,314.625,966,3074,1093,3090,1207,1814
6321040,451.22,311.7,462.26,314.4,975,3055,1090,3088,1207,1812
6321042,450.98,314.1,462.74,315,971,3081,1095,3094,1216,1815
6321044,450.74,313.725,462.02,314.4,969,3076,1087,3087,1211,1814
6321046,451.38,312.6,462.98,314.775,976,3064,1097,3091,1208,1817
6321048,451.3,312.75,462.42,314.475,975,3065,1091,3088,1214,1816
6321050,450.74,312.45,462.58,313.875,969,3062,1094,3081,1213,1814
6321052,452.34,314.175,462.98,314.925,986,3081,1098,3093,1213,1817
6321054,451.78,313.65,462.66,314.925,980,3074,1095,3092,1213,1815
6321056,451.22,312.825,462.82,315.45,974,3065,1096,3098,1210,1819
6321058,451.86,314.25,463.14,315.45,981,3081,1099,3098,1215,1817
6321060,451.62,313.65,463.06,314.85,978,3075,1099,3092,1215,1815
6321062,451.62,312.975,463.22,314.7,979,3066,1100,3090,1215,1814
6321064,451.86,313.5,462.98,315.075,981,3072,1098,3094,1207,1819
6321066,451.62,312.3,462.82,314.775,980,3059,1097,3090,1209,1814
6321068,451.7,313.2,463.7,315.6,980,3069,1105,3100,1211,1817
6321070,452.02,313.725,463.54,315.375,983,3075,1104,3097,1207,1816
6321072,451.86,313.5,463.54,315.15,982,3072,1104,3094,1212,1819
6321074,451.62,314.175,463.62,316.2,979,3079,1104,3106,1213,1817
6321076,451.7,314.1,464.1,315.45,980,3078,1110,3098,1221,1822
6321078,452.42,313.575,463.86,314.925,988,3073,1108,3092,1217,1820
6321080,452.1,314.625,463.86,315.45,984,3085,1107,3098,1223,1822
6321082,451.94,315.6,463.62,315.45,983,3096,1106,3098,1221,1821
6321084,452.66,314.1,463.62,315.9,991,3080,1106,3103,1220,1821
6321086,452.34,313.875,463.46,315.3,988,3077,1105,3096,1224,1824
6321088,450.9,315,463.86,315.975,972,3089,1108,3104,1223,1824
6321090,452.58,315,463.94,315.45,990,3090,1110,3099,1225,1821
6321092,452.66,313.725,463.94,315.525,992,3076,1110,3100,1223,1828
6321094,452.1,314.7,464.26,315.525,986,3087,1113,3100,1221,1825
6321096,452.66,314.775,464.26,315.6,992,3088,1114,3100,1212,1824
6321098,453.3,314.475,464.02,314.925,999,3085,1112,3093,1217,1825
6321100,452.82,314.475,464.34,315.075,994,3084,1115,3095,1216,1825
6321102,452.5,313.5,464.58,315.3,992,3073,1118,3098,1217,1826
6321104,453.22,315.075,464.58,314.85,998,3092,1118,3093,1222,1827
6321106,452.74,314.925,464.18,314.85,994,3090,1114,3092,1224,1826
6321108,453.06,313.275,464.9,315.15,998,3071,1122,3096,1226,1828
6321110,452.82,316.125,464.66,314.55,995,3103,1121,3089,1215,1825
6321112,453.38,312.6,464.58,315,1003,3065,1120,3094,1223,1825
6321114,452.98,312.975,464.74,314.325,999,3068,1122,3087,1227,1827
6321116,452.82,312.75,464.66,314.4,997,3066,1122,3088,1224,1830
6321118,453.54,313.65,464.34,313.8,1005,3076,1119,3081,1224,1827
6321120,452.98,313.8,464.82,314.025,1000,3078,1124,3084,1228,1830
6321122,452.98,311.475,464.5,313.05,1001,3052,1121,3073,1229,1831
6321124,453.22,311.325,464.34,313.725,1003,3050,1119,3080,1227,1832
6321126,453.06,311.925,464.9,313.575,1002,3056,1126,3078,1227,1831
6321128,452.74,311.25,464.42,313.275,999,3049,1121,3075,1226,1831
6321130,453.38,312.225,464.82,313.65,1006,3059,1126,3079,1228,1827
6321132,453.38,312.225,464.26,313.875,1006,3059,1120,3081,1231,1833
6321134,453.06,311.325,464.18,312.825,1003,3049,1120,3070,1231,1832
6321136,452.74,312.6,463.86,312,999,3063,1117,3060,1232,1836
6321138,453.3,311.625,464.58,313.2,1007,3053,1125,3074,1234,1833
6321140,453.38,312.9,464.34,312.825,1007,3067,1123,3069,1233,1835
6321142,452.5,312.75,464.1,312.975,998,3064,1120,3071,1235,1833
6321144,453.7,312.525,464.5,313.65,1011,3062,1125,3078,1227,1832
6321146,453.46,311.775,464.5,313.65,1009,3054,1125,3079,1234,1830
6321148,452.58,311.175,464.02,312.825,1000,3047,1120,3069,1236,1835
6321150,452.66,312.225,464.42,312.3,1001,3059,1125,3064,1230,1832
6321152,453.78,312.675,464.74,313.35,1012,3064,1128,3075,1238,1831
6321154,453.14,312.45,464.5,313.575,1006,3061,1126,3078,1236,1832
6321156,452.82,312.675,464.02,312.75,1003,3063,1121,3068,1234,1838
6321158,453.06,312.525,464.34,313.275,1006,3061,1125,3073,1237,1832
6321160,453.62,312.675,464.1,314.625,1012,3063,1121,3088,1235,1832
6321162,453.3,313.725,463.94,313.875,1009,3075,1121,3080,1233,1835
6321164,453.06,313.425,464.34,313.275,1006,3071,1125,3074,1239,1834
6321166,452.42,313.2,464.02,313.425,1000,3068,1122,3075,1235,1836
6321168,452.74,311.775,464.74,313.125,1004,3053,1130,3072,1233,1837
6321170,452.9,313.65,464.02,313.8,1006,3074,1123,3079,1235,1834
6321172,451.86,312.675,464.1,313.5,995,3063,1123,3076,1237,1837
6321174,453.7,314.1,463.94,312.825,1014,3079,1123,3069,1242,1839
6321176,452.82,312.9,463.62,313.2,1006,3066,1120,3072,1244,1836
6321178,452.98,312.375,464.02,312.9,1008,3060,1124,3069,1243,1836
6321180,452.66,313.65,464.26,312.6,1004,3074,1127,3066,1244,1841
6321182,452.82,312,464.34,313.05,1007,3056,1128,3071,1247,1838
6321184,452.18,312.375,463.54,313.125,1000,3059,1120,3072,1251,1842
6321186,451.94,313.35,464.18,312.6,998,3070,1127,3066,1245,1841
6321188,452.34,310.95,463.94,312.825,1002,3044,1124,3068,1244,1841
6321190,452.58,312.825,464.26,312.6,1005,3065,1128,3066,1246,1840
6321192,452.98,313.575,463.94,312.375,1009,3074,1125,3064,1241,1842
6321194,453.14,311.7,464.02,312.3,1011,3052,1126,3063,1239,1839
6321196,452.18,311.925,464.02,312,1001,3055,1126,3059,1242,1840
6321198,452.58,312.45,463.78,312.3,1005,3061,1123,3062,1243,1843
6321200,453.14,313.725,463.54,312.6,1011,3075,1121,3066,1242,1842
6321202,452.74,312.975,463.46,311.925,1007,3067,1121,3058,1242,1845
6321204,452.34,311.775,463.7,312.525,1004,3053,1123,3065,1252,1841
6321206,453.38,312.3,463.46,312.225,1014,3060,1120,3062,1248,1843
6321208,453.62,313.725,463.62,312.075,1016,3075,1122,3060,1246,1844
6321210,452.42,312.15,463.46,312.525,1004,3057,1120,3065,1255,1843
6321212,453.14,310.95,464.02,312.525,1013,3044,1127,3065,1250,1841
6321214,453.7,312.45,463.62,312,1017,3062,1122,3060,1254,1844
6321216,452.1,311.475,463.62,312.6,1001,3050,1122,3066,1252,1845
6321218,452.9,311.4,463.86,312.375,1010,3050,1125,3064,1249,1842
6321220,452.66,312.75,463.78,312,1006,3064,1124,3060,1249,1843
6321222,452.5,310.875,463.7,312.225,1006,3044,1123,3062,1255,1843
6321224,452.9,312,463.54,312,1009,3056,1122,3060,1253,1844
6321226,453.46,311.775,463.54,311.7,1016,3054,1121,3056,1252,1845
6321228,453.06,310.5,463.94,312.45,1012,3040,1125,3065,1256,1844
6321230,452.42,312.825,463.46,312.15,1005,3065,1121,3061,1249,1846
6321232,452.1,311.925,463.54,312.225,1002,3054,1122,3062,1255,1847
6321234,452.66,310.2,463.54,312.375,1008,3036,1121,3063,1258,1846
6321236,453.54,311.475,463.7,312.525,1016,3050,1123,3065,1256,1844
6321238,453.06,311.325,463.3,311.7,1012,3048,1119,3056,1259,1846
6321240,453.54,310.125,463.38,312.525,1017,3035,1120,3065,1261,1850
6321242,453.46,310.95,463.86,312,1016,3044,1125,3059,1260,1848
6321244,453.3,310.575,463.06,312.15,1015,3040,1117,3061,1259,1847
6321246,453.38,311.175,463.06,311.775,1016,3046,1117,3056,1258,1847
6321248,453.54,310.5,463.54,311.925,1018,3039,1122,3058,1257,1848
6321250,453.06,310.05,463.54,311.775,1013,3034,1122,3057,1259,1849
6321252,453.06,310.8,463.54,311.625,1012,3042,1122,3055,1262,1848
6321254,453.22,310.35,463.94,311.55,1015,3037,1127,3054,1261,1855
6321256,453.38,310.725,463.94,311.85,1016,3041,1127,3057,1262,1852
6321258,453.62,310.8,463.22,312.075,1019,3042,1119,3060,1258,1849
6321260,453.46,310.275,463.06,312.225,1017,3037,1117,3061,1254,1852
6321262,453.46,311.25,463.38,312,1017,3047,1121,3059,1252,1849
6321264,454.58,311.7,463.14,311.85,1028,3053,1118,3057,1259,1852
6321266,453.7,311.925,463.54,312.075,1019,3055,1122,3060,1258,1854
6321268,453.54,310.65,464.42,311.85,1018,3041,1132,3058,1258,1853
6321270,454.1,310.575,463.7,312.15,1024,3040,1124,3061,1255,1851
6321272,453.78,310.875,464.02,312.225,1020,3044,1127,3062,1265,1853
6321274,453.22,309.15,464.26,312.3,1015,3024,1131,3063,1266,1850
6321276,453.46,311.1,463.46,311.7,1017,3046,1122,3055,1263,1858
6321278,453.62,309.825,463.7,311.7,1019,3031,1124,3056,1262,1860
6321280,453.3,309.3,464.42,311.925,1016,3025,1132,3059,1264,1860
6321282,453.06,309.975,464.02,311.55,1013,3033,1128,3054,1271,1857
6321284,453.46,309.825,464.02,312.075,1018,3032,1128,3060,1265,1857
6321286,452.9,310.2,464.1,312.525,1012,3035,1129,3065,1265,1859
6321288,453.46,310.5,463.54,312,1018,3039,1123,3059,1264,1860
6321290,453.62,309.075,463.86,311.7,1020,3024,1126,3056,1265,1858
6321292,453.54,310.8,463.38,311.175,1019,3042,1121,3050,1262,1858
6321294,453.62,308.475,464.02,311.7,1020,3016,1128,3055,1262,1860
6321296,453.14,310.125,464.66,310.65,1015,3034,1135,3044,1259,1865
6321298,452.98,309.6,463.62,311.475,1013,3029,1125,3053,1262,1861
6321300,453.3,309.15,464.26,311.25,1017,3024,1132,3050,1263,1863
6321302,452.42,309.075,463.78,310.425,1008,3022,1127,3041,1260,1865
6321304,453.54,308.625,463.94,310.125,1020,3018,1129,3039,1268,1865
6321306,453.62,307.875,463.54,310.95,1021,3010,1125,3047,1268,1863
6321308,453.14,309.075,464.26,310.05,1015,3023,1132,3038,1266,1865
6321310,453.46,308.325,464.26,310.05,1019,3014,1133,3038,1270,1864
6321312,453.06,308.025,463.94,310.425,1015,3011,1129,3041,1272,1864
6321314,452.98,308.475,463.94,310.65,1015,3016,1129,3044,1270,1869
6321316,453.38,308.325,464.1,310.35,1019,3014,1131,3040,1273,1868
6321318,453.62,308.475,464.26,310.8,1021,3017,1132,3046,1270,1867
6321320,453.46,307.95,464.26,310.65,1020,3010,1132,3044,1267,1874
6321322,453.7,308.475,464.5,310.425,1023,3016,1136,3042,1270,1870
6321324,453.78,307.125,464.34,310.8,1024,3002,1133,3046,1270,1872
6321326,454.02,307.8,464.26,310.35,1026,3009,1133,3041,1271,1872
6321328,452.82,309,464.34,310.275,1013,3022,1134,3040,1273,1871
6321330,453.54,307.875,464.66,310.8,1021,3010,1137,3046,1273,1871
6321332,453.94,309.225,464.66,310.65,1025,3025,1138,3044,1271,1876
6321334,453.54,308.325,464.9,310.575,1021,3015,1140,3044,1270,1873
6321336,453.54,307.65,464.66,311.1,1022,3008,1137,3050,1272,1872
6321338,454.18,308.625,465.06,311.475,1028,3019,1142,3053,1272,1874
6321340,453.94,307.875,464.66,310.425,1027,3010,1138,3042,1271,1876
6321342,453.94,307.725,465.3,310.425,1026,3009,1145,3042,1272,1875
6321344,453.78,308.25,465.14,311.025,1025,3014,1143,3049,1270,1876
6321346,453.94,307.8,464.98,310.725,1026,3009,1142,3045,1271,1872
6321348,453.94,309.675,465.3,311.175,1026,3030,1145,3050,1276,1877
6321350,453.22,309.15,465.54,311.475,1019,3024,1148,3054,1273,1877
6321352,454.18,308.25,465.86,311.025,1029,3015,1151,3049,1272,1878
6321354,453.62,309.225,465.62,311.25,1023,3025,1149,3052,1275,1875
6321356,454.1,307.275,465.7,311.025,1029,3004,1150,3050,1272,1874
6321358,453.7,307.275,465.38,311.025,1026,3004,1147,3049,1276,1876
6321360,453.7,307.575,465.06,310.95,1025,3007,1144,3048,1270,1878
6321362,453.3,308.625,464.82,311.325,1021,3019,1142,3052,1277,1875
6321364,454.82,309,465.22,310.725,1037,3023,1146,3046,1267,1881
6321366,453.94,308.4,465.14,311.025,1028,3016,1146,3050,1266,1877
6321368,454.26,307.65,465.54,310.875,1032,3009,1149,3048,1273,1879
6321370,453.94,308.25,465.46,310.875,1029,3016,1150,3048,1271,1881
6321372,453.7,307.35,465.7,310.575,1027,3006,1152,3045,1274,1881
6321374,453.46,307.05,465.38,311.1,1024,3002,1149,3051,1275,1879
6321376,454.1,307.35,465.46,311.175,1031,3006,1150,3051,1276,1881
6321378,453.86,308.1,465.14,310.95,1028,3014,1146,3049,1273,1881
6321380,453.46,307.05,464.66,311.1,1025,3002,1142,3051,1276,1886
6321382,453.46,307.8,464.98,310.8,1025,3011,1145,3048,1278,1886
6321384,453.7,308.1,465.38,310.725,1027,3014,1149,3048,1278,1884
6321386,453.78,307.8,465.06,310.95,1027,3011,1146,3050,1278,1883
6321388,453.78,307.2,465.14,311.7,1028,3005,1146,3058,1277,1886
6321390,453.22,307.65,464.9,310.875,1022,3010,1144,3050,1277,1886
6321392,452.98,306.675,464.66,310.65,1020,2999,1141,3047,1276,1882
6321394,453.22,307.65,464.82,310.8,1022,3010,1143,3049,1274,1885
6321396,452.82,307.8,464.74,311.025,1017,3012,1142,3051,1276,1883
6321398,453.3,308.025,464.82,311.4,1022,3014,1143,3055,1270,1885
6321400,452.58,307.725,464.5,311.025,1016,3011,1140,3052,1273,1883
6321402,452.5,307.2,464.82,311.55,1014,3006,1142,3058,1273,1885
6321404,452.9,307.725,464.82,311.25,1018,3011,1143,3054,1277,1887
6321406,452.82,307.8,465.14,310.875,1017,3012,1145,3050,1278,1888
6321408,453.3,307.8,464.9,312.15,1022,3013,1142,3064,1278,1888
6321410,452.66,308.7,464.66,311.325,1014,3022,1140,3056,1277,1888
6321412,452.9,309.9,465.06,311.55,1016,3036,1144,3058,1279,1890
6321414,452.82,307.725,465.46,311.775,1015,3013,1147,3061,1277,1891
6321416,452.66,309.375,464.66,311.775,1013,3030,1139,3061,1277,1887
6321418,452.82,308.475,465.22,311.55,1015,3021,1144,3059,1281,1889
6321420,452.74,308.4,464.82,311.475,1014,3020,1140,3058,1279,1890
6321422,452.66,308.4,464.98,311.625,1012,3020,1141,3059,1280,1890
6321424,452.42,308.7,465.22,312.45,1010,3023,1143,3068,1278,1894
6321426,452.42,309.3,464.58,312.075,1009,3029,1136,3064,1283,1889
6321428,452.34,309.75,465.14,312.225,1007,3035,1142,3066,1279,1889
6321430,452.66,308.1,465.06,311.7,1010,3017,1140,3060,1280,1892
6321432,452.66,308.85,464.98,311.55,1010,3025,1139,3058,1279,1889
6321434,452.26,309.675,464.9,311.775,1005,3033,1138,3061,1281,1891
6321436,452.26,308.175,464.82,311.625,1006,3017,1136,3060,1283,1890
6321438,453.14,308.4,464.58,311.925,1013,3020,1133,3062,1279,1892
6321440,452.74,308.775,464.98,312.225,1010,3024,1137,3066,1281,1894
6321442,452.66,307.875,465.14,312.75,1008,3013,1138,3071,1282,1891
6321444,453.3,307.95,464.26,312.675,1015,3015,1128,3071,1281,1893
6321446,452.34,307.275,464.58,312.525,1004,3007,1131,3069,1281,1892
6321448,452.34,307.575,464.26,312.375,1004,3010,1128,3067,1283,1894
6321450,452.9,308.4,464.18,311.925,1009,3018,1127,3061,1283,1894
6321452,452.02,307.125,464.74,312.15,1000,3004,1132,3064,1283,1889
6321454,452.9,307.425,464.02,312.675,1009,3007,1124,3069,1284,1891
6321456,452.02,306.675,464.74,312.15,1000,2999,1131,3064,1282,1892
6321458,452.18,306.825,464.58,312.225,1000,3000,1130,3063,1283,1892
6321460,452.82,307.5,464.1,312.375,1007,3007,1124,3065,1278,1892
6321462,452.42,307.8,464.5,312.15,1002,3010,1128,3062,1278,1893
6321464,452.26,306.15,464.66,311.925,1001,2992,1130,3060,1283,1892
6321466,451.62,306.375,464.18,312.825,993,2994,1123,3068,1283,1896
6321468,452.66,306.675,464.18,312.825,1005,2997,1123,3068,1284,1892
6321470,452.42,306.75,464.58,313.35,1001,2997,1127,3074,1285,1895
6321472,452.66,306.45,464.34,313.425,1003,2994,1125,3075,1288,1898
6321474,452.34,307.425,464.18,313.5,1000,3004,1122,3075,1285,1897
6321476,452.74,307.575,464.18,313.65,1004,3006,1122,3077,1286,1897
6321478,452.42,308.55,464.5,313.65,1000,3016,1125,3076,1284,1899
6321480,452.74,309.075,464.5,313.65,1003,3022,1125,3077,1286,1899
6321482,452.34,308.4,464.26,314.55,998,3014,1122,3086,1289,1897
6321484,452.74,308.325,464.74,314.4,1003,3013,1127,3084,1284,1898
6321486,451.86,310.65,464.74,313.95,992,3038,1127,3079,1287,1897
6321488,452.5,310.275,464.58,314.475,999,3034,1125,3085,1286,1897
6321490,453.06,311.4,464.98,315.075,1004,3047,1129,3091,1290,1899
6321492,453.38,311.175,464.58,314.7,1008,3044,1125,3087,1280,1898
6321494,452.5,311.625,464.98,314.55,998,3049,1129,3085,1282,1896
6321496,452.9,311.1,465.14,314.55,1003,3043,1131,3085,1283,1899
6321498,452.26,311.175,465.06,315.075,995,3044,1129,3091,1282,1900
6321500,453.38,311.625,465.06,315,1007,3049,1129,3090,1283,1898
6321502,452.58,310.725,465.06,315.075,999,3038,1129,3090,1284,1900
6321504,453.38,309.3,465.06,314.775,1008,3023,1130,3088,1286,1901
6321506,452.34,311.175,464.82,314.85,997,3043,1127,3088,1287,1898
6321508,452.42,310.05,465.3,314.175,998,3031,1132,3081,1291,1902
6321510,453.62,310.05,465.22,314.25,1010,3031,1132,3082,1288,1900
6321512,452.74,309.3,465.38,314.25,1001,3023,1133,3081,1289,1900
6321514,452.18,309.6,465.3,313.575,996,3025,1133,3074,1292,1897
6321516,452.58,308.55,465.3,313.95,1001,3014,1133,3078,1290,1900
6321518,453.7,308.4,464.82,313.65,1013,3013,1128,3075,1287,1900
6321520,453.14,309,465.38,313.425,1007,3019,1134,3072,1293,1900
6321522,452.82,307.725,465.86,313.425,1004,3005,1140,3072,1292,1900
6321524,452.66,307.65,465.38,313.125,1003,3004,1135,3069,1293,1898
6321526,452.9,309.3,465.46,313.35,1005,3022,1136,3071,1296,1901
6321528,452.74,306.525,465.94,312.675,1005,2991,1142,3063,1294,1896
6321530,454.18,307.8,465.7,312.6,1020,3005,1139,3063,1290,1899
6321532,454.42,306.975,465.54,312.9,1023,2997,1138,3066,1299,1896
6321534,453.14,306.6,465.78,312.675,1010,2992,1141,3063,1298,1899
6321536,454.02,306.3,466.02,312.675,1019,2989,1144,3063,1297,1898
6321538,453.78,307.875,465.46,313.05,1018,3006,1139,3067,1295,1896
6321540,453.54,307.2,465.62,312.975,1015,2999,1140,3066,1298,1898
6321542,453.86,306.9,465.86,313.05,1020,2995,1144,3067,1296,1900
6321544,453.14,308.1,465.38,313.5,1011,3008,1138,3071,1301,1899
6321546,453.78,308.025,465.22,313.65,1020,3007,1138,3073,1301,1902
6321548,453.62,308.325,465.78,312.6,1017,3011,1145,3062,1296,1898
6321550,454.02,308.325,465.7,313.425,1023,3010,1144,3071,1292,1900
6321552,453.46,308.775,465.38,313.35,1017,3015,1141,3070,1296,1900
6321554,454.34,309.225,465.54,313.95,1027,3020,1143,3077,1293,1903
6321556,453.78,309.975,466.02,314.625,1021,3029,1148,3084,1289,1903
6321558,453.3,310.425,465.62,313.95,1017,3033,1146,3077,1292,1904
6321560,453.62,309.3,466.02,314.625,1021,3021,1149,3084,1290,1904
6321562,453.78,311.025,465.7,315.075,1023,3040,1147,3090,1294,1903
6321564,453.46,309.525,465.86,315.15,1020,3024,1149,3090,1290,1903
6321566,453.7,310.725,465.78,315.075,1024,3038,1150,3090,1291,1901
6321568,453.22,309.9,465.86,315.3,1019,3028,1151,3092,1301,1903
6321570,453.14,311.4,465.7,315,1019,3046,1151,3090,1299,1902
6321572,453.86,311.4,466.26,315.225,1026,3045,1156,3092,1300,1907
6321574,453.46,311.1,465.86,315.75,1025,3043,1153,3099,1300,1904
6321576,452.82,312.225,466.26,315.375,1017,3056,1158,3095,1302,1907
6321578,453.86,311.625,466.82,315.225,1030,3050,1165,3094,1302,1907
6321580,453.38,312,466.74,315.6,1025,3054,1164,3098,1310,1907
6321582,453.38,312.225,466.58,314.925,1026,3057,1164,3092,1306,1908
6321584,453.3,310.35,466.9,315.15,1026,3037,1167,3095,1297,1908
6321586,453.06,311.325,466.42,314.925,1025,3048,1164,3093,1301,1909
6321588,453.7,310.275,466.82,315.15,1031,3037,1168,3095,1297,1908
6321590,453.86,311.55,466.74,314.85,1034,3052,1168,3093,1297,1909
6321592,453.54,309.975,466.9,314.475,1031,3034,1171,3089,1297,1907
6321594,453.62,310.2,466.74,314.925,1033,3038,1170,3095,1301,1906
6321596,453.86,309.825,466.9,314.55,1036,3034,1171,3090,1303,1905
6321598,453.78,310.65,466.74,314.25,1036,3044,1171,3088,1299,1905
6321600,454.42,310.2,467.06,314.475,1043,3039,1175,3091,1300,1908
6321602,454.42,310.575,466.66,314.325,1044,3045,1171,3090,1299,1907
6321604,454.02,311.1,466.9,314.625,1040,3050,1174,3093,1302,1906
6321606,454.5,309.825,466.74,314.1,1046,3037,1174,3088,1306,1907
6321608,453.62,310.875,466.82,314.1,1037,3048,1175,3088,1305,1908
6321610,454.02,311.1,466.34,314.25,1042,3052,1171,3090,1307,1910
6321612,454.42,310.8,466.82,313.95,1047,3048,1176,3088,1309,1906
6321614,454.34,310.575,466.5,313.95,1047,3046,1175,3088,1306,1908
6321616,453.22,310.425,466.82,313.725,1035,3045,1178,3085,1310,1909
6321618,453.62,311.1,466.82,314.175,1041,3052,1179,3091,1307,1908
6321620,453.7,309.975,466.66,313.725,1042,3040,1178,3086,1303,1907
6321622,453.54,310.275,466.82,313.8,1042,3044,1180,3087,1313,1905
6321624,454.42,309.225,466.34,313.875,1051,3032,1176,3087,1309,1906
6321626,453.7,310.5,466.58,313.575,1045,3046,1180,3084,1310,1909
6321628,453.62,310.125,466.42,312.825,1044,3042,1179,3076,1312,1912
6321630,454.5,308.85,467.06,313.35,1056,3029,1186,3082,1311,1908
6321632,453.86,309.6,466.58,313.2,1048,3036,1182,3080,1308,1913
6321634,453.38,309.3,466.34,313.2,1045,3032,1180,3081,1310,1911
6321636,453.86,309.375,466.34,312.975,1050,3034,1181,3078,1312,1910
6321638,453.86,309.3,466.5,312.825,1052,3032,1184,3076,1307,1907
6321640,453.94,308.475,466.34,312,1053,3024,1183,3067,1313,1913
6321642,452.5,309.375,466.26,312.15,1039,3033,1184,3068,1315,1913
6321644,453.86,307.875,466.58,312.375,1054,3017,1187,3071,1311,1911
6321646,453.94,308.925,466.26,311.775,1056,3028,1185,3064,1311,1911
6321648,453.78,309.675,466.1,311.925,1054,3036,1183,3065,1316,1911
6321650,453.46,309.225,466.5,312.375,1052,3031,1188,3070,1315,1910
6321652,453.54,309.225,465.54,311.475,1053,3031,1178,3060,1310,1913
6321654,453.54,308.7,465.7,311.85,1054,3025,1182,3064,1311,1911
6321656,454.1,308.4,465.78,312.15,1060,3021,1182,3067,1307,1913
6321658,454.02,307.8,465.46,312.075,1061,3015,1181,3066,1308,1914
6321660,453.54,307.725,465.7,312.15,1056,3014,1183,3067,1307,1915
6321662,453.78,307.575,465.86,312.15,1060,3012,1186,3066,1312,1914
6321664,454.02,308.4,466.1,311.7,1063,3021,1189,3062,1312,1917
6321666,452.9,308.7,465.38,312.525,1052,3023,1183,3070,1314,1915
6321668,453.22,308.025,465.54,312.675,1056,3016,1184,3072,1309,1912
6321670,452.66,308.7,465.38,312.075,1051,3023,1184,3064,1315,1917
6321672,453.46,309.3,465.54,312.75,1059,3030,1186,3072,1317,1917
6321674,452.42,309.075,465.46,312.825,1050,3027,1186,3073,1316,1915
6321676,452.42,310.725,466.18,312.75,1049,3045,1193,3073,1317,1917
6321678,451.78,310.65,465.94,312.675,1044,3044,1192,3071,1323,1918
6321680,453.3,310.125,466.02,313.2,1060,3039,1192,3077,1315,1917
6321682,452.98,310.425,466.1,313.275,1057,3042,1194,3078,1316,1918
6321684,452.98,310.35,466.42,313.05,1057,3041,1198,3076,1317,1918
6321686,452.98,311.7,465.94,313.125,1058,3056,1194,3076,1316,1919
6321688,453.06,310.65,466.34,313.05,1059,3045,1198,3076,1319,1918
6321690,453.54,311.25,466.42,313.125,1066,3052,1200,3077,1313,1917
6321692,453.38,310.725,466.1,313.5,1064,3046,1197,3081,1318,1916
6321694,453.62,310.725,467.06,312.45,1068,3046,1209,3070,1318,1915
6321696,453.46,311.475,466.5,313.125,1066,3054,1203,3077,1316,1919
6321698,454.02,311.85,466.74,312.9,1074,3059,1207,3075,1321,1915
6321700,453.54,311.925,467.06,312.9,1068,3060,1211,3075,1320,1917
6321702,453.38,310.875,466.82,312.825,1068,3049,1209,3075,1315,1918
6321704,453.3,311.7,467.06,312.45,1067,3058,1212,3071,1323,1918
6321706,453.3,312.3,466.58,313.05,1068,3064,1207,3078,1324,1917
6321708,453.7,312.075,467.14,312.6,1072,3062,1213,3072,1326,1915
6321710,454.34,312.375,467.22,312.3,1079,3066,1215,3070,1323,1920
6321712,454.34,311.55,467.06,312.075,1080,3057,1214,3067,1329,1922
6321714,454.1,310.725,466.82,312.075,1079,3048,1212,3067,1329,1923
6321716,454.02,311.1,467.38,312.375,1078,3052,1218,3071,1328,1920
6321718,453.94,310.875,467.54,311.775,1078,3050,1221,3065,1329,1922
6321720,454.58,310.5,467.14,311.175,1084,3046,1217,3058,1327,1920
6321722,453.86,311.1,466.82,311.55,1078,3052,1214,3062,1326,1923
6321724,453.3,311.25,467.06,310.725,1072,3054,1217,3053,1330,1924
6321726,453.38,311.025,467.38,310.575,1074,3051,1221,3052,1329,1923
6321728,453.3,310.65,466.26,310.65,1073,3048,1210,3052,1326,1926
6321730,453.78,310.725,466.34,309.825,1078,3049,1211,3043,1329,1930
6321732,453.38,311.1,466.98,309.975,1074,3053,1218,3045,1332,1927
6321734,453.78,310.05,466.58,310.425,1080,3041,1214,3050,1330,1923
6321736,452.9,310.05,466.1,309.75,1070,3041,1210,3042,1332,1925
6321738,453.46,311.1,466.26,310.275,1076,3053,1211,3048,1331,1925
6321740,453.94,310.2,466.42,310.125,1081,3043,1212,3047,1325,1925
6321742,452.82,309.225,466.02,309.975,1069,3032,1208,3045,1325,1928
6321744,453.54,310.875,465.7,309.825,1076,3051,1205,3043,1330,1929
6321746,453.7,310.725,466.5,309.825,1078,3049,1214,3044,1331,1927
6321748,453.22,310.575,465.54,310.5,1073,3047,1202,3050,1327,1928
6321750,452.34,311.55,465.38,310.2,1064,3058,1202,3047,1327,1930
6321752,452.5,310.725,465.54,309.975,1065,3048,1203,3045,1324,1927
6321754,452.5,309.9,465.14,310.5,1065,3040,1199,3051,1324,1927
6321756,452.98,311.775,465.38,310.275,1070,3060,1201,3048,1332,1930
6321758,452.5,310.125,465.38,310.5,1064,3042,1200,3051,1324,1931
6321760,452.18,311.4,465.06,310.2,1061,3056,1197,3047,1328,1931
6321762,452.26,310.725,464.9,310.725,1062,3049,1195,3053,1335,1930
6321764,452.42,311.4,464.82,310.275,1063,3056,1193,3048,1329,1931
6321766,451.3,311.1,465.14,310.2,1051,3053,1196,3047,1329,1931
6321768,452.5,310.8,464.5,311.025,1063,3049,1189,3057,1332,1930
6321770,452.66,311.025,464.58,310.95,1064,3053,1190,3056,1329,1929
6321772,451.3,310.5,464.66,310.65,1050,3046,1191,3053,1337,1930
6321774,452.02,310.95,464.5,310.725,1056,3052,1188,3054,1335,1932
6321776,451.22,311.025,464.58,310.8,1048,3053,1189,3055,1340,1932
6321778,451.14,310.425,464.5,310.8,1047,3047,1187,3055,1334,1931
6321780,450.98,312.075,464.42,311.475,1045,3064,1186,3062,1343,1935
6321782,450.82,310.5,464.42,311.025,1042,3047,1185,3058,1338,1932
6321784,452.1,311.025,464.66,309.9,1055,3054,1188,3046,1336,1933
6321786,451.46,311.55,464.58,310.575,1047,3059,1186,3053,1335,1931
6321788,451.62,311.625,464.02,310.35,1049,3061,1181,3051,1336,1930
6321790,451.14,311.625,464.66,310.725,1043,3061,1186,3055,1338,1932
6321792,451.3,311.325,464.58,311.025,1045,3057,1185,3059,1337,1934
6321794,451.14,311.625,464.5,310.725,1042,3061,1183,3057,1333,1935
6321796,451.62,312.525,464.34,311.475,1046,3072,1181,3065,1339,1935
6321798,450.74,312.3,464.58,310.575,1036,3070,1182,3056,1338,1933
6321800,450.66,311.625,464.82,310.725,1035,3062,1184,3058,1333,1936
6321802,450.98,312.375,464.9,311.475,1037,3071,1184,3066,1338,1937
6321804,452.58,313.65,464.58,312.225,1053,3086,1180,3075,1337,1933
6321806,451.3,314.025,464.9,311.85,1038,3091,1182,3072,1341,1938
6321808,451.54,314.25,464.82,312.75,1040,3093,1181,3081,1345,1942
6321810,451.22,315.075,465.06,311.85,1035,3103,1182,3073,1344,1940
6321812,451.22,315.525,465.06,311.85,1035,3108,1182,3073,1353,1935
6321814,451.3,313.65,464.66,313.725,1036,3088,1176,3094,1344,1941
6321816,451.62,313.575,464.74,313.875,1038,3088,1177,3096,1351,1942
6321818,451.54,314.7,464.58,314.1,1036,3101,1174,3099,1347,1950
6321820,451.06,313.8,464.98,313.275,1031,3091,1178,3090,1351,1946
6321822,451.46,313.95,464.58,313.65,1034,3094,1173,3096,1349,1943
6321824,451.86,313.725,465.38,312.825,1038,3092,1181,3086,1342,1948
6321826,452.34,313.8,464.98,312.75,1042,3093,1176,3086,1350,1948
6321828,451.22,314.025,465.38,312.975,1030,3095,1180,3089,1353,1948
6321830,451.94,314.025,465.3,312.75,1036,3096,1178,3087,1356,1945
6321832,452.02,313.2,465.14,313.2,1038,3087,1176,3092,1350,1948
6321834,452.02,312.525,465.46,312.45,1037,3081,1178,3085,1347,1947
6321836,451.78,313.5,466.02,311.025,1034,3091,1184,3070,1352,1941
6321838,452.26,313.5,465.46,310.95,1037,3092,1177,3069,1352,1943
6321840,451.94,313.125,465.7,312.075,1034,3088,1179,3081,1346,1945
6321842,451.78,311.7,466.02,311.325,1032,3073,1182,3075,1349,1944
6321844,452.1,312.525,465.54,311.325,1035,3083,1177,3074,1345,1949
6321846,452.26,312.3,466.02,310.425,1037,3080,1182,3065,1346,1948
6321848,451.94,311.85,465.94,310.05,1033,3075,1181,3060,1351,1943
6321850,452.26,313.05,466.02,310.575,1035,3089,1181,3067,1349,1945
6321852,452.26,311.775,466.42,309.525,1036,3075,1186,3055,1344,1941
6321854,452.34,312.15,466.5,309.9,1036,3079,1186,3060,1345,1943
6321856,451.94,310.95,465.94,309.825,1032,3066,1180,3058,1346,1943
6321858,452.34,310.875,466.18,310.725,1036,3064,1182,3068,1346,1948
6321860,452.18,310.35,466.1,309.75,1034,3059,1182,3058,1347,1945
6321862,452.58,311.4,466.34,308.55,1037,3071,1183,3045,1352,1938
6321864,452.1,311.625,466.5,308.775,1032,3073,1186,3047,1346,1942
6321866,452.18,311.475,466.26,309,1033,3071,1182,3050,1348,1939
6321868,452.18,311.175,466.1,308.925,1033,3068,1181,3048,1343,1943
6321870,452.82,311.1,466.66,308.7,1039,3067,1186,3046,1347,1941
6321872,452.66,312.15,466.9,308.4,1037,3078,1188,3042,1354,1939
6321874,452.26,310.275,466.18,308.55,1034,3058,1181,3044,1347,1943
6321876,452.82,311.925,466.74,308.175,1039,3075,1187,3040,1351,1942
6321878,452.26,311.475,467.14,307.95,1033,3070,1191,3037,1351,1939
6321880,452.58,309.975,466.9,308.325,1036,3054,1187,3041,1348,1945
6321882,453.38,310.875,467.22,307.875,1044,3064,1191,3036,1346,1942
6321884,451.78,309.75,466.5,308.175,1028,3051,1183,3039,1344,1942
6321886,453.06,309.3,467.06,308.4,1041,3046,1189,3042,1345,1943
6321888,453.14,309.225,466.82,308.025,1042,3045,1186,3037,1343,1939
6321890,453.06,311.325,467.06,307.95,1040,3068,1189,3036,1347,1944
6321892,453.14,311.325,467.14,309.225,1040,3068,1189,3050,1355,1948
6321894,453.06,311.025,467.14,308.55,1039,3065,1189,3042,1351,1939
6321896,453.54,313.05,467.22,309.525,1043,3087,1189,3053,1344,1949
6321898,452.66,312,466.98,310.5,1034,3075,1186,3064,1346,1949
6321900,453.06,312.3,467.38,308.7,1039,3079,1190,3045,1354,1942
6321902,452.9,313.8,467.38,310.5,1035,3095,1189,3065,1354,1949
6321904,453.7,313.35,467.54,310.35,1044,3090,1191,3063,1353,1952
6321906,453.54,311.925,467.14,310.875,1042,3075,1186,3069,1350,1947
6321908,452.5,313.875,467.22,311.325,1031,3096,1186,3074,1355,1952
6321910,453.54,313.8,467.06,311.625,1041,3096,1184,3077,1349,1953
6321912,453.62,314.1,467.46,310.875,1041,3099,1189,3069,1353,1948
6321914,453.54,314.55,467.46,311.4,1040,3104,1188,3075,1354,1954
6321916,453.22,315.3,467.22,311.025,1036,3112,1185,3071,1359,1952
6321918,453.46,313.875,467.62,311.4,1039,3097,1189,3075,1361,1952
6321920,452.1,315.825,467.3,311.85,1023,3118,1185,3080,1362,1953
6321922,453.22,315.45,467.14,312,1034,3114,1182,3081,1359,1953
6321924,453.38,314.775,467.14,311.925,1037,3107,1182,3081,1359,1951
6321926,453.14,315.975,466.98,311.4,1033,3120,1180,3075,1361,1953
6321928,452.9,314.85,467.3,311.475,1031,3108,1184,3076,1359,1952
6321930,453.06,314.55,466.98,311.625,1032,3104,1180,3078,1362,1954
6321932,452.5,314.475,467.14,310.575,1026,3104,1182,3067,1356,1952
6321934,452.58,313.8,467.14,311.325,1027,3097,1181,3075,1355,1951
6321936,452.34,312,467.22,310.725,1025,3076,1182,3068,1352,1949
6321938,453.06,313.8,467.46,309.15,1030,3097,1184,3052,1354,1944
6321940,452.5,313.125,466.34,309.375,1025,3089,1172,3053,1357,1945
6321942,452.82,313.125,466.74,309.675,1028,3089,1175,3057,1354,1945
6321944,452.74,313.2,466.82,307.65,1026,3090,1176,3034,1355,1941
6321946,452.58,312,466.74,307.95,1024,3076,1175,3037,1354,1941
6321948,452.66,312.6,466.26,306.825,1024,3083,1170,3025,1356,1944
6321950,452.58,311.85,466.5,307.275,1023,3074,1171,3030,1353,1940
6321952,452.02,311.475,466.26,306.525,1017,3070,1170,3021,1350,1941
6321954,452.74,309.525,466.02,306.975,1025,3048,1165,3026,1347,1941
6321956,452.42,311.925,466.1,306.9,1020,3074,1167,3024,1355,1940
6321958,451.7,310.575,466.18,306.525,1013,3058,1167,3019,1351,1942
6321960,451.94,310.8,466.1,306.375,1015,3061,1166,3018,1352,1941
6321962,452.26,311.7,466.1,306.75,1018,3070,1165,3021,1354,1944
6321964,452.58,311.475,466.1,306.15,1022,3068,1166,3014,1349,1945
6321966,451.46,310.05,466.18,306.375,1009,3051,1165,3017,1350,1944
6321968,451.94,310.35,465.54,306.6,1014,3055,1159,3018,1350,1946
6321970,452.9,310.5,466.18,306.675,1023,3055,1165,3019,1351,1943
6321972,451.86,310.35,466.02,306.75,1012,3053,1163,3019,1351,1940
6321974,452.02,311.625,465.86,306.6,1013,3067,1160,3017,1359,1944
6321976,452.02,312,465.7,306.45,1012,3071,1159,3015,1352,1943
6321978,451.22,311.325,466.18,306.675,1004,3062,1163,3017,1355,1945
6321980,452.58,311.775,465.86,307.2,1018,3068,1160,3022,1356,1942
6321982,451.54,311.475,466.18,307.275,1007,3063,1162,3022,1357,1942
6321984,451.22,312.225,465.7,306.975,1003,3072,1157,3019,1354,1941
6321986,452.66,312.225,466.26,307.2,1017,3071,1162,3021,1356,1940
6321988,452.42,312.225,466.02,307.275,1015,3071,1159,3022,1355,1941
6321990,451.7,312.3,466.1,307.875,1007,3071,1160,3028,1352,1943
6321992,452.26,312.825,465.78,307.05,1013,3077,1157,3018,1352,1939
6321994,452.18,312.3,466.1,307.575,1011,3071,1159,3024,1355,1943
6321996,452.18,312.675,465.86,307.875,1010,3074,1156,3027,1354,1942
6321998,451.86,313.35,465.94,308.25,1007,3081,1156,3031,1357,1941
6322000,452.42,312.75,466.34,307.875,1013,3075,1161,3027,1353,1942
6322002,452.66,313.2,466.5,307.425,1014,3080,1162,3022,1360,1941
6322004,452.5,313.65,465.94,308.475,1013,3085,1156,3033,1356,1942
6322006,453.06,313.875,466.34,307.875,1017,3088,1159,3027,1355,1940
6322008,453.06,312.975,466.42,307.65,1017,3077,1160,3024,1353,1940
6322010,452.5,315.3,466.26,308.1,1010,3103,1158,3029,1359,1940
6322012,453.54,313.875,466.66,307.65,1022,3088,1162,3025,1358,1940
6322014,452.74,313.725,466.66,308.925,1013,3085,1161,3039,1360,1944
6322016,453.14,315.15,466.1,308.7,1017,3102,1156,3035,1365,1943
6322018,453.94,312.975,466.98,309,1025,3078,1164,3040,1362,1945
6322020,453.94,314.4,466.82,309.225,1024,3094,1163,3042,1361,1944
6322022,453.78,314.85,466.42,309.075,1023,3099,1157,3040,1361,1946
6322024,453.3,314.55,466.5,309.15,1018,3095,1158,3041,1367,1946
6322026,454.5,313.95,466.66,308.25,1031,3089,1161,3031,1362,1944
6322028,453.46,314.925,466.58,309.075,1019,3099,1159,3040,1366,1946
6322030,454.34,314.625,466.66,308.475,1028,3097,1159,3034,1361,1943
6322032,454.42,313.95,466.74,308.025,1029,3089,1161,3029,1364,1943
6322034,453.46,314.475,466.58,308.25,1018,3095,1159,3031,1363,1942
6322036,454.1,313.275,466.74,307.725,1025,3082,1161,3026,1353,1937
6322038,454.5,312.3,466.98,307.875,1030,3071,1162,3028,1353,1939
6322040,453.86,313.8,466.66,307.5,1022,3088,1159,3024,1358,1937
6322042,454.02,313.05,466.58,307.725,1024,3080,1158,3026,1357,1941
6322044,453.78,312.975,466.98,307.05,1022,3078,1162,3019,1357,1938
6322046,453.94,312.6,466.42,307.875,1023,3075,1157,3027,1355,1939
6322048,453.86,313.65,466.5,307.65,1022,3086,1157,3025,1353,1937
6322050,454.42,312.3,466.66,307.425,1029,3072,1159,3022,1357,1942
6322052,454.82,312.075,466.58,306.975,1033,3069,1158,3018,1357,1937
6322054,454.74,311.025,466.9,306.6,1033,3057,1162,3014,1351,1939
6322056,454.66,311.025,467.14,306.3,1032,3057,1164,3010,1353,1943
6322058,455.14,311.475,467.22,306.15,1037,3062,1166,3008,1351,1938
6322060,455.14,308.775,466.42,304.725,1037,3033,1158,2992,1348,1943
6322062,455.7,309.675,465.7,303.75,1043,3042,1151,2981,1350,1944
6322064,454.58,307.575,466.5,302.325,1032,3019,1160,2965,1347,1943
6322066,454.26,306.525,465.06,302.175,1029,3007,1144,2963,1346,1939
6322068,454.26,306.15,465.86,300,1030,3002,1153,2939,1344,1941
6322070,454.34,305.55,465.46,299.625,1031,2996,1149,2935,1345,1942
6322072,455.14,305.475,465.3,300.45,1038,2995,1147,2944,1341,1939
6322074,454.98,306.075,465.38,300.15,1037,3001,1148,2940,1346,1939
6322076,455.78,306.3,464.58,300.9,1045,3004,1140,2947,1346,1943
6322078,454.18,307.425,464.1,299.85,1028,3015,1136,2936,1344,1947
6322080,455.22,306.3,464.18,299.85,1040,3003,1136,2936,1345,1947
6322082,454.66,306.6,464.02,301.05,1034,3005,1134,2948,1347,1943
6322084,455.38,306.825,464.34,300.3,1041,3008,1138,2940,1347,1942
6322086,454.82,307.575,464.02,300.825,1035,3016,1134,2945,1347,1945
6322088,455.14,306.15,464.66,300.75,1039,3000,1141,2945,1346,1942
6322090,455.62,307.65,463.94,301.125,1043,3016,1133,2948,1345,1944
6322092,454.82,307.125,464.34,301.125,1035,3010,1137,2948,1342,1944
6322094,454.82,306.15,464.5,300.6,1035,2999,1139,2942,1344,1943
6322096,454.66,306.9,464.34,301.35,1034,3007,1137,2950,1344,1943
6322098,454.82,307.5,464.1,300.525,1034,3014,1134,2941,1343,1948
6322100,455.22,306.825,464.42,300.975,1038,3006,1137,2945,1344,1943
6322102,455.46,307.05,464.42,301.8,1040,3008,1136,2954,1342,1943
6322104,455.06,307.8,464.1,300.675,1036,3017,1134,2942,1345,1947
6322106,454.98,306.45,464.26,300.75,1035,3002,1135,2943,1348,1946
6322108,454.5,308.4,463.78,302.1,1029,3023,1129,2958,1350,1944
6322110,454.9,308.325,464.58,301.2,1033,3022,1138,2948,1343,1945
6322112,455.14,307.875,464.26,302.175,1036,3017,1134,2958,1348,1940
6322114,454.98,308.625,463.94,301.95,1033,3026,1130,2956,1348,1942
6322116,454.58,309.675,463.94,302.7,1028,3037,1129,2965,1346,1943
6322118,455.3,308.475,464.18,302.25,1036,3025,1131,2960,1346,1944
6322120,455.14,308.85,463.7,302.475,1034,3029,1126,2962,1349,1944
6322122,454.26,308.175,463.86,302.55,1025,3022,1128,2963,1340,1944
6322124,454.74,309.975,463.94,303,1029,3042,1128,2968,1348,1943
6322126,454.66,308.55,464.02,302.4,1028,3027,1129,2963,1353,1944
6322128,454.58,308.175,463.62,302.475,1027,3023,1124,2963,1343,1943
6322130,454.82,309.15,464.02,302.55,1029,3034,1128,2965,1344,1943
6322132,455.22,309.6,463.54,302.625,1033,3039,1123,2965,1343,1944
6322134,454.1,309.075,463.7,302.775,1020,3033,1124,2967,1341,1945
6322136,455.14,309.375,464.18,302.85,1031,3037,1129,2969,1344,1941
6322138,454.66,309.45,463.86,302.25,1025,3038,1125,2963,1345,1945
6322140,454.26,307.725,463.86,302.325,1022,3019,1125,2964,1341,1943
6322142,454.18,308.925,464.1,302.475,1020,3033,1127,2966,1341,1944
6322144,453.54,307.725,464.42,301.65,1014,3020,1130,2957,1336,1945
6322146,454.34,308.475,463.46,301.95,1021,3029,1120,2961,1341,1944
6322148,454.9,308.325,463.38,302.175,1027,3028,1118,2963,1339,1946
6322150,454.1,308.025,463.78,302.1,1018,3024,1123,2963,1337,1942
6322152,454.34,308.25,463.7,301.725,1021,3027,1122,2958,1340,1944
6322154,454.18,309.45,464.1,302.25,1018,3040,1126,2965,1342,1940
6322156,454.82,308.25,463.7,301.65,1026,3027,1122,2958,1336,1946
6322158,454.5,308.175,463.86,301.8,1022,3027,1123,2961,1341,1945
6322160,455.54,308.475,463.78,301.125,1032,3031,1122,2953,1341,1947
6322162,455.06,307.2,464.26,301.575,1027,3017,1126,2958,1337,1944
6322164,454.74,307.35,463.86,301.35,1024,3018,1122,2955,1343,1944
6322166,455.14,308.1,463.78,300.975,1027,3027,1121,2951,1338,1943
6322168,454.5,307.65,464.02,301.275,1021,3022,1124,2955,1342,1945
6322170,454.82,307.65,463.06,300.9,1024,3022,1113,2951,1342,1946
6322172,455.14,306.825,463.94,300.675,1027,3013,1122,2949,1337,1944
6322174,454.82,306.45,463.3,300.825,1024,3009,1115,2950,1337,1937
6322176,454.58,308.25,463.54,299.85,1020,3028,1118,2940,1340,1946
6322178,454.82,306.975,463.14,300.75,1023,3014,1112,2950,1334,1942
6322180,454.9,306.45,463.46,300.45,1024,3009,1116,2946,1337,1944
6322182,455.06,306.45,463.22,299.925,1025,3009,1113,2941,1336,1943
6322184,454.74,306.675,463.94,299.925,1022,3011,1120,2941,1340,1938
6322186,454.66,307.875,463.7,300,1020,3025,1118,2941,1340,1935
6322188,455.3,307.575,462.9,299.1,1027,3021,1110,2931,1337,1936
6322190,454.98,306.525,463.46,298.875,1023,3010,1115,2929,1337,1938
6322192,454.98,307.65,463.3,299.925,1023,3022,1113,2940,1337,1935
6322194,455.14,306.45,463.7,300.225,1024,3009,1116,2944,1339,1937
6322196,455.62,307.725,463.94,300.075,1028,3023,1118,2942,1338,1936
6322198,455.54,306.9,463.62,300.15,1027,3014,1115,2943,1336,1931
6322200,455.62,306.375,463.94,300.225,1028,3009,1118,2945,1333,1935
6322202,455.62,307.8,463.3,300.375,1027,3025,1110,2946,1338,1931
6322204,455.3,307.8,463.86,300.825,1023,3025,1116,2951,1335,1935
6322206,455.22,308.1,463.7,301.65,1022,3028,1113,2961,1339,1935
6322208,455.06,308.925,463.94,300.975,1019,3038,1116,2953,1339,1933
6322210,455.78,307.95,463.46,301.875,1027,3027,1110,2963,1342,1934
6322212,455.06,309.15,464.1,302.4,1019,3040,1116,2970,1338,1935
6322214,454.9,309.3,463.94,302.025,1016,3043,1114,2966,1345,1933
6322216,455.14,308.625,463.94,302.325,1019,3035,1114,2969,1335,1933
6322218,454.74,311.175,463.94,302.475,1013,3063,1113,2971,1345,1933
6322220,455.06,308.625,463.94,303.225,1018,3036,1113,2979,1343,1929
6322222,454.82,308.175,464.42,302.85,1014,3031,1117,2976,1337,1935
6322224,455.3,310.65,463.62,303.15,1018,3058,1109,2979,1343,1928
6322226,454.74,310.575,464.02,303.225,1012,3058,1112,2981,1341,1930
6322228,454.18,310.125,463.94,303.15,1006,3053,1111,2979,1340,1928
6322230,454.58,309.45,463.14,302.775,1010,3045,1102,2976,1338,1922
6322232,454.74,310.575,463.78,303.3,1012,3058,1109,2982,1346,1921
6322234,454.58,308.925,463.22,303.375,1010,3040,1102,2982,1336,1919
6322236,455.3,308.625,462.9,302.775,1017,3037,1099,2975,1337,1920
6322238,455.14,308.85,463.62,302.475,1014,3040,1106,2973,1336,1918
6322240,454.66,308.25,463.14,302.025,1009,3033,1101,2968,1334,1920
6322242,455.38,308.325,463.3,301.65,1016,3034,1102,2964,1339,1916
6322244,454.98,307.05,463.7,300.6,1013,3020,1107,2952,1332,1917
6322246,454.82,308.625,463.06,301.725,1009,3037,1099,2964,1337,1913
6322248,454.42,307.725,462.74,301.65,1005,3027,1094,2963,1337,1916
6322250,455.06,307.5,463.06,300.825,1011,3024,1098,2953,1335,1915
6322252,454.74,306.825,462.9,300.9,1008,3017,1096,2954,1334,1913
6322254,454.74,306.375,462.74,300.825,1007,3011,1093,2952,1334,1910
6322256,454.74,306.975,463.14,300.375,1007,3017,1097,2948,1331,1912
6322258,454.98,306.225,462.42,300.15,1009,3008,1089,2944,1329,1910
6322260,454.1,307.125,462.82,300.525,999,3017,1093,2948,1333,1907
6322262,454.5,307.575,462.34,300.45,1002,3022,1088,2947,1336,1908
6322264,454.42,306.975,461.62,300.525,1002,3015,1080,2947,1334,1908
6322266,454.74,307.2,462.42,301.2,1004,3017,1087,2953,1329,1905
6322268,454.1,305.4,462.26,300.375,998,2997,1085,2945,1334,1903
6322270,454.02,306,462.82,300.75,996,3002,1090,2948,1327,1901
6322272,454.74,305.85,462.18,301.5,1003,3001,1083,2956,1332,1903
6322274,454.1,306.975,462.58,302.1,996,3012,1086,2961,1331,1896
6322276,454.26,307.05,462.18,301.575,997,3012,1082,2955,1328,1897
6322278,454.34,306.45,461.94,302.175,997,3004,1079,2960,1328,1896
6322280,454.98,306.45,462.34,302.1,1004,3004,1083,2959,1325,1890
6322282,453.78,307.425,462.5,301.725,991,3013,1084,2954,1330,1894
6322284,454.34,307.575,461.86,301.95,996,3015,1077,2956,1327,1891
6322286,453.94,307.275,461.94,302.85,992,3010,1077,2965,1330,1889
6322288,453.86,307.725,462.26,302.7,991,3015,1081,2963,1331,1889
6322290,455.3,306.75,462.42,303.3,1005,3004,1082,2969,1331,1888
6322292,454.58,307.8,462.66,302.925,998,3015,1084,2964,1330,1887
6322294,454.18,308.1,462.34,302.85,992,3017,1080,2962,1330,1884
6322296,454.1,306.75,462.66,303.9,992,3002,1083,2974,1327,1881
6322298,454.74,308.475,462.66,304.5,997,3021,1082,2979,1331,1877
6322300,454.5,307.725,462.66,304.65,995,3013,1082,2981,1329,1880
6322302,454.58,308.625,462.1,304.725,995,3021,1076,2982,1328,1878
6322304,454.82,309.075,462.74,304.725,997,3026,1083,2981,1331,1878
6322306,454.58,307.575,463.06,304.425,994,3010,1085,2978,1328,1872
6322308,454.82,309,462.74,305.175,997,3025,1081,2986,1330,1872
6322310,454.5,308.85,462.9,305.25,992,3023,1082,2986,1328,1869
6322312,455.38,309.675,462.66,305.1,1001,3033,1080,2985,1330,1870
6322314,455.7,308.4,462.9,305.625,1005,3018,1082,2990,1329,1870
6322316,454.66,308.7,462.42,305.325,994,3021,1077,2986,1330,1870
6322318,455.06,308.775,462.9,305.625,998,3022,1082,2990,1329,1863
6322320,455.38,308.775,462.98,305.1,1001,3022,1083,2984,1330,1862
6322322,455.54,309.675,463.22,305.4,1002,3031,1084,2987,1335,1863
6322324,455.7,308.025,463.38,304.725,1005,3014,1087,2980,1327,1863
6322326,455.06,308.85,463.62,305.25,998,3022,1088,2986,1328,1858
6322328,455.78,307.275,463.54,305.1,1006,3006,1088,2985,1327,1860
6322330,455.46,308.625,463.38,306.3,1001,3020,1085,2997,1326,1853
6322332,455.78,308.175,462.74,306.225,1004,3016,1079,2996,1328,1856
6322334,456.26,308.625,463.06,306.6,1010,3021,1082,3001,1326,1854
6322336,455.14,308.475,463.3,306.6,998,3018,1084,3001,1325,1852
6322338,455.94,309.15,463.38,306.975,1006,3026,1085,3005,1326,1849
6322340,456.42,308.925,463.7,306.75,1011,3024,1088,3003,1322,1850
6322342,455.78,308.475,463.06,307.125,1004,3019,1082,3007,1324,1845
6322344,455.54,308.625,463.46,306.675,1002,3021,1086,3003,1324,1850
6322346,455.62,307.5,462.98,307.275,1003,3008,1080,3009,1323,1845
6322348,455.3,308.7,462.98,307.5,999,3022,1080,3011,1328,1845
6322350,456.26,309.975,463.06,306.9,1009,3036,1081,3005,1320,1843
6322352,455.62,309.15,462.98,307.5,1003,3026,1080,3011,1326,1845
6322354,455.22,308.7,462.74,307.425,999,3022,1078,3011,1325,1844
6322356,455.06,309.3,462.74,307.575,997,3029,1078,3013,1329,1839
6322358,455.38,308.55,462.82,307.95,1001,3021,1079,3017,1321,1841
6322360,455.14,308.85,463.14,307.725,998,3024,1083,3014,1323,1842
6322362,455.54,309.675,462.82,307.575,1002,3033,1079,3013,1316,1837
6322364,455.14,309.525,463.22,308.025,998,3032,1084,3018,1316,1839
6322366,455.3,308.7,463.14,307.875,1001,3023,1083,3016,1320,1838
6322368,455.14,310.575,462.9,308.025,998,3044,1081,3018,1320,1837
6322370,454.98,309.375,462.82,308.325,997,3030,1080,3022,1324,1836
6322372,454.98,309.6,462.66,308.175,997,3033,1079,3020,1319,1834
6322374,454.42,310.275,462.66,308.1,991,3040,1079,3019,1321,1832
6322376,455.46,309,463.06,308.175,1003,3027,1082,3020,1319,1832
6322378,454.74,310.275,462.58,308.1,994,3041,1078,3020,1318,1834
6322380,454.74,308.85,462.74,307.875,995,3025,1079,3017,1323,1831
6322382,454.82,310.875,462.9,308.25,996,3048,1082,3022,1319,1829
6322384,454.26,309.675,462.5,307.725,990,3035,1077,3016,1318,1827
6322386,454.02,310.2,462.66,308.175,988,3041,1079,3022,1318,1829
6322388,454.74,311.175,463.06,308.25,995,3051,1083,3022,1314,1826
6322390,454.26,309.975,462.82,308.4,990,3039,1081,3025,1317,1824
6322392,454.66,309.75,462.98,308.25,994,3037,1083,3023,1316,1827
6322394,454.1,310.875,462.74,307.95,988,3049,1080,3020,1317,1824
6322396,453.86,311.4,462.74,307.65,985,3054,1080,3017,1315,1822
6322398,454.5,309.825,462.9,308.1,992,3038,1081,3022,1313,1826
6322400,454.26,309.9,462.66,307.8,989,3039,1078,3018,1314,1821
6322402,453.54,310.725,462.9,307.275,982,3048,1082,3013,1314,1819
6322404,453.94,308.85,462.9,308.025,987,3027,1081,3021,1307,1821
6322406,454.1,310.8,462.42,308.775,988,3049,1076,3030,1314,1818
6322408,453.54,310.8,462.98,308.25,982,3049,1082,3024,1315,1818
6322410,454.1,310.5,462.26,308.1,987,3046,1074,3023,1313,1817
6322412,452.98,310.875,462.34,308.475,976,3050,1075,3027,1314,1815
6322414,452.66,311.1,462.1,307.875,972,3053,1072,3021,1314,1813
6322416,453.54,311.475,462.42,308.25,981,3058,1075,3025,1311,1814
6322418,452.42,310.275,462.9,308.25,969,3044,1080,3026,1314,1813
6322420,453.54,311.625,462.58,308.7,980,3059,1076,3030,1312,1810
6322422,452.98,310.95,462.66,308.325,975,3052,1078,3026,1313,1811
6322424,453.38,310.425,462.18,308.25,979,3046,1072,3025,1310,1806
6322426,453.06,310.05,461.7,308.4,975,3042,1066,3027,1309,1804
6322428,452.74,310.725,461.7,308.4,972,3050,1067,3027,1312,1807
6322430,452.98,310.2,461.94,308.1,974,3044,1069,3024,1306,1805
6322432,452.9,310.05,461.94,308.7,973,3042,1069,3030,1309,1801
6322434,453.06,311.025,461.7,308.475,974,3053,1066,3028,1309,1802
6322436,452.9,310.5,461.7,307.875,973,3047,1066,3022,1309,1796
6322438,453.3,309.975,461.54,308.025,977,3042,1064,3024,1310,1798
6322440,452.74,311.025,461.38,307.8,970,3053,1063,3021,1308,1798
6322442,452.66,309.825,461.7,307.575,970,3041,1066,3019,1313,1798
6322444,452.74,310.2,461.62,308.025,971,3045,1065,3024,1312,1796
6322446,452.34,310.95,461.7,308.625,966,3053,1066,3030,1309,1796
6322448,452.1,310.275,461.46,307.8,964,3045,1063,3021,1305,1795
6322450,452.98,311.1,461.78,307.8,973,3055,1067,3021,1307,1790
6322452,452.5,310.575,461.86,307.725,968,3048,1067,3020,1308,1798
6322454,452.42,309.3,461.62,308.475,968,3035,1064,3029,1306,1796
6322456,451.86,309,461.38,307.35,961,3031,1062,3016,1307,1793
6322458,452.26,310.35,461.62,307.95,965,3046,1064,3022,1306,1795
6322460,451.7,310.2,461.7,307.05,959,3044,1065,3013,1306,1791
6322462,451.7,310.125,461.7,307.275,959,3043,1065,3015,1302,1792
6322464,452.1,310.8,461.3,307.5,963,3051,1061,3017,1300,1792
6322466,452.02,309.225,462.02,307.95,963,3033,1068,3023,1300,1793
6322468,452.1,310.275,461.22,306.825,963,3044,1060,3010,1307,1789
6322470,451.38,308.925,461.54,307.2,955,3029,1063,3014,1301,1790
6322472,452.02,310.35,461.38,306.9,962,3045,1062,3011,1305,1787
6322474,451.78,309.6,461.62,306.825,959,3037,1064,3010,1309,1784
6322476,451.78,310.05,462.1,307.2,960,3042,1069,3014,1307,1787
6322478,451.46,310.65,461.62,307.125,956,3048,1064,3013,1301,1786
6322480,451.62,310.8,461.78,307.35,958,3050,1065,3015,1302,1788
6322482,451.7,309.45,462.02,307.275,959,3035,1068,3014,1306,1785
6322484,451.94,312.15,462.02,307.275,961,3064,1068,3014,1305,1784
6322486,451.54,310.65,462.02,306.975,957,3048,1068,3011,1299,1782
6322488,451.7,310.05,461.78,307.95,959,3041,1066,3022,1302,1786
6322490,451.14,311.175,462.02,307.95,952,3053,1068,3022,1301,1784
6322492,452.26,309.975,462.1,307.5,965,3041,1069,3016,1302,1785
6322494,451.94,310.575,462.74,308.175,961,3047,1076,3024,1305,1785
6322496,451.86,311.925,462.26,307.2,960,3062,1071,3013,1304,1782
6322498,451.86,310.05,462.34,307.575,960,3041,1071,3018,1302,1783
6322500,452.34,309.75,462.58,307.35,966,3039,1074,3016,1301,1782
6322502,452.42,310.875,462.42,307.5,966,3051,1073,3018,1302,1778
6322504,452.5,310.875,463.14,307.275,967,3051,1080,3015,1304,1778
6322506,451.7,310.95,462.98,307.575,959,3052,1079,3019,1303,1781
6322508,451.7,310.575,462.74,308.025,959,3048,1076,3024,1296,1782
6322510,452.66,311.25,462.82,307.8,969,3056,1078,3021,1302,1780
6322512,451.46,312.075,462.66,307.725,956,3065,1075,3021,1300,1784
6322514,451.94,311.625,463.62,308.1,962,3060,1086,3025,1301,1776
6322516,452.02,312.225,463.7,307.2,962,3067,1087,3016,1301,1774
6322518,451.94,311.025,463.3,307.575,963,3054,1083,3020,1304,1778
6322520,451.38,311.025,463.94,308.175,957,3054,1089,3027,1299,1776
6322522,451.3,311.1,464.1,308.1,956,3055,1091,3027,1300,1772
6322524,452.02,312,463.62,306.675,963,3065,1086,3010,1296,1775
6322526,451.86,311.475,463.78,306.9,961,3060,1088,3014,1298,1773
6322528,452.26,311.625,464.02,307.875,965,3062,1091,3024,1302,1771
6322530,451.22,312.6,463.62,307.05,954,3072,1087,3016,1298,1771
6322532,451.14,310.95,463.78,307.875,954,3054,1088,3025,1301,1775
6322534,451.7,311.25,464.1,308.175,960,3058,1092,3029,1301,1770
6322536,451.7,311.55,463.62,307.125,960,3061,1087,3017,1301,1775
6322538,451.38,310.8,463.54,307.8,957,3053,1086,3025,1300,1778
6322540,451.22,310.875,463.3,307.5,955,3055,1083,3022,1301,1775
6322542,451.46,311.7,463.86,307.5,958,3063,1089,3022,1294,1769
6322544,451.3,311.55,463.7,307.275,956,3062,1087,3019,1300,1772
6322546,450.98,311.7,463.94,307.575,953,3064,1090,3023,1297,1770
6322548,452.1,311.625,463.46,307.2,964,3063,1085,3019,1298,1774
6322550,451.62,310.2,463.38,307.8,960,3047,1085,3025,1298,1774
6322552,450.9,311.1,463.22,307.725,952,3057,1083,3024,1299,1773
6322554,451.3,311.475,463.3,307.575,956,3062,1084,3023,1300,1772
6322556,450.42,310.275,463.14,307.8,948,3048,1082,3025,1299,1778
6322558,450.74,311.55,463.22,307.8,951,3062,1083,3025,1298,1775
6322560,450.5,311.925,462.82,306.3,948,3066,1079,3009,1297,1777
6322562,450.26,311.025,462.66,307.5,946,3056,1077,3022,1296,1779
6322564,450.34,311.1,462.74,307.5,947,3057,1078,3022,1297,1777
6322566,450.34,310.8,462.42,307.275,947,3053,1075,3019,1299,1780
6322568,449.94,311.475,462.82,306.975,943,3061,1079,3016,1297,1777
6322570,451.14,311.475,463.14,307.35,956,3061,1083,3020,1297,1775
6322572,450.58,311.025,462.42,307.8,950,3056,1075,3025,1297,1780
6322574,450.26,312.15,462.66,307.65,946,3068,1078,3023,1296,1775
6322576,450.42,310.65,462.02,307.05,948,3051,1071,3016,1298,1778
6322578,450.58,312,462.18,307.275,949,3066,1073,3018,1296,1778
6322580,449.86,312.45,462.18,306.975,941,3071,1074,3015,1295,1773
6322582,449.94,311.925,462.74,306.975,943,3065,1079,3015,1297,1773
6322584,450.42,310.575,462.42,307.725,948,3051,1076,3023,1296,1779
6322586,450.66,312.525,462.34,306.975,951,3072,1075,3015,1297,1776
6322588,450.1,312.675,462.34,307.275,945,3074,1075,3019,1300,1778
6322590,449.78,312.45,462.26,307.35,941,3071,1075,3020,1295,1778
6322592,450.82,312.975,462.18,307.425,952,3077,1074,3021,1295,1775
6322594,449.46,312.45,462.34,306.75,938,3071,1076,3013,1300,1777
6322596,449.7,311.4,462.18,306.9,941,3059,1074,3014,1297,1779
6322598,449.86,312.6,462.1,306.6,942,3073,1073,3011,1297,1781
6322600,450.42,313.275,461.86,306.375,948,3081,1071,3008,1299,1781
6322602,450.1,312,462.58,306.675,945,3066,1077,3012,1295,1778
6322604,450.42,312.45,462.18,306.975,948,3071,1073,3015,1299,1778
6322606,450.82,311.775,462.66,306.3,953,3064,1079,3008,1297,1777
6322608,450.34,311.025,462.26,306.45,947,3056,1075,3009,1298,1779
6322610,450.5,312.075,462.5,306.225,948,3067,1077,3007,1295,1777
6322612,450.66,311.925,462.5,306.375,950,3065,1077,3009,1296,1778
6322614,450.5,312,462.82,306.525,949,3067,1080,3011,1297,1778
6322616,450.02,310.95,462.74,306.675,945,3055,1079,3013,1298,1778
6322618,450.82,311.775,462.58,306.525,952,3064,1078,3011,1295,1779
6322620,450.18,312.75,462.1,306.375,945,3075,1073,3009,1296,1780
6322622,450.5,310.125,462.34,306.15,949,3046,1075,3007,1296,1779
6322624,450.1,311.175,462.26,306.075,944,3058,1075,3006,1296,1779
6322626,450.18,311.1,462.74,305.325,945,3057,1079,2998,1300,1777
6322628,451.06,310.875,462.42,305.775,955,3055,1076,3003,1301,1779
6322630,450.5,311.25,462.82,306.075,948,3059,1080,3007,1297,1780
6322632,450.58,311.325,462.58,305.7,950,3060,1077,3002,1300,1781
6322634,451.22,310.35,462.74,305.25,956,3049,1079,2997,1295,1779
6322636,451.14,309.9,462.34,306,956,3045,1075,3005,1297,1781
6322638,450.5,312.075,462.5,305.7,948,3068,1077,3003,1297,1780
6322640,451.06,310.8,462.9,306.3,954,3054,1081,3009,1299,1781
6322642,451.54,310.425,462.82,306.075,960,3051,1080,3007,1300,1780
6322644,450.98,311.325,463.3,305.85,953,3060,1085,3005,1300,1780
6322646,451.7,312.075,462.66,306.375,961,3069,1079,3010,1295,1780
6322648,450.26,311.4,462.66,306.45,946,3061,1078,3011,1296,1782
6322650,451.46,312.825,462.26,306.75,959,3078,1075,3014,1299,1785
6322652,450.66,311.625,462.34,306.9,951,3064,1075,3016,1295,1789
6322654,451.06,311.325,462.66,306.675,956,3061,1079,3013,1300,1785
6322656,450.82,314.1,462.98,307.125,952,3091,1082,3019,1302,1784
6322658,450.5,312.3,462.66,307.275,949,3071,1079,3020,1298,1788
6322660,450.9,312.375,462.74,306.9,954,3073,1081,3016,1296,1787
6322662,450.42,313.2,462.34,307.65,949,3082,1076,3025,1300,1789
6322664,450.18,313.875,462.58,307.2,946,3089,1079,3020,1300,1785
6322666,450.34,313.575,462.5,306.825,948,3086,1079,3016,1299,1788
6322668,450.82,313.05,462.66,306.75,954,3081,1080,3015,1304,1791
6322670,450.18,314.325,462.58,306.825,946,3094,1080,3016,1296,1790
6322672,450.74,312.075,462.66,307.5,953,3070,1080,3023,1300,1791
6322674,450.26,313.2,462.5,307.2,948,3082,1079,3021,1302,1792
6322676,450.74,313.275,462.5,306.675,954,3083,1079,3015,1305,1789
6322678,450.42,312.375,462.66,307.05,950,3074,1082,3019,1300,1793
6322680,451.22,310.725,462.5,306.675,959,3056,1080,3015,1299,1795
6322682,449.94,312.9,462.82,306.3,946,3080,1084,3012,1303,1791
6322684,451.46,312.975,462.5,306.075,962,3081,1080,3009,1296,1796
6322686,450.66,311.7,462.5,305.925,954,3067,1081,3008,1296,1799
6322688,450.34,311.85,462.82,305.4,951,3069,1084,3002,1297,1792
6322690,450.5,312.675,462.66,305.7,952,3078,1083,3006,1302,1795
6322692,450.02,312.225,462.58,305.625,948,3073,1082,3005,1302,1797
6322694,450.98,311.625,462.34,304.95,958,3067,1080,2997,1304,1791
6322696,450.74,312.225,462.82,304.875,955,3073,1085,2996,1302,1796
6322698,451.14,310.425,462.58,304.8,961,3053,1083,2996,1303,1797
6322700,450.26,311.85,462.66,304.275,951,3069,1084,2990,1298,1796
6322702,451.22,311.1,462.82,304.275,961,3061,1086,2990,1303,1797
6322704,450.98,310.8,462.66,304.35,959,3057,1083,2991,1303,1801
6322706,451.06,312.15,462.9,304.125,959,3073,1087,2988,1298,1796
6322708,451.86,311.025,462.82,304.2,968,3061,1085,2989,1305,1797
6322710,451.54,311.775,462.74,304.725,965,3069,1085,2995,1307,1800
6322712,451.06,311.625,462.98,304.2,959,3067,1087,2990,1306,1801
6322714,450.74,311.7,462.98,303.675,956,3068,1088,2984,1303,1800
6322716,451.22,311.1,463.3,303.45,961,3062,1091,2981,1305,1798
6322718,450.42,311.4,463.38,305.1,953,3064,1092,2999,1306,1800
6322720,450.18,311.175,463.3,304.2,950,3061,1091,2990,1303,1802
6322722,450.9,311.625,462.98,303,959,3067,1089,2977,1302,1801
6322724,450.66,311.1,463.22,304.5,956,3061,1090,2993,1307,1807
6322726,450.9,311.175,463.54,304.425,959,3062,1094,2992,1307,1801
6322728,450.74,311.625,463.06,303.15,957,3067,1089,2978,1307,1803
6322730,450.98,312.225,462.58,304.65,959,3074,1084,2995,1305,1807
6322732,451.3,311.4,463.3,304.95,963,3065,1091,2998,1305,1802
6322734,451.54,311.85,463.3,304.5,965,3070,1092,2993,1303,1801
6322736,450.9,312.6,463.06,304.8,958,3078,1089,2996,1306,1809
6322738,451.54,312.075,462.98,305.1,966,3072,1089,3000,1308,1803
6322740,451.3,312,463.22,304.05,963,3072,1091,2988,1308,1805
6322742,451.46,312.9,463.54,306.075,964,3082,1094,3011,1306,1807
6322744,450.9,313.425,463.62,305.175,959,3087,1095,3001,1315,1809
6322746,450.82,312.075,463.38,306.3,959,3072,1093,3014,1305,1809
6322748,450.66,312.375,463.54,305.25,957,3076,1095,3002,1309,1812
6322750,451.38,311.175,463.86,305.55,966,3063,1099,3005,1308,1810
6322752,451.14,311.7,463.3,304.8,963,3068,1093,2997,1307,1809
6322754,451.46,312.675,463.86,305.55,966,3080,1099,3005,1319,1813
6322756,451.06,312.375,464.26,305.175,963,3076,1104,3001,1311,1812
6322758,452.1,312.9,463.7,304.875,974,3082,1099,2998,1310,1815
6322760,451.46,312.675,463.54,305.25,967,3079,1097,3002,1314,1814
6322762,451.78,312.45,463.86,305.175,971,3077,1101,3001,1308,1811
6322764,451.78,312.075,463.62,304.875,971,3073,1099,2998,1309,1813
6322766,451.94,313.725,463.7,305.25,974,3091,1100,3002,1309,1816
6322768,451.46,313.05,463.94,304.425,968,3083,1103,2993,1309,1814
6322770,452.1,313.35,464.1,304.5,976,3087,1105,2994,1312,1819
6322772,451.46,312.675,463.62,304.65,969,3079,1100,2995,1309,1813
6322774,451.22,312.075,464.26,304.8,968,3072,1107,2997,1312,1817
6322776,452.02,313.05,464.34,304.875,976,3084,1108,2998,1311,1816
6322778,451.7,313.35,464.5,304.8,973,3086,1110,2998,1318,1816
6322780,452.42,311.925,464.58,304.125,981,3071,1112,2990,1310,1818
6322782,452.18,313.8,464.82,304.425,978,3092,1115,2993,1317,1813
6322784,452.18,312.9,464.34,303.375,978,3082,1110,2982,1312,1815
6322786,452.02,312.45,464.82,303.675,978,3077,1115,2985,1310,1813
6322788,451.94,312.75,464.9,304.35,977,3080,1116,2992,1313,1817
6322790,451.62,313.125,463.94,303.75,974,3085,1107,2986,1316,1814
6322792,451.62,311.85,464.58,303.6,975,3070,1114,2984,1315,1815
6322794,452.34,310.35,464.5,303.975,983,3054,1113,2988,1312,1818
6322796,452.1,311.25,464.34,303.675,980,3064,1111,2985,1312,1816
6322798,452.18,311.25,464.34,303.525,981,3064,1112,2983,1315,1817
6322800,452.58,312.3,465.06,303.975,985,3076,1119,2988,1320,1818
6322802,452.74,313.05,464.82,303.3,987,3085,1117,2981,1312,1816
6322804,451.78,312.9,464.9,303.15,977,3082,1119,2979,1316,1817
6322806,451.7,313.2,464.82,304.05,977,3086,1118,2989,1321,1817
6322808,452.1,311.925,464.82,303.3,981,3072,1118,2982,1317,1819
6322810,452.5,311.175,465.22,303.75,985,3064,1122,2986,1322,1821
6322812,451.78,312.225,464.82,303.975,978,3075,1117,2989,1317,1819
6322814,451.94,312.75,465.62,304.125,980,3082,1127,2991,1322,1821
6322816,452.5,310.725,465.06,303.675,987,3059,1121,2986,1316,1822
6322818,452.74,312.375,465.14,303.825,989,3078,1122,2988,1318,1821
6322820,452.74,312.675,465.06,304.125,989,3081,1122,2991,1316,1821
6322822,452.18,310.2,464.58,303.9,984,3054,1117,2988,1314,1818
6322824,452.5,311.55,464.82,304.05,987,3069,1119,2991,1322,1819
6322826,452.98,311.625,465.06,303.375,992,3070,1122,2983,1320,1817
6322828,452.74,310.95,465.3,304.2,990,3062,1124,2992,1321,1821
6322830,452.26,312.225,464.82,304.05,985,3076,1119,2990,1319,1821
6322832,451.86,312.3,464.98,304.05,980,3076,1121,2990,1325,1824
6322834,452.42,310.95,464.9,303.45,987,3062,1121,2984,1319,1822
6322836,452.18,312.6,465.06,303.975,984,3081,1122,2990,1327,1821
6322838,451.86,311.775,465.14,303.975,981,3071,1123,2990,1328,1824
6322840,452.34,311.625,465.06,303.975,986,3070,1122,2990,1322,1822
6322842,451.78,311.475,464.82,303.9,980,3068,1120,2989,1323,1824
6322844,452.74,311.475,464.66,304.35,989,3068,1117,2994,1324,1824
6322846,452.66,311.625,465.14,303.75,988,3070,1122,2987,1321,1825
6322848,452.18,312.3,465.14,304.5,984,3078,1123,2996,1326,1827
6322850,453.14,311.175,464.66,305.25,993,3065,1117,3004,1327,1828
6322852,452.34,312.075,464.98,304.125,985,3075,1120,2992,1328,1827
6322854,452.1,312.975,464.66,304.275,982,3085,1118,2994,1326,1825
6322856,452.82,312.525,464.98,304.575,990,3081,1120,2997,1329,1831
6322858,452.5,311.7,464.34,304.05,986,3071,1114,2991,1324,1829
6322860,452.26,311.775,464.9,304.2,984,3072,1120,2993,1328,1831
6322862,452.26,312,464.5,303.825,983,3074,1116,2988,1327,1830
6322864,451.94,310.275,464.42,304.425,981,3056,1114,2995,1320,1829
6322866,452.26,312.825,464.5,304.5,984,3084,1114,2996,1329,1829
6322868,452.18,312.375,464.66,303.975,982,3078,1117,2991,1326,1830
6322870,452.02,311.85,464.98,304.05,981,3073,1120,2991,1324,1830
6322872,452.02,311.85,464.5,304.425,981,3073,1115,2995,1330,1828
6322874,452.26,312.975,464.5,304.65,983,3085,1114,2998,1328,1829
6322876,452.5,313.275,464.74,304.125,986,3088,1117,2992,1321,1828
6322878,451.86,313.2,464.66,304.275,978,3088,1116,2994,1329,1829
6322880,452.66,312.675,464.74,305.025,987,3082,1117,3002,1327,1831
6322882,451.7,311.1,464.74,304.65,977,3065,1117,2998,1331,1830
6322884,451.94,312.9,464.34,304.65,979,3085,1113,2998,1335,1832
6322886,451.7,312.6,464.5,304.35,977,3081,1114,2995,1328,1828
6322888,451.94,312.525,464.18,304.05,979,3080,1111,2992,1329,1831
6322890,451.54,313.8,464.66,304.275,974,3094,1116,2995,1334,1832
6322892,451.86,312.675,464.82,305.1,978,3082,1117,3003,1331,1833
6322894,451.94,310.575,464.74,304.2,979,3060,1116,2994,1328,1833
6322896,452.34,309.525,464.34,303.9,984,3048,1112,2990,1325,1833
6322898,451.14,312.825,464.98,304.275,970,3084,1118,2995,1335,1834
6322900,451.22,311.25,464.5,303.975,971,3067,1114,2991,1329,1832
6322902,452.1,311.1,464.5,304.35,980,3065,1113,2996,1329,1834
6322904,452.26,311.625,464.5,304.35,982,3071,1113,2995,1325,1834
6322906,451.3,311.4,464.66,304.275,971,3069,1114,2995,1329,1834
6322908,451.94,311.025,464.58,304.125,978,3065,1113,2993,1324,1836
6322910,452.02,311.25,464.34,303.975,978,3068,1110,2992,1335,1836
6322912,453.14,310.05,464.26,303.3,990,3054,1110,2984,1326,1833
6322914,451.86,311.85,464.9,303.9,976,3074,1116,2991,1338,1834
6322916,452.34,312.225,464.5,303.3,981,3079,1112,2985,1338,1835
6322918,452.26,311.475,464.98,304.275,980,3070,1116,2996,1332,1834
6322920,452.74,310.725,464.9,303.525,985,3062,1115,2988,1331,1837
6322922,451.3,311.25,464.42,303.525,969,3068,1110,2987,1334,1834
6322924,452.26,311.55,464.58,303.975,980,3071,1112,2992,1333,1836
6322926,451.94,311.85,465.14,303.9,976,3074,1118,2992,1335,1835
6322928,451.62,310.35,464.74,303.75,973,3058,1113,2989,1334,1836
6322930,452.34,311.625,465.06,303.3,980,3072,1116,2985,1338,1834
6322932,453.06,309.825,464.9,303.825,988,3052,1114,2990,1333,1837
6322934,452.5,310.275,465.22,304.05,982,3057,1117,2993,1335,1841
6322936,452.98,309.975,465.54,303.75,987,3054,1121,2989,1332,1838
6322938,452.34,309.3,465.54,303.15,980,3046,1121,2983,1335,1838
6322940,453.54,310.05,464.98,304.05,993,3055,1115,2992,1334,1839
6322942,453.22,309.45,465.46,303.6,990,3048,1121,2988,1331,1835
6322944,452.42,309.375,465.62,302.325,982,3047,1123,2974,1339,1837
6322946,453.06,311.1,465.62,303.825,988,3066,1122,2990,1331,1837
6322948,453.3,309.675,465.86,304.125,991,3050,1125,2994,1331,1839
6322950,452.66,309,465.62,303.9,985,3042,1123,2991,1336,1842
6322952,453.14,310.5,465.7,304.2,990,3059,1124,2994,1337,1840
6322954,453.62,309.15,466.02,303.225,995,3044,1128,2984,1334,1840
6322956,452.66,310.425,465.86,303,985,3058,1126,2981,1339,1844
6322958,453.14,311.025,465.78,304.125,990,3064,1125,2993,1338,1838
6322960,452.42,309.6,466.18,303.825,983,3049,1129,2989,1340,1841
6322962,453.7,310.275,465.7,303.75,996,3056,1124,2988,1339,1842
6322964,453.14,308.175,466.42,303.825,991,3033,1132,2990,1337,1844
6322966,452.98,309.3,466.18,303.45,989,3045,1130,2985,1336,1843
6322968,453.14,310.8,466.26,303.975,991,3061,1131,2991,1341,1843
6322970,454.1,311.025,466.02,303.825,1001,3064,1129,2989,1336,1843
6322972,452.5,310.35,466.02,303.825,984,3056,1129,2989,1339,1847
6322974,452.66,311.4,465.7,303.45,986,3068,1126,2985,1344,1845
6322976,453.46,309.3,465.94,303.6,995,3045,1129,2986,1341,1842
6322978,453.94,309.525,465.94,303.3,1001,3047,1129,2983,1339,1846
6322980,453.78,310.05,466.1,304.05,999,3053,1131,2991,1341,1846
6322982,453.3,311.4,466.34,303.825,993,3068,1133,2989,1345,1844
6322984,452.9,309.075,466.34,303.375,990,3042,1133,2984,1335,1844
6322986,452.1,309.825,465.86,303.9,981,3050,1128,2989,1338,1848
6322988,452.66,310.875,466.18,303.75,987,3061,1131,2988,1339,1846
6322990,452.42,309.975,466.34,303.75,984,3051,1133,2988,1338,1844
6322992,452.58,311.4,466.66,303.75,986,3067,1136,2987,1342,1849
6322994,452.58,308.7,466.42,303.6,987,3037,1134,2986,1339,1846
6322996,453.3,308.775,466.34,302.925,994,3039,1134,2979,1336,1849
6322998,453.38,309.525,466.1,303.675,994,3046,1130,2986,1344,1851
6323000,452.82,309.975,466.66,303.3,989,3051,1136,2983,1348,1847
6323002,452.66,310.35,466.1,303.3,986,3055,1130,2983,1340,1847
6323004,452.98,310.875,465.94,303.45,989,3061,1128,2984,1346,1848
6323006,452.58,311.025,465.86,303.15,985,3062,1127,2981,1344,1850
6323008,452.42,308.7,466.02,303.375,984,3037,1129,2983,1347,1846
6323010,452.58,310.875,466.18,303.075,986,3061,1131,2980,1344,1848
6323012,452.82,308.4,466.18,303,989,3034,1131,2979,1343,1850
6323014,452.66,309.075,465.94,303.225,987,3042,1129,2982,1343,1850
6323016,452.98,307.725,465.7,302.7,990,3027,1126,2976,1349,1849
6323018,452.82,309.975,465.86,302.7,988,3052,1128,2976,1349,1850
6323020,453.94,308.4,466.02,302.775,1000,3035,1129,2977,1342,1849
6323022,451.94,307.875,466.42,302.7,979,3028,1132,2976,1346,1850
6323024,452.18,307.95,466.1,302.625,981,3029,1130,2975,1348,1849
6323026,452.42,308.625,466.26,302.175,983,3037,1130,2971,1348,1848
6323028,451.7,307.425,465.62,302.55,975,3023,1123,2974,1343,1852
6323030,452.1,308.625,466.18,303.3,979,3037,1129,2983,1346,1854
6323032,452.74,306.9,466.26,302.85,986,3018,1130,2978,1341,1852
6323034,451.86,307.5,466.18,303,976,3024,1128,2980,1338,1853
6323036,452.42,309.075,466.02,303.075,982,3042,1127,2980,1346,1855
6323038,451.78,306.45,466.18,303.15,976,3013,1128,2981,1345,1851
6323040,452.42,308.775,466.02,303.3,981,3039,1127,2983,1349,1853
6323042,451.62,309,466.26,303.45,973,3041,1129,2985,1353,1855
6323044,451.38,307.8,465.7,303.9,970,3028,1122,2990,1344,1854
6323046,451.7,310.125,466.1,303.3,972,3054,1127,2983,1346,1855
6323048,451.38,309.975,466.5,303.525,969,3052,1131,2987,1351,1855
6323050,451.54,308.925,466.1,304.125,971,3040,1126,2992,1348,1854
6323052,451.62,309.3,466.02,304.125,971,3045,1125,2993,1344,1856
6323054,450.58,309.675,466.82,304.05,961,3049,1133,2993,1347,1858
6323056,451.78,308.925,466.34,303.6,973,3040,1128,2987,1346,1857
6323058,450.74,309.075,466.42,303.825,962,3042,1129,2989,1351,1858
6323060,450.98,310.05,466.58,304.725,964,3053,1131,2999,1351,1857
6323062,449.62,309.375,466.34,304.425,951,3045,1128,2996,1351,1860
6323064,451.14,309.675,466.58,304.575,967,3049,1131,2998,1353,1861
6323066,450.58,309.975,466.9,304.65,961,3052,1134,2999,1350,1860
6323068,451.46,309.15,466.66,304.575,970,3043,1131,2998,1352,1862
6323070,450.98,310.95,466.66,304.725,964,3063,1131,3000,1355,1863
6323072,451.38,310.425,466.9,303.975,968,3057,1134,2991,1353,1859
6323074,450.58,309.825,466.82,304.425,960,3050,1133,2996,1350,1860
6323076,450.34,310.05,466.9,304.8,957,3052,1134,3000,1356,1862
6323078,450.98,310.575,466.9,304.575,963,3058,1133,2998,1347,1861
6323080,451.22,309.15,466.9,304.425,967,3043,1133,2996,1347,1863
6323082,450.74,310.275,466.66,304.2,961,3055,1131,2993,1354,1863
6323084,450.5,310.95,466.98,304.2,958,3062,1134,2993,1352,1860
6323086,451.38,309.225,466.74,304.5,968,3044,1131,2996,1354,1863
6323088,449.94,310.5,466.9,304.35,952,3057,1132,2995,1354,1862
6323090,451.38,310.95,466.74,304.575,967,3062,1131,2997,1351,1861
6323092,450.02,309.675,466.66,305.1,953,3047,1129,3003,1350,1864
6323094,451.62,310.65,466.98,304.575,969,3059,1133,2997,1351,1864
6323096,450.82,310.125,466.9,304.575,960,3053,1132,2997,1353,1863
6323098,451.46,309.225,466.82,304.875,967,3042,1131,2999,1355,1863
6323100,451.38,309.75,466.98,304.8,967,3048,1133,2999,1358,1864
6323102,450.18,310.275,466.98,304.875,953,3053,1132,2999,1355,1863
6323104,451.38,309.6,466.66,304.65,966,3046,1129,2997,1358,1865
6323106,450.66,310.125,467.06,304.425,959,3051,1133,2994,1358,1864
6323108,450.82,308.775,466.9,304.5,960,3036,1131,2994,1359,1864
6323110,450.42,308.625,467.06,304.725,956,3034,1132,2996,1359,1866
6323112,451.94,309,467.38,304.5,971,3039,1136,2994,1353,1866
6323114,450.9,308.1,467.06,304.575,960,3028,1132,2994,1355,1866
6323116,450.74,307.575,466.74,304.5,959,3022,1129,2993,1351,1868
6323118,451.38,307.5,467.3,304.2,966,3020,1135,2989,1350,1869
6323120,451.46,308.175,467.14,304.2,966,3028,1133,2990,1360,1868
6323122,450.66,309,466.9,304.425,958,3036,1130,2991,1361,1867
6323124,451.38,308.55,467.38,304.05,965,3031,1135,2987,1351,1869
6323126,451.54,309.225,467.22,304.2,967,3038,1133,2988,1362,1869
6323128,451.7,308.625,467.46,304.5,968,3031,1135,2991,1357,1865
6323130,450.9,309.45,467.14,304.275,960,3039,1133,2988,1356,1870
6323132,452.26,309,466.98,304.2,974,3035,1131,2987,1362,1867
6323134,450.9,308.85,467.14,304.725,960,3032,1132,2992,1355,1870
6323136,451.78,307.5,467.14,304.8,970,3018,1132,2993,1353,1870
6323138,451.46,308.175,467.54,304.8,966,3024,1137,2993,1360,1871
6323140,451.62,308.7,467.14,304.875,968,3030,1133,2993,1358,1870
6323142,452.26,309,467.22,305.025,974,3033,1133,2994,1357,1870
6323144,451.38,310.65,467.78,305.1,965,3051,1139,2995,1363,1871
6323146,450.9,308.85,467.62,305.175,960,3030,1137,2996,1360,1873
6323148,452.18,309.15,467.62,305.55,973,3034,1137,3000,1364,1871
6323150,451.94,310.275,467.86,305.25,971,3046,1140,2996,1364,1873
6323152,451.38,310.5,467.46,305.85,964,3048,1136,3002,1360,1870
6323154,452.42,310.5,467.86,305.55,976,3048,1140,2998,1362,1874
6323156,452.42,312,468.42,305.775,975,3065,1146,3001,1362,1872
6323158,452.1,310.05,468.1,305.7,973,3043,1143,3000,1359,1875
6323160,452.74,310.8,468.02,306.525,980,3051,1142,3009,1364,1874
6323162,452.66,312.525,468.02,306.3,979,3070,1142,3006,1367,1874
6323164,452.34,310.95,468.18,306.15,976,3052,1144,3005,1365,1874
6323166,452.02,311.85,468.66,306.6,972,3061,1149,3009,1365,1877
6323168,452.98,311.625,468.26,306,983,3059,1146,3003,1365,1876
6323170,452.66,310.575,468.26,306.525,981,3048,1146,3008,1364,1877
6323172,452.42,311.55,468.42,306.3,977,3059,1147,3006,1363,1880
6323174,452.58,311.925,468.34,306.45,979,3063,1147,3008,1367,1876
6323176,452.66,311.475,468.34,306.525,980,3058,1147,3009,1366,1879
6323178,452.66,310.05,468.34,306.75,982,3042,1148,3012,1365,1880
6323180,452.1,311.7,468.5,306.525,975,3060,1150,3009,1369,1879
6323182,453.06,310.95,468.82,306.375,986,3052,1153,3008,1361,1880
6323184,452.66,310.575,468.9,307.2,982,3048,1154,3016,1367,1881
6323186,452.66,310.8,468.66,306.825,982,3051,1152,3012,1363,1882
6323188,452.9,311.1,468.42,306.9,985,3055,1149,3013,1368,1884
6323190,452.34,310.425,468.98,306.15,979,3047,1156,3006,1367,1880
6323192,453.3,313.125,468.26,306.75,988,3077,1148,3012,1369,1879
6323194,452.42,310.725,468.5,306.525,980,3050,1152,3010,1363,1884
6323196,451.62,310.65,468.74,306.6,973,3049,1154,3011,1366,1883
6323198,452.42,311.4,468.42,306.375,981,3058,1151,3009,1368,1883
6323200,452.34,310.95,468.5,306.525,980,3054,1152,3010,1366,1884
6323202,452.5,312,468.5,306.45,982,3066,1152,3009,1372,1882
6323204,451.94,310.35,468.5,306.675,977,3047,1152,3012,1368,1885
6323206,452.34,311.25,468.5,306.6,981,3057,1152,3012,1364,1882
6323208,451.86,311.775,468.26,306.525,976,3063,1150,3011,1371,1883
6323210,451.7,310.275,468.98,306.45,974,3047,1158,3011,1368,1881
6323212,452.26,310.05,468.74,306.6,980,3045,1155,3012,1366,1884
6323214,451.78,311.775,468.66,306.375,974,3064,1154,3010,1372,1883
6323216,451.62,310.8,468.66,306.675,973,3054,1154,3014,1370,1885
6323218,451.62,311.25,468.74,306.825,973,3058,1155,3016,1370,1887
6323220,452.02,311.1,468.74,306.375,978,3057,1155,3011,1372,1885
6323222,452.26,311.325,468.66,306.6,980,3060,1154,3013,1373,1886
6323224,450.9,311.25,468.9,306.825,966,3059,1157,3017,1376,1886
6323226,452.18,312.225,468.42,306.675,979,3071,1152,3015,1372,1891
6323228,451.14,311.1,468.42,306.6,968,3058,1152,3014,1374,1887
6323230,452.02,310.65,469.06,306.975,978,3053,1158,3019,1368,1888
6323232,451.62,310.35,468.58,306.45,974,3050,1154,3013,1370,1890
6323234,451.54,310.275,468.34,307.2,973,3050,1151,3021,1371,1890
6323236,450.98,310.8,468.58,306.825,967,3055,1153,3017,1375,1891
6323238,451.94,311.175,468.82,307.275,977,3061,1156,3023,1372,1890
6323240,451.86,311.325,468.66,307.275,976,3062,1154,3023,1374,1892
6323242,451.46,311.4,468.9,307.425,972,3063,1157,3025,1372,1891
6323244,451.7,311.025,468.58,307.575,974,3059,1153,3027,1372,1894
6323246,451.94,311.625,468.82,307.125,977,3066,1156,3022,1375,1891
6323248,451.3,311.475,468.5,307.8,970,3064,1152,3030,1374,1894
6323250,451.38,312.075,468.34,307.2,971,3071,1152,3023,1378,1892
6323252,452.34,312.375,468.18,307.425,982,3075,1150,3026,1377,1891
6323254,452.02,311.625,468.1,307.575,979,3066,1149,3027,1373,1893
6323256,451.54,311.175,468.42,308.1,973,3062,1152,3033,1373,1897
6323258,451.94,311.85,468.58,307.425,978,3069,1154,3026,1376,1893
6323260,451.62,312.3,468.5,307.725,974,3074,1154,3030,1378,1896
6323262,451.78,311.625,468.26,307.5,976,3067,1151,3027,1375,1894
6323264,451.78,313.8,468.18,307.125,976,3091,1151,3023,1378,1894
6323266,451.22,313.125,468.18,308.1,970,3083,1150,3035,1382,1896
6323268,451.38,311.4,468.9,307.95,972,3065,1158,3033,1374,1897
6323270,451.46,312.075,468.26,307.8,973,3072,1151,3031,1379,1896
6323272,451.7,311.25,468.66,308.025,975,3064,1155,3034,1373,1898
6323274,451.3,312.3,468.42,308.175,971,3075,1153,3036,1380,1901
6323276,451.46,312.825,468.34,307.65,972,3081,1152,3030,1376,1896
6323278,452.18,312.075,468.34,307.875,981,3074,1152,3033,1377,1898
6323280,451.7,311.7,468.42,307.8,976,3069,1153,3032,1378,1897
6323282,451.78,312.225,468.02,307.5,976,3075,1149,3029,1378,1897
6323284,451.22,312.075,468.26,307.425,971,3073,1152,3028,1378,1897
6323286,451.46,312.225,468.42,307.875,973,3075,1153,3033,1379,1904
6323288,451.3,312.975,467.7,306.6,971,3083,1146,3019,1376,1898
6323290,451.78,312.525,468.1,307.35,976,3079,1150,3027,1380,1901
6323292,451.14,311.475,468.34,307.65,970,3067,1152,3031,1377,1901
6323294,451.46,311.325,467.86,307.05,973,3065,1147,3024,1378,1896
6323296,451.62,311.55,468.02,307.35,975,3068,1149,3027,1382,1895
6323298,451.38,312.15,468.02,306.75,972,3074,1149,3021,1380,1898
6323300,451.54,312.225,467.62,306.075,973,3075,1145,3013,1379,1900
6323302,451.14,310.725,467.7,306.45,970,3059,1146,3018,1379,1900
6323304,450.82,311.025,467.78,305.7,967,3062,1147,3009,1381,1901
6323306,450.98,311.7,467.7,306.225,968,3069,1146,3014,1383,1899
6323308,451.54,311.925,467.62,306.45,973,3072,1145,3017,1380,1898
6323310,451.14,312,467.62,305.925,970,3073,1145,3012,1378,1902
6323312,451.06,310.8,467.78,306.45,969,3059,1147,3017,1375,1903
6323314,451.7,310.275,467.54,305.25,976,3053,1144,3003,1376,1900
6323316,451.54,311.475,467.54,305.325,974,3067,1144,3004,1380,1901
6323318,450.9,310.275,467.46,306.6,967,3053,1142,3018,1376,1900
6323320,450.42,310.125,467.54,306.75,961,3051,1143,3020,1378,1899
6323322,450.82,309.75,467.46,305.625,965,3047,1143,3007,1378,1898
6323324,451.22,310.725,467.06,306.375,970,3058,1138,3015,1380,1900
6323326,451.3,311.025,467.62,306.3,970,3061,1144,3015,1375,1899
6323328,451.14,311.325,467.46,306.525,968,3064,1142,3017,1385,1900
6323330,451.22,311.025,467.54,307.35,969,3061,1142,3026,1377,1901
6323332,450.5,311.175,467.94,306.825,962,3062,1147,3020,1377,1903
6323334,450.98,312,467.94,306.9,967,3072,1147,3021,1382,1900
6323336,451.3,311.55,467.46,307.35,970,3067,1141,3026,1382,1902
6323338,451.62,312.15,467.78,306.525,973,3073,1145,3017,1381,1901
6323340,451.06,311.475,468.1,306.225,967,3066,1149,3014,1381,1903
6323342,451.22,310.575,467.94,307.575,969,3056,1146,3028,1378,1905
6323344,451.54,312.525,468.1,307.2,972,3077,1148,3025,1382,1906
6323346,451.94,312.45,467.78,307.35,977,3077,1145,3026,1383,1902
6323348,451.62,311.4,467.78,306.675,974,3065,1146,3019,1381,1903
6323350,451.86,311.55,468.1,307.425,977,3067,1149,3027,1383,1903
6323352,451.3,311.7,468.18,307.125,970,3069,1150,3024,1380,1906
6323354,452.66,312.9,468.26,308.325,985,3082,1151,3037,1382,1900
6323356,452.66,312.225,468.66,306.9,985,3075,1155,3021,1382,1905
6323358,451.46,312.525,468.26,307.65,972,3078,1151,3029,1385,1902
6323360,451.78,312.375,468.74,307.2,976,3076,1156,3025,1382,1901
6323362,452.18,312,468.18,307.65,980,3072,1151,3030,1383,1902
6323364,451.62,312.15,468.34,307.5,975,3074,1152,3028,1383,1904
6323366,451.62,312.9,468.26,307.875,974,3082,1151,3033,1383,1904
6323368,452.42,312.6,468.5,307.425,984,3079,1154,3028,1383,1903
6323370,451.3,312,468.5,307.05,972,3073,1154,3024,1382,1905
6323372,452.1,312.975,468.42,306.975,980,3084,1154,3023,1384,1900
6323374,451.94,313.875,468.74,307.425,979,3094,1158,3028,1384,1903
6323376,451.62,312.225,468.58,307.425,975,3076,1155,3029,1383,1904
6323378,451.94,312.75,468.5,307.95,979,3082,1155,3034,1382,1903
6323380,451.7,312.15,467.94,307.2,977,3076,1150,3026,1382,1904
6323382,452.02,311.625,468.34,307.65,981,3070,1154,3032,1383,1903
6323384,452.02,312.3,468.02,307.65,980,3077,1151,3032,1382,1904
6323386,452.58,312.225,468.34,307.275,986,3077,1154,3028,1382,1905
6323388,451.86,312.45,467.94,308.1,980,3079,1150,3037,1382,1905
6323390,452.26,313.125,468.26,307.65,984,3087,1154,3032,1387,1902
6323392,451.86,312.15,468.66,307.125,979,3076,1158,3026,1385,1904
6323394,451.06,312.525,468.26,307.5,971,3081,1154,3031,1386,1904
6323396,452.1,312.975,468.42,307.5,982,3086,1155,3031,1386,1904
6323398,451.3,311.55,468.34,307.275,974,3070,1154,3029,1381,1905
6323400,452.34,311.7,468.18,307.425,985,3072,1152,3030,1381,1905
6323402,451.38,312.15,468.18,307.65,975,3077,1153,3033,1383,1905
6323404,450.82,313.2,468.66,307.125,968,3088,1158,3028,1386,1904
6323406,452.1,312.45,468.26,307.125,982,3081,1155,3028,1385,1904
6323408,451.7,312.075,468.26,307.35,979,3077,1154,3030,1383,1903
6323410,451.38,312.075,467.94,306.975,975,3077,1151,3027,1386,1906
6323412,451.54,311.325,467.94,307.35,977,3069,1151,3031,1386,1902
6323414,451.06,311.55,468.18,307.8,972,3071,1154,3035,1384,1906
6323416,451.38,311.1,467.78,307.05,976,3066,1150,3027,1383,1908
6323418,451.94,312,468.18,306.975,981,3077,1154,3027,1385,1907
6323420,452.18,311.775,467.54,307.575,983,3074,1147,3033,1381,1911
6323422,451.06,311.325,467.78,307.35,972,3069,1149,3031,1386,1905
6323424,451.54,311.625,468.18,306.75,977,3073,1153,3025,1382,1907
6323426,450.98,310.875,467.7,307.65,971,3064,1148,3034,1386,1905
6323428,450.74,311.625,467.86,307.725,968,3073,1149,3036,1390,1907
6323430,451.22,311.55,468.1,306.825,973,3072,1152,3025,1386,1904
6323432,451.38,313.2,467.7,307.425,974,3090,1148,3032,1385,1908
6323434,450.82,311.775,468.1,308.025,968,3074,1151,3039,1385,1906
6323436,451.06,312.3,467.3,308.1,970,3080,1143,3039,1391,1905
6323438,451.22,312.225,467.94,307.425,972,3080,1150,3033,1381,1910
6323440,451.06,311.475,467.78,307.8,970,3071,1148,3036,1387,1906
6323442,450.74,311.85,467.7,307.575,967,3076,1147,3034,1389,1904
6323444,451.46,312.825,467.86,307.5,974,3086,1149,3034,1387,1905
6323446,451.46,312.225,467.78,307.725,974,3080,1147,3036,1385,1906
6323448,450.98,312.075,467.54,307.725,969,3078,1145,3036,1385,1909
6323450,451.3,314.025,467.94,307.65,971,3099,1149,3034,1385,1904
6323452,451.78,312.225,467.78,307.575,977,3079,1147,3034,1390,1908
6323454,451.06,311.4,467.46,308.1,970,3071,1143,3039,1387,1905
6323456,451.7,312.15,468.18,307.35,976,3079,1151,3031,1387,1905
6323458,452.1,312.375,468.1,307.575,980,3081,1151,3033,1386,1906
6323460,451.62,311.7,467.54,308.175,975,3073,1144,3040,1385,1908
6323462,451.06,312.825,468.02,307.425,969,3085,1149,3032,1390,1906
6323464,451.3,311.475,468.34,307.2,971,3071,1152,3030,1385,1907
6323466,451.06,311.7,468.26,307.725,969,3073,1151,3035,1388,1907
6323468,451.62,311.85,468.5,307.575,975,3075,1154,3034,1386,1905
6323470,451.78,312.15,468.58,307.575,977,3079,1155,3034,1387,1905
6323472,450.98,312,468.18,307.425,969,3077,1151,3032,1386,1908
6323474,451.46,312.075,467.86,307.125,974,3077,1148,3029,1388,1903
6323476,452.18,311.55,468.18,306.6,981,3072,1151,3023,1386,1908
6323478,451.78,311.325,467.94,307.125,977,3069,1149,3029,1383,1911
6323480,451.62,312.525,468.66,307.05,975,3083,1156,3028,1386,1907
6323482,451.46,312,468.58,306.75,974,3076,1156,3025,1388,1908
6323484,451.62,310.875,468.1,307.35,976,3064,1151,3031,1384,1908
6323486,451.94,312.525,468.18,307.2,979,3082,1151,3029,1386,1905
6323488,451.54,312,468.26,307.875,975,3077,1152,3036,1387,1908
6323490,451.38,312.375,468.26,307.95,973,3080,1153,3038,1386,1905
6323492,451.22,311.85,468.26,307.425,972,3075,1153,3032,1386,1907
6323494,452.42,312.225,468.1,307.425,984,3079,1151,3031,1384,1908
6323496,452.26,311.4,467.86,307.5,983,3070,1149,3032,1387,1906
6323498,451.94,311.85,468.26,307.725,979,3074,1152,3035,1383,1906
6323500,451.22,312.15,468.18,307.725,971,3078,1151,3035,1384,1906
6323502,452.26,312.375,468.26,307.65,983,3081,1152,3034,1384,1909
6323504,451.78,312.45,468.34,307.725,977,3081,1153,3035,1388,1906
6323506,451.54,313.275,468.34,307.95,974,3090,1153,3037,1389,1907
6323508,452.34,313.65,468.42,307.95,983,3094,1154,3037,1388,1907
6323510,451.7,312.45,468.42,308.25,976,3081,1154,3040,1387,1906
6323512,451.78,312.375,468.34,307.575,977,3080,1153,3033,1385,1905
6323514,451.22,312.225,468.42,307.425,971,3078,1154,3031,1388,1909
6323516,451.78,311.55,468.58,307.2,977,3071,1155,3029,1385,1907
6323518,451.62,312.075,468.34,307.575,975,3077,1152,3033,1382,1909
6323520,451.7,311.25,468.5,306.975,976,3068,1154,3026,1382,1911
6323522,452.34,312.075,468.82,307.2,982,3077,1157,3029,1387,1905
6323524,451.94,312.075,468.58,306.975,978,3077,1155,3026,1387,1908
6323526,451.62,310.5,468.82,307.05,975,3059,1158,3027,1386,1907
6323528,451.7,310.125,468.74,307.5,976,3055,1156,3032,1383,1906
6323530,451.54,311.925,468.5,306.825,974,3075,1154,3025,1385,1905
6323532,452.1,310.8,468.5,306.675,980,3063,1154,3023,1381,1907
6323534,452.18,311.25,468.34,307.8,980,3067,1152,3035,1386,1908
6323536,451.78,311.175,468.42,306.525,976,3066,1153,3021,1386,1908
6323538,452.42,311.175,468.5,306.9,983,3066,1153,3025,1384,1908
6323540,451.86,310.425,468.5,306.9,977,3058,1154,3025,1387,1908
6323542,452.1,311.85,468.58,306.6,979,3073,1154,3021,1388,1908
6323544,452.02,311.4,468.34,306.225,979,3068,1152,3017,1389,1908
6323546,453.06,310.875,468.66,306.3,990,3063,1155,3018,1383,1909
6323548,452.1,309.975,468.66,306.45,980,3053,1156,3019,1382,1910
6323550,452.02,309.975,468.42,306.675,979,3052,1153,3022,1382,1908
6323552,452.1,311.625,468.58,306.225,980,3071,1155,3016,1385,1905
6323554,452.66,310.8,468.58,306.075,986,3061,1155,3015,1382,1908
6323556,452.18,309.525,468.18,306.75,981,3046,1150,3022,1379,1907
6323558,452.26,311.175,468.58,306.45,982,3064,1155,3018,1381,1907
6323560,451.86,311.025,468.58,306.075,977,3063,1155,3014,1386,1912
6323562,451.94,310.65,468.9,306.375,979,3058,1159,3016,1383,1908
6323564,451.7,309.9,468.5,306,976,3049,1155,3012,1385,1909
6323566,452.34,311.475,468.58,305.85,983,3067,1156,3010,1384,1906
6323568,451.7,310.35,468.58,306.6,976,3055,1156,3019,1384,1910
6323570,451.86,311.25,468.26,306.3,978,3064,1152,3015,1381,1907
6323572,452.5,311.1,468.66,306.375,985,3062,1156,3015,1388,1908
6323574,452.5,310.5,468.58,307.05,985,3055,1155,3023,1381,1907
6323576,452.26,311.175,468.5,306.675,982,3062,1154,3018,1378,1909
6323578,452.66,311.1,468.26,306.75,986,3062,1152,3019,1382,1908
6323580,452.58,312.225,468.18,306.975,985,3074,1150,3021,1385,1908
6323582,450.82,310.425,468.42,307.275,966,3053,1153,3024,1387,1905
6323584,451.22,311.25,468.26,306.6,971,3062,1152,3017,1383,1912
6323586,452.02,312.3,468.5,306.825,979,3074,1154,3019,1385,1908
6323588,451.86,312.375,468.18,306.9,977,3075,1151,3020,1385,1906
6323590,452.34,311.775,468.5,306.9,983,3068,1154,3020,1381,1911
6323592,451.7,311.25,468.5,307.2,976,3062,1154,3023,1383,1905
6323594,452.18,311.775,468.26,307.725,981,3068,1151,3029,1386,1907
6323596,451.62,311.7,468.5,307.425,975,3067,1155,3026,1387,1909
6323598,452.1,311.475,468.42,306.975,980,3065,1153,3021,1382,1908
6323600,452.34,310.875,468.1,307.5,983,3058,1150,3027,1387,1910
6323602,452.26,311.775,468.42,307.35,982,3068,1153,3025,1382,1908
6323604,451.62,311.55,468.34,306.825,975,3066,1152,3019,1390,1910
6323606,451.62,312.075,467.94,307.275,974,3072,1148,3024,1386,1907
6323608,451.46,312.375,468.18,306.375,973,3075,1151,3015,1388,1910
6323610,452.58,311.925,468.02,306.525,985,3071,1149,3016,1387,1906
6323612,452.02,311.475,468.34,306.525,978,3065,1152,3016,1387,1911
6323614,451.46,311.7,468.5,306.15,973,3068,1154,3013,1388,1909
6323616,452.34,310.8,467.78,306.525,983,3058,1147,3017,1384,1911
6323618,452.34,311.1,467.86,306.675,982,3062,1147,3018,1382,1909
6323620,451.7,311.625,468.66,305.7,975,3068,1156,3008,1387,1906
6323622,451.86,310.8,468.1,306.075,977,3059,1149,3013,1384,1908
6323624,451.46,311.175,468.18,306.825,973,3063,1150,3021,1386,1910
6323626,453.06,313.35,468.26,306.6,988,3088,1151,3018,1386,1908
6323628,452.98,310.275,468.1,306.075,989,3054,1150,3013,1382,1907
6323630,452.34,310.8,468.42,306.225,982,3059,1152,3015,1382,1905
6323632,452.74,310.575,468.26,306.6,986,3057,1151,3019,1378,1911
6323634,453.22,310.8,467.94,306.075,990,3060,1147,3013,1380,1906
6323636,452.34,311.475,467.94,306.225,981,3067,1147,3015,1381,1908
6323638,452.5,312.3,468.02,306.15,982,3077,1147,3014,1383,1906
6323640,452.26,311.4,468.34,306.3,980,3067,1150,3016,1386,1909
6323642,452.18,312,468.5,306.675,978,3074,1152,3020,1384,1911
6323644,452.74,311.85,468.18,305.7,984,3072,1149,3010,1388,1909
6323646,452.42,311.4,468.26,306.975,981,3067,1149,3023,1382,1908
6323648,452.9,311.475,468.34,306.975,986,3068,1150,3024,1381,1906
6323650,452.5,310.65,468.02,306.075,983,3059,1147,3014,1380,1908
6323652,452.66,311.325,468.34,306.3,984,3066,1150,3016,1387,1911
6323654,452.98,311.775,467.94,306.75,987,3071,1146,3021,1384,1907
6323656,452.66,311.85,467.94,306.15,983,3072,1146,3014,1386,1904
6323658,452.58,311.925,468.18,306.075,982,3073,1149,3014,1382,1907
6323660,451.78,312.45,468.1,305.7,974,3079,1148,3010,1384,1905
6323662,453.7,311.475,468.42,306.075,994,3068,1152,3013,1384,1907
6323664,452.98,311.25,468.18,306.075,987,3066,1149,3014,1383,1907
6323666,452.74,312.15,468.34,305.55,985,3075,1151,3007,1385,1904
6323668,453.06,311.55,467.86,306,988,3068,1145,3012,1385,1903
6323670,452.74,312.15,468.5,306.225,984,3075,1152,3015,1383,1908
6323672,452.98,310.65,468.42,305.625,987,3058,1152,3008,1386,1905
6323674,452.82,311.7,468.02,305.7,985,3070,1147,3008,1385,1906
6323676,452.74,310.425,468.42,305.7,985,3056,1152,3008,1384,1907
6323678,452.58,311.1,468.26,306,983,3063,1149,3012,1382,1907
6323680,452.66,310.05,468.42,305.25,984,3051,1151,3003,1381,1906
6323682,452.1,310.35,468.34,305.7,978,3054,1150,3009,1385,1906
6323684,453.14,311.775,468.74,304.875,988,3070,1155,2999,1387,1906
6323686,452.58,311.175,468.42,305.175,983,3063,1151,3002,1383,1906
6323688,452.74,311.475,468.1,305.1,984,3067,1148,3001,1382,1904
6323690,452.9,310.5,468.58,305.1,986,3055,1153,3002,1384,1905
6323692,452.98,311.025,468.26,305.175,987,3061,1150,3002,1385,1905
6323694,453.78,311.475,468.34,305.175,995,3066,1151,3002,1384,1903
6323696,453.14,311.55,468.42,305.25,989,3066,1152,3003,1384,1904
6323698,452.98,311.175,468.1,305.1,987,3063,1147,3000,1384,1903
6323700,454.34,310.875,468.34,304.95,1001,3059,1150,2999,1382,1904
6323702,453.22,311.325,468.66,305.55,989,3063,1153,3005,1383,1904
6323704,453.14,311.55,468.42,306.075,988,3066,1150,3011,1386,1909
6323706,454.1,311.475,468.5,305.25,998,3066,1151,3002,1389,1906
6323708,453.3,310.125,468.02,306.375,990,3051,1146,3014,1386,1905
6323710,452.5,311.475,468.1,305.55,981,3064,1147,3005,1385,1905
6323712,452.42,311.85,468.02,305.325,980,3069,1146,3002,1384,1906
6323714,452.5,311.55,468.1,305.7,981,3066,1147,3006,1388,1905
6323716,452.42,311.85,467.86,305.475,980,3069,1145,3004,1387,1906
6323718,451.46,311.475,467.06,305.25,970,3064,1136,3001,1387,1902
6323720,451.7,310.725,466.74,305.1,973,3056,1133,2999,1387,1899
6323722,451.86,311.4,465.7,305.1,974,3064,1122,2999,1384,1899
6323724,451.38,311.325,465.14,304.5,969,3062,1116,2992,1387,1895
6323726,451.3,309.375,465.3,304.5,969,3041,1118,2992,1382,1898
6323728,450.98,308.625,464.82,304.125,966,3033,1113,2988,1384,1899
6323730,450.74,308.775,465.14,303.15,963,3034,1116,2977,1387,1899
6323732,451.22,309.45,464.9,304.05,968,3042,1113,2987,1384,1897
6323734,451.46,309.75,465.06,303.225,970,3045,1115,2979,1383,1898
6323736,451.46,309.3,465.46,303.45,970,3041,1119,2981,1382,1897
6323738,451.38,309,466.02,303.675,969,3037,1125,2983,1382,1898
6323740,451.86,309.075,465.62,303.825,974,3038,1120,2985,1383,1893
6323742,451.78,309.675,465.38,304.2,972,3044,1118,2989,1384,1899
6323744,452.02,310.2,464.98,303.45,975,3051,1113,2980,1388,1896
6323746,452.42,310.05,465.46,303.675,979,3049,1118,2983,1380,1894
6323748,452.18,309.825,465.54,304.2,977,3047,1118,2989,1380,1895
6323750,452.1,309.9,465.14,303.975,976,3047,1115,2986,1386,1893
6323752,451.38,310.65,465.46,303.75,967,3056,1118,2984,1387,1893
6323754,451.7,309.9,465.22,303.675,971,3047,1115,2983,1382,1894
6323756,452.02,310.425,465.54,303.9,974,3053,1119,2986,1384,1894
6323758,452.02,310.2,465.22,303.975,974,3050,1115,2986,1381,1892
6323760,452.18,309.525,465.46,304.8,976,3043,1117,2995,1384,1894
6323762,451.7,309.225,465.22,303.675,971,3039,1115,2983,1385,1893
6323764,452.5,309.375,465.06,303.45,979,3041,1113,2980,1382,1893
6323766,451.46,308.925,464.9,303.3,968,3036,1111,2978,1381,1895
6323768,452.42,309.45,465.46,303.525,978,3042,1117,2981,1381,1893
6323770,451.78,308.475,465.06,303.975,972,3031,1113,2986,1384,1892
6323772,451.86,307.125,465.54,303.75,973,3016,1118,2983,1380,1890
6323774,450.9,307.8,465.46,303.825,963,3023,1117,2984,1384,1891
6323776,451.62,309.075,465.06,302.775,970,3037,1114,2973,1384,1893
6323778,451.38,310.05,465.22,303,967,3047,1115,2975,1382,1897
6323780,452.5,310.275,465.06,302.625,979,3050,1114,2971,1385,1894
6323782,451.86,308.775,465.06,303.225,972,3033,1113,2976,1382,1888
6323784,451.78,307.8,465.14,303.225,972,3023,1114,2977,1382,1888
6323786,452.26,307.875,465.3,303.075,977,3023,1116,2975,1385,1890
6323788,451.7,309.6,465.14,302.85,971,3042,1115,2972,1382,1893
6323790,451.78,309.075,465.3,302.775,973,3035,1117,2971,1383,1894
6323792,451.3,307.875,465.7,302.85,968,3022,1121,2972,1382,1892
6323794,451.86,308.7,465.7,302.7,973,3032,1121,2970,1380,1889
6323796,451.94,308.475,465.22,302.475,974,3029,1116,2968,1380,1891
6323798,451.94,307.875,465.7,303.375,975,3022,1121,2977,1382,1888
6323800,451.62,308.625,465.78,303.6,971,3030,1122,2980,1383,1891
6323802,450.9,306.75,465.38,302.7,964,3009,1118,2969,1381,1893
6323804,451.38,307.8,465.78,303.825,969,3020,1122,2982,1381,1891
6323806,451.94,308.7,465.54,303.9,975,3031,1119,2982,1385,1891
6323808,451.94,309.3,465.46,303.3,975,3037,1119,2975,1386,1890
6323810,452.02,308.4,465.78,303.525,976,3027,1123,2978,1384,1889
6323812,452.18,308.925,465.78,303.6,978,3033,1123,2979,1386,1892
6323814,452.42,309.75,465.86,303.675,980,3041,1124,2979,1383,1889
6323816,452.34,309,466.1,303.75,980,3034,1126,2980,1386,1890
6323818,452.02,309.375,466.02,303.3,977,3037,1126,2975,1380,1890
6323820,453.22,310.575,466.18,303.675,989,3051,1128,2979,1382,1889
6323822,452.02,309.225,466.34,303.45,978,3035,1130,2977,1380,1890
6323824,452.1,311.025,466.26,304.125,977,3055,1128,2984,1382,1890
6323826,453.22,309.675,466.5,303.825,990,3041,1132,2981,1381,1889
6323828,452.5,309.9,466.18,304.05,982,3043,1128,2983,1382,1888
6323830,452.82,310.5,466.18,304.275,986,3049,1128,2986,1378,1891
6323832,453.06,310.35,466.34,304.05,988,3048,1130,2983,1378,1889
6323834,452.58,310.65,466.5,303.975,984,3052,1132,2983,1383,1890
6323836,452.9,310.5,466.5,304.2,987,3050,1133,2985,1381,1889
6323838,453.3,310.35,466.26,303.6,993,3049,1131,2979,1381,1889
6323840,452.98,309.225,466.42,304.425,990,3036,1132,2988,1378,1890
6323842,453.14,308.325,466.18,303.975,992,3027,1130,2983,1374,1891
6323844,452.58,310.35,466.98,303.675,986,3049,1139,2980,1378,1889
6323846,452.98,309.825,466.34,303.75,991,3043,1133,2981,1379,1888
6323848,453.3,309.225,466.66,303.45,994,3036,1137,2977,1380,1888
6323850,452.98,309.9,466.82,303.75,991,3044,1139,2981,1385,1889
6323852,453.22,308.475,466.74,303.225,994,3028,1138,2975,1383,1886
6323854,453.54,308.775,466.74,303.375,999,3031,1139,2977,1379,1887
6323856,453.86,309.45,466.34,303.675,1001,3039,1135,2980,1377,1888
6323858,453.78,309.45,466.9,303.45,1002,3039,1142,2977,1376,1889
6323860,453.86,308.1,466.82,302.925,1002,3024,1141,2972,1378,1889
6323862,452.74,308.1,466.82,302.85,992,3024,1142,2971,1379,1890
6323864,453.62,308.55,466.74,303.225,1001,3029,1141,2975,1376,1888
6323866,454.34,308.025,466.66,302.325,1009,3023,1141,2964,1380,1884
6323868,453.14,308.4,466.82,302.55,996,3027,1143,2967,1378,1888
6323870,453.86,308.775,466.58,302.775,1005,3032,1141,2969,1384,1888
6323872,454.02,306.825,466.98,302.1,1007,3010,1145,2962,1378,1889
6323874,453.38,307.575,467.14,302.1,1001,3017,1148,2962,1377,1886
6323876,453.86,307.875,466.5,302.25,1006,3021,1141,2964,1379,1890
6323878,453.22,307.8,466.66,302.4,1000,3020,1144,2964,1379,1888
6323880,453.06,307.575,466.98,302.025,999,3017,1147,2961,1376,1888
6323882,453.7,308.85,466.58,301.95,1006,3031,1144,2959,1375,1889
6323884,453.38,308.1,466.66,302.325,1002,3023,1144,2964,1378,1890
6323886,453.14,307.575,467.22,301.65,1001,3017,1151,2956,1376,1889
6323888,452.82,306.525,466.5,302.7,998,3005,1143,2967,1378,1887
6323890,453.3,306.975,466.74,302.625,1003,3010,1146,2967,1371,1888
6323892,453.46,307.35,467.06,302.325,1005,3014,1150,2963,1380,1888
6323894,452.9,306.9,466.9,302.475,1000,3009,1148,2965,1376,1890
6323896,453.06,307.95,466.42,302.625,1001,3021,1143,2966,1373,1891
6323898,452.98,308.325,466.82,302.775,1000,3025,1148,2968,1377,1889
6323900,451.94,307.275,466.66,302.625,990,3013,1147,2966,1373,1889
6323902,453.78,308.925,466.26,303.15,1009,3031,1142,2972,1377,1889
6323904,453.46,309,466.5,303.075,1005,3032,1145,2971,1382,1889
6323906,452.82,309,466.5,303.375,999,3031,1145,2974,1381,1889
6323908,451.78,308.7,466.42,303.225,988,3028,1144,2973,1381,1890
6323910,452.58,310.05,466.34,303.3,996,3043,1143,2973,1379,1888
6323912,452.66,309.375,466.42,304.05,997,3035,1144,2982,1378,1890
6323914,452.34,309.825,466.58,304.35,993,3041,1145,2985,1381,1886
6323916,452.34,309.6,466.26,303.75,993,3038,1142,2978,1375,1888
6323918,451.78,309,466.5,303.525,987,3031,1144,2977,1373,1890
6323920,451.22,309.75,466.42,303.975,982,3040,1144,2981,1379,1891
6323922,453.14,308.1,466.18,303.75,1002,3022,1141,2979,1375,1886
6323924,451.3,310.725,466.1,303.525,981,3051,1140,2977,1384,1889
6323926,452.26,310.275,466.34,303.975,992,3046,1142,2982,1377,1885
6323928,452.1,309.975,465.78,303.45,990,3043,1136,2976,1380,1888
6323930,452.34,309.975,466.58,303.525,992,3043,1144,2976,1376,1886
6323932,451.7,308.775,466.18,303.3,986,3030,1140,2974,1379,1888
6323934,452.1,308.55,466.02,303.6,989,3027,1137,2977,1381,1888
6323936,452.1,308.475,466.66,303.45,989,3027,1144,2976,1378,1887
6323938,452.1,309.675,466.42,303.75,989,3039,1141,2979,1375,1886
6323940,451.7,310.125,466.34,303.3,984,3045,1140,2974,1379,1888
6323942,451.78,309,466.42,303.225,985,3032,1140,2973,1375,1887
6323944,452.18,310.2,466.18,303.375,988,3045,1138,2974,1376,1889
6323946,450.98,308.7,466.5,303.375,976,3028,1140,2974,1379,1888
6323948,452.18,309.75,466.42,302.925,988,3039,1140,2969,1377,1886
6323950,452.74,309.075,466.02,303.75,993,3032,1135,2978,1374,1885
6323952,451.38,308.775,466.34,303.225,979,3029,1138,2972,1370,1890
6323954,452.02,308.925,466.58,303.375,985,3029,1140,2974,1377,1888
6323956,451.78,308.85,466.1,303.6,983,3029,1135,2976,1375,1884
6323958,450.5,308.25,466.26,303.975,969,3021,1136,2979,1375,1887
6323960,451.38,308.625,466.66,303,977,3026,1140,2969,1379,1886
6323962,451.46,309.825,466.02,303.825,978,3039,1133,2977,1373,1888
6323964,450.9,308.175,466.42,303.75,972,3020,1137,2977,1375,1888
6323966,452.42,308.775,466.26,303.75,987,3026,1134,2975,1367,1886
6323968,450.58,307.95,466.42,304.425,968,3016,1136,2983,1369,1885
6323970,451.46,309.075,466.26,304.875,977,3028,1133,2987,1374,1887
6323972,451.7,309.525,466.18,304.05,979,3034,1133,2978,1376,1886
6323974,451.86,309.225,466.18,304.35,981,3030,1133,2981,1370,1887
6323976,451.3,309.3,466.26,304.2,975,3030,1133,2979,1375,1886
6323978,450.74,310.2,466.18,304.575,967,3039,1132,2982,1370,1886
6323980,451.14,308.475,466.42,304.125,972,3020,1135,2977,1370,1887
6323982,451.7,308.775,466.58,304.35,978,3023,1135,2979,1372,1885
6323984,451.94,309.225,466.34,304.65,980,3028,1133,2982,1367,1883
6323986,451.54,308.55,466.42,304.725,976,3019,1134,2982,1367,1884
6323988,451.3,307.65,466.5,304.5,973,3009,1134,2980,1364,1885
6323990,450.82,308.475,466.42,304.875,968,3017,1134,2984,1372,1887
6323992,452.34,308.4,466.26,304.35,984,3018,1132,2978,1366,1884
6323994,451.06,307.425,466.58,304.875,971,3006,1135,2983,1363,1883
6323996,451.86,308.325,466.66,304.5,980,3016,1136,2979,1367,1885
6323998,452.26,307.65,466.58,303.9,983,3007,1135,2971,1365,1885
6324000,452.26,308.025,466.82,304.8,983,3012,1138,2981,1369,1882
6324002,452.34,308.475,467.06,304.275,984,3016,1141,2975,1362,1883
6324004,452.1,308.925,467.14,304.275,981,3021,1141,2975,1368,1887
6324006,452.9,308.175,467.22,304.2,990,3012,1142,2974,1367,1885
6324008,452.82,308.625,467.46,304.275,989,3017,1145,2975,1366,1885
6324010,452.74,307.65,467.3,304.275,988,3006,1143,2974,1367,1883
6324012,451.94,308.25,467.86,304.05,980,3012,1149,2971,1367,1883
6324014,453.38,307.725,468.1,304.2,996,3007,1151,2972,1363,1883
6324016,452.58,306.675,467.54,304.275,987,2994,1145,2973,1356,1881
6324018,453.22,306.675,467.7,304.5,994,2994,1148,2975,1356,1881
6324020,453.14,307.95,467.86,303.75,993,3008,1149,2967,1366,1883
6324022,452.9,308.7,467.62,304.2,990,3016,1147,2972,1360,1882
6324024,452.98,307.725,468.74,303.975,992,3005,1158,2969,1354,1877
6324026,453.94,306.675,468.5,304.125,1002,2994,1157,2971,1356,1878
6324028,453.62,307.05,468.74,304.125,999,2998,1159,2971,1357,1876
6324030,453.38,307.725,468.82,303.825,996,3005,1161,2968,1356,1875
6324032,454.1,308.25,469.22,304.35,1004,3011,1164,2974,1357,1873
6324034,453.46,308.625,468.9,304.125,998,3015,1161,2970,1359,1873
6324036,453.54,306,469.3,304.05,999,2986,1166,2970,1351,1876
6324038,453.62,307.5,469.22,304.275,999,3002,1165,2972,1354,1875
6324040,454.18,306.525,468.74,304.725,1006,2992,1160,2977,1348,1874
6324042,454.26,307.65,469.14,305.175,1006,3004,1164,2982,1351,1872
6324044,453.94,308.25,469.22,304.95,1003,3010,1165,2980,1352,1873
6324046,454.34,308.625,469.3,304.95,1008,3015,1167,2980,1347,1872
6324048,454.26,307.5,469.46,304.725,1008,3003,1169,2977,1349,1869
6324050,454.02,308.4,469.38,304.425,1005,3013,1169,2974,1350,1874
6324052,454.34,308.025,469.06,305.175,1009,3009,1165,2983,1348,1871
6324054,454.18,307.2,468.98,305.025,1008,3000,1165,2981,1347,1871
6324056,454.5,308.475,469.54,304.425,1012,3013,1171,2974,1347,1871
6324058,454.58,307.725,469.38,305.1,1013,3006,1169,2982,1344,1871
6324060,454.82,307.8,469.94,304.725,1016,3007,1176,2978,1346,1869
6324062,454.9,308.25,469.38,304.875,1017,3012,1171,2979,1342,1870
6324064,454.42,308.475,469.3,305.1,1012,3014,1169,2982,1346,1869
6324066,454.9,307.05,469.06,305.175,1017,2999,1167,2983,1343,1868
6324068,454.82,308.025,469.38,304.575,1017,3010,1171,2977,1344,1869
6324070,454.82,308.625,469.14,304.95,1017,3017,1169,2982,1344,1869
6324072,454.58,306.6,469.3,304.875,1015,2995,1171,2981,1340,1868
6324074,454.98,307.875,469.14,304.725,1020,3010,1170,2979,1344,1868
6324076,454.66,306.975,468.74,305.55,1017,2999,1166,2988,1343,1868
6324078,453.22,307.125,468.82,305.7,1002,3001,1166,2990,1344,1869
6324080,454.18,308.325,468.58,305.1,1012,3015,1164,2984,1344,1868
6324082,454.58,307.875,468.66,305.4,1016,3010,1165,2988,1338,1868
6324084,454.74,306,468.98,305.625,1018,2989,1168,2990,1336,1869
6324086,454.42,307.725,468.82,305.4,1015,3009,1167,2989,1341,1866
6324088,454.02,307.125,468.9,304.95,1011,3003,1168,2983,1337,1868
6324090,453.94,307.05,468.82,305.325,1010,3002,1167,2989,1336,1866
6324092,453.7,308.475,468.9,305.325,1007,3017,1168,2988,1343,1867
6324094,454.58,306.675,468.82,305.625,1016,2999,1167,2992,1336,1865
6324096,455.3,307.95,468.74,305.4,1023,3013,1166,2989,1334,1866
6324098,454.02,306.675,468.9,305.4,1010,2999,1167,2990,1333,1862
6324100,454.5,307.125,468.74,305.325,1015,3004,1166,2989,1335,1866
6324102,453.86,307.2,468.82,305.475,1008,3006,1166,2992,1334,1865
6324104,453.78,308.025,468.5,305.325,1007,3014,1163,2990,1339,1865
6324106,454.58,308.7,468.66,304.725,1015,3022,1165,2984,1336,1867
6324108,453.62,307.5,468.58,305.7,1006,3009,1164,2995,1336,1866
6324110,453.62,308.625,468.5,305.025,1004,3022,1163,2988,1339,1864
6324112,454.1,308.025,468.5,304.8,1010,3015,1163,2985,1333,1864
6324114,454.34,307.275,468.5,305.4,1012,3008,1162,2992,1340,1864
6324116,454.9,305.7,468.42,305.325,1018,2991,1161,2992,1325,1864
6324118,454.5,305.475,469.06,304.575,1014,2989,1167,2984,1324,1861
6324120,453.94,306.525,468.66,304.575,1007,3000,1163,2984,1327,1866
6324122,453.94,305.7,468.98,304.95,1007,2991,1166,2988,1332,1861
6324124,454.02,305.85,468.42,304.35,1008,2993,1160,2981,1333,1862
6324126,454.1,306.975,468.66,304.8,1008,3006,1162,2987,1329,1862
6324128,454.42,305.625,468.5,304.875,1011,2991,1160,2987,1329,1864
6324130,455.22,306.525,469.06,304.725,1018,3002,1165,2986,1326,1861
6324132,452.5,306.45,468.58,304.575,990,3000,1160,2984,1327,1860
6324134,453.14,306.075,468.1,304.95,996,2996,1154,2989,1323,1861
6324136,453.3,306.9,468.1,305.025,997,3005,1154,2989,1323,1861
6324138,453.78,307.5,468.1,305.925,1002,3012,1153,3000,1325,1864
6324140,453.78,307.2,468.1,305.325,1002,3009,1153,2993,1324,1863
6324142,453.54,307.5,468.18,305.775,999,3012,1154,2998,1323,1861
6324144,454.1,306.75,467.78,306.6,1005,3004,1149,3007,1323,1863
6324146,453.7,308.175,468.1,306.15,999,3019,1152,3002,1322,1864
6324148,453.3,307.425,467.86,305.625,996,3011,1150,2996,1326,1860
6324150,454.34,309,468.02,306.075,1005,3029,1150,3002,1325,1859
6324152,452.82,308.55,467.78,305.55,989,3023,1147,2995,1322,1858
6324154,452.98,307.125,467.7,305.1,990,3008,1146,2991,1322,1858
6324156,453.94,308.4,467.86,305.925,1000,3022,1148,2999,1325,1859
6324158,453.22,308.175,467.62,305.7,992,3019,1145,2997,1322,1858
6324160,452.74,306.9,467.54,305.25,988,3005,1144,2992,1323,1858
6324162,454.1,306.825,467.54,305.1,1002,3004,1143,2990,1319,1856
6324164,453.78,307.5,467.78,305.025,997,3012,1145,2989,1323,1858
6324166,453.38,306.6,467.62,304.725,993,3002,1143,2986,1320,1857
6324168,454.34,305.475,467.86,304.875,1003,2990,1146,2988,1314,1858
6324170,453.78,306.825,467.38,304.5,997,3004,1141,2983,1318,1857
6324172,454.02,305.625,467.62,304.575,1000,2991,1143,2984,1318,1859
6324174,453.94,306.45,467.3,304.875,998,3000,1139,2987,1320,1860
6324176,454.74,305.1,467.3,304.35,1007,2985,1139,2981,1317,1857
6324178,454.02,306.3,467.14,303.675,998,2997,1138,2973,1318,1861
6324180,454.02,305.325,467.38,304.125,999,2987,1140,2978,1317,1859
6324182,454.34,304.125,467.54,303.975,1002,2974,1141,2977,1310,1858
6324184,453.7,305.7,467.38,303.6,995,2991,1139,2972,1315,1855
6324186,453.94,305.625,467.7,303.9,997,2989,1143,2975,1321,1859
6324188,454.66,305.55,467.94,304.2,1005,2989,1145,2978,1320,1859
6324190,454.42,305.85,467.86,304.125,1002,2992,1144,2978,1317,1858
6324192,454.34,305.175,467.86,303.075,1001,2985,1144,2966,1316,1861
6324194,454.82,305.25,467.94,304.35,1006,2986,1144,2980,1313,1858
6324196,454.66,305.925,468.1,304.275,1004,2993,1146,2979,1313,1857
6324198,454.58,305.775,468.18,304.725,1003,2991,1147,2984,1318,1855
6324200,455.22,305.55,468.02,304.875,1010,2988,1146,2985,1315,1856
6324202,454.98,305.775,467.94,304.65,1008,2991,1145,2983,1309,1854
6324204,454.42,306.45,468.42,304.8,1002,2998,1149,2985,1320,1856
6324206,454.9,307.725,468.18,305.4,1007,3012,1147,2991,1318,1859
6324208,455.3,307.425,468.58,305.25,1011,3009,1151,2990,1319,1858
6324210,454.74,307.5,468.58,305.4,1006,3010,1152,2992,1319,1857
6324212,454.66,307.425,468.9,305.7,1005,3009,1155,2995,1313,1856
6324214,455.62,306.675,468.9,306.9,1016,3001,1156,3008,1310,1854
6324216,454.02,307.65,468.5,305.7,999,3012,1152,2995,1317,1857
6324218,455.86,308.175,468.66,306.675,1019,3018,1154,3006,1313,1858
6324220,455.94,306.6,469.06,306.15,1020,3001,1159,3000,1312,1855
6324222,455.22,308.775,468.82,306.075,1013,3026,1156,3000,1318,1858
6324224,456.82,308.025,469.22,306.675,1030,3017,1161,3006,1320,1854
6324226,456.34,307.95,469.46,306.675,1025,3017,1164,3007,1314,1854
6324228,456.26,307.35,469.06,306.3,1025,3010,1160,3003,1315,1858
6324230,456.74,307.575,469.54,306.375,1031,3014,1166,3004,1315,1858
6324232,456.02,307.65,469.3,306.45,1023,3014,1164,3006,1319,1858
6324234,456.66,306.9,468.98,306.075,1031,3007,1161,3002,1315,1858
6324236,457.06,308.625,469.14,305.475,1035,3026,1163,2995,1316,1861
6324238,456.66,308.4,469.38,305.325,1032,3024,1167,2995,1315,1858
6324240,457.22,306.525,469.22,306.225,1038,3004,1165,3004,1316,1856
6324242,456.9,308.025,469.38,306.3,1035,3021,1168,3006,1315,1855
6324244,455.78,307.35,469.38,305.925,1024,3013,1168,3002,1317,1859
6324246,456.42,307.125,469.22,306.225,1031,3010,1167,3005,1319,1855
6324248,456.42,307.05,469.22,305.325,1032,3010,1167,2995,1315,1856
6324250,455.86,307.05,469.54,305.625,1027,3010,1172,2999,1315,1857
6324252,457.38,306.075,469.38,305.925,1043,3000,1169,3002,1312,1858
6324254,457.22,305.85,469.3,305.7,1042,2997,1169,3000,1310,1857
6324256,456.66,307.875,469.54,305.625,1036,3020,1172,2999,1315,1857
6324258,457.22,306,469.22,305.4,1043,2999,1170,2997,1311,1858
6324260,456.66,306.3,469.22,305.475,1038,3003,1170,2997,1311,1856
6324262,456.58,309,468.9,305.7,1037,3032,1167,3000,1315,1855
6324264,456.26,307.2,468.82,305.475,1034,3012,1167,2997,1313,1859
6324266,456.34,306.225,468.98,305.7,1036,3001,1169,3000,1314,1855
6324268,457.06,306.825,469.22,306.075,1043,3008,1172,3004,1316,1857
6324270,457.06,307.875,468.98,306.15,1044,3020,1170,3005,1315,1855
6324272,456.74,307.125,468.82,305.325,1041,3012,1168,2996,1316,1857
6324274,456.1,306.9,468.98,306.15,1035,3008,1171,3004,1317,1857
6324276,456.1,305.475,468.9,306.15,1036,2993,1170,3004,1314,1857
6324278,455.54,307.2,468.98,305.4,1030,3012,1172,2996,1314,1857
6324280,456.34,306.975,468.9,306.225,1039,3010,1171,3005,1315,1855
6324282,455.86,307.125,468.74,306.225,1034,3011,1170,3005,1317,1856
6324284,455.46,305.7,468.74,306.225,1030,2995,1170,3005,1314,1857
6324286,456.02,306.15,468.58,305.7,1036,3000,1168,2999,1317,1855
6324288,454.98,306.45,468.66,305.775,1025,3002,1169,3000,1316,1856
6324290,456.42,305.4,468.42,305.85,1041,2991,1168,3000,1312,1856
6324292,456.18,307.275,468.5,305.55,1037,3012,1168,2997,1320,1857
6324294,456.02,307.5,468.34,305.325,1037,3014,1167,2994,1315,1858
6324296,456.02,305.325,468.42,305.55,1037,2990,1168,2997,1314,1857
6324298,455.62,306.9,468.42,306,1033,3007,1168,3001,1316,1859
6324300,456.1,306.525,468.42,305.55,1038,3003,1168,2997,1320,1857
6324302,456.1,306.9,468.34,305.625,1039,3007,1168,2997,1315,1857
6324304,455.14,307.35,468.42,306.075,1029,3012,1168,3002,1320,1857
6324306,455.14,309.15,468.26,305.925,1028,3031,1167,3000,1323,1856
6324308,456.42,306.45,468.26,305.625,1043,3002,1168,2997,1317,1857
6324310,456.26,307.575,468.18,306.15,1041,3015,1167,3003,1319,1855
6324312,455.54,306.825,468.26,305.775,1034,3006,1167,2999,1320,1860
6324314,455.3,307.05,468.18,306.75,1031,3008,1167,3009,1315,1856
6324316,456.1,306.825,468.18,306.3,1039,3006,1167,3004,1316,1856
6324318,454.58,307.35,468.42,306.225,1023,3011,1169,3003,1322,1859
6324320,456.34,307.05,468.02,306.375,1042,3008,1165,3004,1318,1856
6324322,455.78,307.05,468.26,306.225,1036,3008,1167,3003,1318,1857
6324324,455.46,307.35,468.42,305.85,1033,3011,1170,2999,1322,1859
6324326,455.62,307.725,468.02,306.45,1033,3015,1165,3004,1320,1856
6324328,455.06,306.525,468.1,306.225,1028,3001,1166,3002,1320,1855
6324330,456.1,306.15,468.18,306.225,1039,2998,1166,3002,1320,1857
6324332,455.06,308.025,468.42,305.925,1027,3018,1169,2999,1316,1857
6324334,455.22,306.975,468.18,305.7,1029,3006,1166,2996,1321,1859
6324336,455.38,306.225,468.1,306.9,1031,2997,1166,3010,1318,1858
6324338,455.46,306.75,468.18,305.625,1032,3003,1166,2995,1321,1858
6324340,454.9,307.725,468.34,305.775,1026,3013,1168,2997,1324,1857
6324342,456.1,307.2,468.26,306.375,1038,3008,1167,3003,1319,1855
6324344,455.78,306.825,468.5,306,1035,3004,1169,2999,1321,1857
6324346,455.46,306.9,468.42,305.325,1032,3004,1168,2991,1325,1859
6324348,456.42,305.7,468.18,306.075,1042,2992,1166,2999,1321,1858
6324350,454.82,306.6,468.58,306,1025,3001,1169,2999,1329,1857
6324352,455.06,306.9,468.42,306,1027,3003,1168,2998,1326,1859
6324354,454.98,305.25,468.18,306.225,1026,2985,1165,3000,1318,1857
6324356,455.86,305.85,468.5,305.55,1035,2992,1169,2993,1324,1857
6324358,455.54,306.6,468.34,305.85,1032,3000,1166,2996,1320,1857
6324360,455.3,306.375,468.34,305.55,1029,2997,1167,2993,1325,1858
6324362,456.34,306,468.34,305.55,1039,2993,1166,2993,1320,1858
6324364,454.9,306.975,468.02,305.55,1024,3004,1163,2993,1321,1860
6324366,456.26,305.025,468.34,306.15,1039,2983,1165,2999,1321,1856
6324368,455.3,306,468.42,306,1029,2993,1167,2997,1323,1856
6324370,455.62,306.9,468.82,306.225,1031,3003,1170,2999,1319,1858
6324372,456.42,304.35,468.58,306.3,1041,2975,1168,3001,1319,1857
6324374,455.94,307.425,468.26,305.475,1035,3008,1165,2991,1327,1859
6324376,455.06,307.425,468.74,305.775,1025,3008,1170,2995,1325,1858
6324378,455.54,306.375,468.82,305.925,1030,2997,1170,2997,1327,1859
6324380,456.5,304.95,468.74,305.775,1041,2981,1170,2994,1320,1858
6324382,456.5,306,468.82,306.675,1040,2993,1169,3004,1323,1857
6324384,455.38,307.05,468.74,306.3,1028,3004,1168,3001,1326,1856
6324386,456.74,304.875,468.66,306.525,1043,2981,1168,3003,1318,1857
6324388,455.7,307.875,468.58,306.6,1031,3013,1166,3004,1326,1857
6324390,455.78,306.825,468.98,306.825,1032,3002,1171,3006,1323,1859
6324392,456.42,306.6,468.82,306.675,1039,3000,1169,3005,1326,1857
6324394,455.78,307.875,469.06,307.05,1031,3014,1171,3009,1325,1859
6324396,454.9,307.5,468.74,306.675,1022,3010,1168,3006,1327,1858
6324398,456.74,306.15,469.06,306.45,1041,2995,1171,3003,1320,1858
6324400,455.38,306.075,468.98,306.975,1027,2995,1170,3009,1320,1860
6324402,455.78,307.275,468.98,306.9,1031,3008,1170,3009,1328,1860
6324404,455.54,307.8,469.14,307.35,1028,3013,1171,3014,1332,1860
6324406,455.62,307.5,469.54,307.35,1029,3011,1176,3014,1326,1861
6324408,454.9,308.1,468.82,306.975,1021,3018,1169,3010,1329,1861
6324410,456.58,306.45,469.14,307.2,1039,3000,1171,3013,1324,1862
6324412,455.7,307.8,468.98,307.35,1029,3015,1169,3014,1326,1861
6324414,455.7,307.2,469.22,307.2,1029,3009,1171,3013,1332,1862
6324416,455.62,307.05,469.38,307.2,1028,3008,1173,3014,1331,1863
6324418,456.34,306.75,469.62,306.825,1035,3005,1175,3011,1325,1860
6324420,455.14,307.575,468.74,306.975,1022,3014,1166,3012,1332,1861
6324422,456.18,306.45,469.3,306.825,1033,3002,1172,3011,1327,1862
6324424,455.54,306.9,469.22,306.6,1027,3007,1171,3009,1326,1858
6324426,454.74,307.575,469.14,307.125,1018,3015,1169,3015,1333,1863
6324428,455.3,306.45,469.06,306.075,1023,3003,1169,3004,1328,1859
6324430,456.34,307.125,468.98,307.125,1034,3012,1167,3016,1327,1864
6324432,456.18,306.3,469.54,307.35,1033,3003,1174,3018,1327,1860
6324434,456.18,306.225,469.38,306.75,1032,3002,1171,3012,1331,1865
6324436,455.38,306.675,469.06,306.9,1024,3007,1168,3014,1331,1864
6324438,455.54,307.575,469.7,307.725,1025,3018,1174,3024,1327,1868
6324440,456.1,308.1,469.22,307.275,1030,3023,1169,3019,1330,1864
6324442,456.18,307.05,469.22,306.825,1031,3012,1168,3014,1332,1861
6324444,455.38,308.25,469.06,307.125,1022,3025,1166,3018,1332,1864
6324446,455.62,306.975,468.82,306.75,1024,3012,1163,3014,1329,1866
6324448,454.82,307.65,469.3,306.9,1015,3019,1168,3016,1328,1867
6324450,455.78,306.45,469.54,306.6,1025,3007,1170,3014,1332,1866
6324452,455.78,306.9,468.74,306.975,1025,3012,1162,3017,1329,1867
6324454,455.54,305.7,468.9,306.975,1023,2999,1162,3018,1330,1865
6324456,456.34,307.65,468.66,306.9,1030,3021,1160,3016,1329,1867
6324458,455.38,306.825,468.9,306.975,1020,3011,1162,3018,1333,1867
6324460,454.98,307.275,469.06,306.45,1015,3016,1164,3012,1332,1864
6324462,456.26,306.6,468.9,307.425,1029,3010,1161,3023,1331,1869
6324464,455.7,307.05,468.82,307.05,1023,3014,1161,3019,1329,1869
6324466,455.3,306.3,468.82,306.525,1018,3006,1160,3013,1330,1868
6324468,456.02,306.3,468.58,307.5,1026,3006,1158,3024,1330,1869
6324470,455.46,307.95,468.58,307.5,1018,3024,1157,3024,1330,1869
6324472,454.98,307.2,468.9,306.975,1014,3016,1161,3018,1331,1871
6324474,455.7,306.825,468.82,307.35,1021,3012,1159,3022,1333,1872
6324476,455.46,306.6,468.5,307.35,1019,3009,1155,3022,1328,1872
6324478,455.3,306.3,468.5,307.8,1016,3006,1155,3027,1330,1870
6324480,455.22,307.125,468.66,307.725,1015,3015,1157,3026,1330,1874
6324482,455.62,306.525,468.74,306.825,1019,3008,1158,3016,1333,1868
6324484,455.14,307.425,468.58,307.65,1014,3018,1155,3025,1328,1873
6324486,454.82,307.125,468.58,307.2,1010,3015,1155,3020,1332,1872
6324488,455.7,306.9,469.22,306.975,1020,3013,1162,3018,1333,1869
6324490,455.14,306.225,468.58,307.425,1013,3005,1154,3022,1333,1870
6324492,455.14,307.35,468.82,307.2,1013,3016,1157,3020,1329,1869
6324494,456.58,306.375,468.42,306.9,1028,3006,1153,3016,1331,1871
6324496,455.38,306.675,468.02,307.05,1015,3009,1148,3017,1329,1871
6324498,455.14,307.725,468.58,306.375,1012,3020,1153,3010,1332,1869
6324500,455.86,306,468.26,307.35,1019,3002,1150,3021,1334,1873
6324502,455.06,306.375,468.34,306.75,1011,3005,1150,3014,1331,1871
6324504,455.38,306.825,468.26,306.15,1014,3010,1150,3007,1337,1870
6324506,454.34,306.3,467.94,306.9,1002,3004,1146,3015,1336,1874
6324508,454.82,306.225,467.86,306.6,1007,3003,1144,3012,1332,1870
6324510,455.22,307.8,468.5,306.825,1011,3020,1150,3014,1335,1872
6324512,455.54,304.95,468.18,306.675,1015,2989,1147,3013,1335,1872
6324514,455.06,306.75,468.58,306.6,1009,3008,1151,3011,1334,1868
6324516,454.9,305.55,468.34,305.775,1007,2995,1149,3002,1336,1868
6324518,455.86,304.725,468.34,306.075,1017,2986,1148,3005,1332,1870
6324520,454.82,305.55,467.94,306.225,1006,2995,1143,3007,1337,1872
6324522,455.38,306.825,468.5,306.675,1010,3009,1149,3011,1333,1869
6324524,455.38,303.825,468.02,306.6,1012,2976,1144,3010,1333,1873
6324526,455.3,306.45,467.86,306,1009,3003,1142,3003,1333,1868
6324528,455.14,305.025,467.86,306.9,1008,2988,1142,3013,1336,1873
6324530,455.62,306.225,468.42,307.05,1012,3001,1147,3014,1333,1871
6324532,455.78,306.3,467.78,306.9,1014,3002,1140,3012,1334,1875
6324534,455.86,305.7,468.42,306.975,1014,2995,1147,3012,1336,1873
6324536,455.3,306.3,468.1,307.275,1009,3000,1143,3016,1339,1876
6324538,454.66,305.85,468.26,306.825,1002,2995,1145,3011,1334,1872
6324540,456.1,306.9,468.5,306.9,1017,3007,1147,3011,1339,1872
6324542,455.22,306.525,468.1,306.9,1008,3002,1143,3011,1340,1873
6324544,455.86,305.7,468.26,306.975,1015,2994,1145,3012,1331,1873
6324546,455.62,306.75,468.26,307.275,1012,3005,1144,3015,1338,1875
6324548,455.86,307.425,468.82,306.975,1014,3012,1150,3011,1338,1872
6324550,454.9,306.9,468.82,306.75,1004,3006,1151,3008,1337,1871
6324552,456.1,305.7,468.98,306.525,1017,2992,1152,3006,1334,1871
6324554,454.98,306.225,468.58,307.275,1005,2998,1148,3013,1338,1873
6324556,455.14,306.375,469.14,307.05,1006,2999,1153,3011,1336,1872
6324558,455.78,305.775,469.22,307.2,1014,2992,1155,3013,1333,1874
6324560,456.1,307.05,468.74,306.975,1017,3007,1150,3010,1336,1872
6324562,454.74,307.125,468.82,306.9,1003,3006,1151,3009,1341,1871
6324564,455.54,306.675,468.42,307.2,1011,3002,1147,3012,1342,1873
6324566,456.02,306.45,469.3,307.05,1017,2999,1156,3010,1338,1869
6324568,456.02,306.3,469.06,306.825,1017,2998,1154,3008,1336,1871
6324570,456.26,305.7,468.58,306.75,1019,2990,1149,3006,1335,1870
6324572,456.18,306.375,469.3,306.675,1019,2998,1156,3006,1339,1872
6324574,456.02,305.85,468.66,306.975,1018,2992,1151,3008,1336,1873
6324576,456.18,306.45,469.38,306.75,1019,2998,1158,3006,1336,1870
6324578,456.1,306.45,468.9,307.425,1019,2998,1153,3013,1338,1874
6324580,455.86,305.7,468.82,306.975,1017,2990,1152,3008,1338,1872
6324582,456.02,305.325,469.38,306.6,1019,2986,1159,3004,1336,1870
6324584,455.62,306.525,469.3,306.525,1015,2999,1159,3003,1340,1868
6324586,455.86,306.15,469.38,307.5,1018,2994,1159,3014,1339,1873
6324588,456.26,306.75,469.22,306.825,1021,3001,1158,3006,1338,1870
6324590,456.34,307.125,469.22,307.05,1022,3004,1158,3009,1336,1871
6324592,456.26,305.625,469.46,307.275,1022,2989,1160,3011,1338,1872
6324594,456.74,306.825,469.22,306.45,1027,3001,1159,3002,1339,1868
6324596,456.1,306.075,469.46,306.9,1021,2993,1161,3006,1334,1870
6324598,455.94,305.1,469.7,307.35,1020,2982,1164,3011,1336,1871
6324600,456.42,306.675,469.78,307.35,1025,3000,1164,3011,1340,1872
6324602,456.42,306.45,469.22,307.95,1025,2997,1158,3018,1336,1872
6324604,456.1,306.75,469.38,307.65,1021,3000,1160,3015,1341,1872
6324606,456.82,307.725,469.3,307.05,1029,3011,1160,3008,1340,1872
6324608,456.34,307.2,469.22,307.35,1024,3005,1160,3011,1339,1870
6324610,456.02,307.05,469.14,307.2,1021,3003,1159,3009,1342,1868
6324612,456.18,306.45,469.22,307.05,1023,2997,1159,3008,1343,1869
6324614,455.86,306.3,469.38,307.2,1020,2995,1162,3009,1344,1869
6324616,455.78,305.025,468.74,307.275,1019,2981,1155,3010,1337,1870
6324618,456.58,305.55,468.98,306.45,1027,2987,1158,3001,1338,1866
6324620,455.38,305.7,469.06,307.35,1015,2988,1158,3011,1340,1866
6324622,454.9,306,468.74,307.35,1010,2991,1154,3010,1341,1870
6324624,455.78,305.175,468.82,307.65,1019,2983,1156,3014,1341,1869
6324626,456.1,306.525,469.3,307.05,1022,2997,1160,3008,1339,1870
6324628,455.46,305.925,469.14,307.65,1015,2990,1159,3014,1338,1869
6324630,455.62,304.575,468.58,308.025,1017,2975,1152,3018,1339,1873
6324632,456.74,306.75,468.66,308.7,1028,3000,1153,3025,1342,1872
6324634,456.26,306.825,469.22,308.025,1023,3001,1159,3018,1340,1871
6324636,456.34,306.975,469.06,308.175,1024,3002,1158,3019,1345,1874
6324638,456.5,306,468.58,308.775,1026,2992,1152,3026,1341,1871
6324640,456.02,307.5,468.58,308.85,1021,3008,1152,3027,1344,1871
6324642,456.18,306.15,468.42,308.925,1023,2993,1151,3028,1341,1871
6324644,455.7,307.35,468.58,308.7,1017,3005,1153,3025,1339,1869
6324646,456.74,306.3,468.26,309,1028,2994,1149,3028,1343,1868
6324648,455.7,306.525,468.66,309.6,1017,2997,1152,3035,1341,1871
6324650,456.1,306.075,468.5,308.55,1021,2991,1151,3023,1345,1866
6324652,455.86,306.675,468.26,308.1,1018,2998,1148,3018,1344,1870
6324654,456.42,305.55,468.18,308.925,1024,2985,1147,3027,1339,1869
6324656,455.94,306.525,468.82,308.175,1019,2996,1154,3018,1341,1869
6324658,456.1,306,468.98,308.175,1020,2990,1155,3018,1342,1868
6324660,455.94,304.35,467.7,308.025,1019,2972,1142,3016,1337,1867
6324662,456.42,305.7,468.26,308.175,1023,2986,1147,3017,1348,1867
6324664,456.66,305.625,468.34,308.025,1026,2985,1147,3016,1342,1865
6324666,455.46,305.175,468.18,307.725,1013,2980,1145,3013,1340,1868
6324668,456.26,304.425,468.1,307.95,1021,2972,1145,3015,1345,1864
6324670,456.18,305.325,467.46,307.65,1020,2981,1137,3011,1345,1863
6324672,455.78,304.425,468.1,307.05,1015,2971,1144,3005,1345,1869
6324674,455.7,302.7,467.54,307.8,1014,2952,1137,3012,1342,1868
6324676,456.1,303.825,467.94,307.425,1018,2964,1142,3008,1342,1862
6324678,455.3,304.5,467.46,307.425,1009,2970,1136,3007,1342,1862
6324680,455.38,303.3,467.46,307.65,1010,2957,1136,3010,1342,1868
6324682,455.54,305.4,467.54,308.175,1010,2980,1135,3014,1341,1863
6324684,455.7,303.825,466.66,307.8,1012,2963,1126,3010,1340,1868
6324686,455.3,303.525,467.3,307.875,1007,2959,1132,3010,1344,1865
6324688,456.58,304.65,466.98,308.025,1020,2971,1129,3012,1345,1867
6324690,455.46,304.95,466.82,308.025,1007,2974,1126,3011,1346,1865
6324692,455.86,304.575,467.62,307.95,1012,2969,1134,3011,1344,1868
6324694,455.3,304.8,467.06,309.225,1005,2971,1127,3024,1341,1865
6324696,455.38,305.4,466.98,308.25,1005,2977,1127,3013,1345,1869
6324698,455.62,303.975,466.9,308.325,1007,2961,1125,3013,1339,1864
6324700,455.22,305.4,466.58,309.075,1003,2977,1121,3021,1345,1868
6324702,454.82,306.075,466.98,308.55,997,2984,1124,3015,1344,1864
6324704,455.46,305.475,466.58,309.3,1004,2977,1120,3023,1347,1866
6324706,454.98,306.225,467.06,308.925,997,2985,1124,3019,1349,1867
6324708,454.98,306.3,467.14,308.55,997,2986,1125,3015,1348,1865
6324710,455.3,305.85,466.5,309.375,1000,2980,1117,3023,1348,1865
6324712,455.22,305.625,466.66,308.55,999,2978,1118,3014,1347,1866
6324714,454.98,306,466.74,308.7,994,2982,1117,3015,1345,1865
6324716,456.1,303.15,466.9,308.4,1008,2951,1119,3012,1346,1865
6324718,455.7,304.725,466.98,309,1001,2968,1119,3019,1341,1863
6324720,456.66,304.5,467.06,308.25,1012,2965,1120,3010,1348,1865
6324722,455.86,304.95,466.66,308.175,1001,2970,1114,3008,1345,1864
6324724,456.1,304.425,467.14,307.8,1004,2964,1119,3005,1347,1866
6324726,456.34,303.45,467.06,308.4,1006,2953,1117,3010,1345,1865
6324728,456.5,304.275,467.06,307.875,1007,2962,1117,3005,1345,1867
6324730,456.74,304.275,467.22,308.1,1008,2961,1117,3007,1348,1868
6324732,456.1,304.05,467.06,308.475,1002,2959,1115,3012,1345,1865
6324734,456.18,304.875,467.22,308.1,1001,2968,1116,3007,1347,1868
6324736,456.42,304.425,466.98,307.875,1003,2963,1113,3004,1349,1869
6324738,456.42,303.225,467.06,308.1,1002,2950,1112,3006,1345,1864
6324740,455.86,303.975,466.98,307.65,996,2957,1112,3002,1350,1868
6324742,456.58,303,467.46,308.325,1002,2946,1116,3009,1346,1867
6324744,456.34,304.05,467.38,308.1,1000,2958,1115,3006,1346,1866
6324746,456.26,304.275,467.3,308.4,998,2960,1113,3009,1348,1867
6324748,455.54,304.425,467.54,308.475,990,2961,1115,3010,1347,1865
6324750,456.58,303.075,466.82,309.525,1000,2947,1106,3022,1342,1860
6324752,456.26,304.875,466.98,309.15,996,2967,1107,3017,1344,1860
6324754,456.18,305.325,467.06,309.3,994,2971,1107,3019,1345,1861
6324756,456.98,305.1,467.06,309.75,1002,2969,1107,3024,1347,1858
6324758,456.66,305.25,466.82,310.275,997,2971,1103,3030,1347,1862
6324760,456.02,305.175,466.5,310.575,991,2970,1100,3033,1348,1863
6324762,456.5,303.45,466.82,310.95,996,2951,1102,3037,1342,1860
6324764,456.1,304.575,466.74,310.35,991,2963,1101,3030,1342,1863
6324766,455.94,305.475,466.66,311.25,988,2973,1098,3040,1348,1859
6324768,456.18,304.425,466.66,311.025,991,2961,1098,3038,1341,1862
6324770,456.9,305.325,467.38,311.325,997,2972,1105,3041,1345,1862
6324772,456.1,305.925,466.98,311.775,988,2979,1101,3047,1345,1863
6324774,456.34,305.7,467.14,311.475,989,2976,1101,3044,1348,1862
6324776,455.86,305.025,467.06,311.7,984,2969,1100,3046,1345,1862
6324778,456.9,306.525,467.14,311.325,993,2986,1099,3042,1345,1861
6324780,455.38,306,466.82,311.1,978,2980,1096,3040,1346,1861
6324782,456.98,306.075,467.06,311.175,992,2982,1097,3041,1348,1864
6324784,456.42,307.125,466.74,311.625,986,2993,1093,3046,1345,1859
6324786,456.18,307.425,467.14,311.025,982,2996,1096,3040,1346,1861
6324788,456.74,305.025,466.9,311.55,989,2970,1094,3045,1343,1862
6324790,456.82,305.925,467.06,311.025,987,2980,1094,3040,1346,1859
6324792,457.14,306.075,467.38,310.725,991,2982,1097,3037,1342,1860
6324794,457.62,305.625,467.06,311.25,995,2977,1092,3042,1342,1862
6324796,456.74,307.2,467.14,310.875,985,2995,1093,3039,1344,1864
6324798,456.9,306.525,467.06,310.8,986,2987,1091,3038,1346,1861
6324800,457.22,306.375,466.74,310.5,988,2986,1088,3035,1347,1866
6324802,456.74,306.3,467.14,310.875,982,2985,1091,3039,1344,1861
6324804,457.14,305.925,467.06,310.35,986,2981,1090,3033,1350,1865
6324806,456.9,305.85,467.14,310.2,983,2980,1089,3031,1351,1861
6324808,456.34,304.875,466.74,310.35,977,2969,1085,3033,1348,1862
6324810,456.26,304.275,466.98,310.125,976,2962,1086,3030,1348,1862
6324812,456.9,304.95,466.26,310.2,982,2970,1078,3031,1346,1864
6324814,456.74,304.65,466.82,310.35,979,2965,1083,3032,1345,1861
6324816,456.74,303.75,466.42,309.675,979,2956,1079,3024,1338,1864
6324818,457.22,304.2,466.1,309.9,983,2960,1074,3026,1343,1860
6324820,457.62,304.875,466.5,309.675,987,2968,1078,3024,1343,1863
6324822,457.62,303.6,466.1,309.825,986,2953,1074,3025,1338,1860
6324824,456.66,305.325,466.18,309.9,975,2972,1074,3025,1345,1861
6324826,457.3,304.875,466.18,309.975,982,2966,1073,3025,1338,1856
6324828,458.26,304.8,466.26,310.65,992,2965,1074,3032,1342,1860
6324830,457.46,304.575,465.94,310.275,983,2962,1070,3027,1338,1861
6324832,458.1,305.925,466.42,310.2,989,2976,1075,3026,1338,1858
6324834,459.54,305.025,466.5,310.875,1004,2966,1076,3033,1338,1855
6324836,459.7,305.625,466.1,310.425,1006,2972,1071,3028,1337,1854
6324838,459.54,305.625,466.02,311.175,1004,2972,1070,3035,1338,1853
6324840,460.18,305.55,465.62,311.025,1010,2971,1066,3033,1333,1857
6324842,461.3,306.075,465.14,310.65,1022,2976,1061,3028,1333,1850
6324844,461.7,306.3,465.46,311.1,1025,2979,1063,3033,1328,1849
6324846,463.06,306.525,464.34,311.55,1040,2981,1051,3037,1323,1849
6324848,465.14,306.075,464.34,311.55,1062,2977,1051,3037,1328,1848
6324850,465.78,305.175,463.78,311.775,1068,2967,1045,3038,1322,1845
6324852,467.54,305.325,462.82,312.75,1087,2969,1035,3049,1318,1843
6324854,469.46,305.55,462.34,310.95,1107,2972,1030,3028,1320,1842
6324856,470.18,305.55,461.78,310.2,1115,2972,1025,3019,1317,1839
6324858,472.5,303.15,460.42,310.125,1140,2945,1011,3017,1319,1836
6324860,474.5,303.975,460.5,309.75,1161,2955,1011,3013,1316,1836
6324862,475.3,303.825,459.54,308.925,1170,2953,1002,3003,1311,1830
6324864,478.18,309.975,458.74,309.9,1198,3022,993,3013,1287,1820
6324866,480.42,320.85,458.82,308.625,1219,3142,995,2999,1256,1815
6324868,483.46,330,460.66,314.7,1248,3244,1012,3066,1209,1778
6324870,483.3,346.95,460.34,332.325,1241,3432,1003,3260,1155,1690
6324872,482.98,367.5,458.42,349.35,1232,3661,977,3449,1085,1616
6324874,481.62,390.45,455.62,368.325,1209,3918,940,3659,1003,1530
6324876,482.66,408.975,452.5,394.575,1214,4128,898,3953,917,1405
6324878,486.42,428.7,446.18,417.15,1249,4353,822,4206,830,1296
6324880,487.78,449.25,445.06,445.35,1257,4589,799,4527,761,1167
6324882,488.98,474.075,439.14,472.35,1262,4876,725,4835,676,1032
6324884,493.94,503.175,439.06,500.625,1307,5216,713,5163,582,895
6324886,498.66,525,430.42,523.65,1352,5475,610,5429,508,774
6324888,503.46,544.875,425.22,547.35,1399,5711,543,5706,423,652
6324890,506.02,567.45,423.46,573.675,1420,5980,513,6017,346,530
6324892,NaN,NaN,414.1,593.025,NaN,NaN,402,6245,0,426
6324894,NaN,NaN,NaN,NaN,NaN,NaN,NaN,NaN,0,0
6324896,NaN,NaN,NaN,NaN,NaN,NaN,NaN,NaN,0,0
6324898,NaN,NaN,NaN,NaN,NaN,NaN,NaN,NaN,0,0
6324900,NaN,NaN,NaN,NaN,NaN,NaN,NaN,NaN,0,0
6324902,NaN,NaN,NaN,NaN,NaN,NaN,NaN,NaN,0,0
6324904,NaN,NaN,NaN,NaN,NaN,NaN,NaN,NaN,0,0
6324906,NaN,NaN,NaN,NaN,NaN,NaN,NaN,NaN,0,0
6324908,NaN,NaN,NaN,NaN,NaN,NaN,NaN,NaN,0,0
6324910,NaN,NaN,NaN,NaN,NaN,NaN,NaN,NaN,0,0
6324912,NaN,NaN,NaN,NaN,NaN,NaN,NaN,NaN,0,0
6324914,NaN,NaN,NaN,NaN,NaN,NaN,NaN,NaN,0,0
6324916,NaN,NaN,NaN,NaN,NaN,NaN,NaN,NaN,0,0
6324918,NaN,NaN,NaN,NaN,NaN,NaN,NaN,NaN,0,0
6324920,NaN,NaN,NaN,NaN,NaN,NaN,NaN,NaN,0,0
6324922,NaN,NaN,NaN,NaN,NaN,NaN,NaN,NaN,0,0
6324924,NaN,NaN,NaN,NaN,NaN,NaN,NaN,NaN,0,0
6324926,NaN,NaN,NaN,NaN,NaN,NaN,NaN,NaN,0,0
6324928,NaN,NaN,NaN,NaN,NaN,NaN,NaN,NaN,0,0
6324930,NaN,NaN,NaN,NaN,NaN,NaN,NaN,NaN,0,0
6324932,NaN,NaN,NaN,NaN,NaN,NaN,NaN,NaN,0,0
6324934,NaN,NaN,NaN,NaN,NaN,NaN,NaN,NaN,0,0
6324936,NaN,NaN,NaN,NaN,NaN,NaN,NaN,NaN,0,0
6324938,NaN,NaN,NaN,NaN,NaN,NaN,NaN,NaN,0,0
6324940,NaN,NaN,NaN,NaN,NaN,NaN,NaN,NaN,0,0
6324942,NaN,NaN,NaN,NaN,NaN,NaN,NaN,NaN,0,0
6324944,NaN,NaN,434.9,617.475,NaN,NaN,634,6550,0,294
6324946,NaN,NaN,434.82,617.475,NaN,NaN,634,6550,0,294
6324948,NaN,NaN,440.02,602.55,NaN,NaN,698,6372,0,361
6324950,NaN,NaN,445.14,587.475,NaN,NaN,761,6194,0,429
6324952,NaN,NaN,447.7,573.375,NaN,NaN,795,6027,0,494
6324954,NaN,NaN,450.18,559.2,NaN,NaN,829,5860,0,561
6324956,467.38,508.875,453.38,545.475,1034,5274,868,5698,488,626
6324958,467.3,508.875,456.42,531.525,1034,5274,908,5535,488,692
6324960,463.7,492.525,457.06,513.675,1001,5082,922,5326,553,777
6324962,460.02,476.1,457.7,495.75,967,4890,935,5117,619,862
6324964,460.58,460.2,460.82,479.1,980,4707,975,4926,680,940
6324966,460.58,447.825,459.54,463.425,984,4565,967,4744,719,1019
6324968,456.34,430.95,463.22,450.675,945,4371,1012,4599,774,1090
6324970,453.38,421.2,465.14,438.45,917,4258,1037,4460,816,1163
6324972,454.34,408.825,464.98,423.525,932,4119,1041,4291,859,1225
6324974,453.78,397.65,465.78,411.15,930,3992,1053,4150,903,1292
6324976,454.58,388.275,469.14,402,942,3888,1092,4048,935,1339
6324978,454.98,373.35,468.98,387.9,952,3720,1096,3889,990,1395
6324980,454.02,366,470.26,378.825,945,3638,1112,3788,1011,1443
6324982,456.66,355.5,471.7,369.225,976,3522,1131,3681,1056,1485
6324984,455.94,346.575,472.98,357,972,3423,1148,3546,1080,1538
6324986,457.78,334.95,475.38,350.25,995,3295,1176,3471,1124,1570
6324988,459.62,326.1,474.82,338.175,1018,3198,1174,3337,1146,1623
6324990,459.14,320.7,475.62,328.575,1014,3138,1185,3231,1178,1666
6324992,460.98,314.4,476.26,321.075,1036,3070,1195,3149,1200,1700
6324994,460.02,305.925,475.38,310.725,1029,2976,1189,3035,1230,1748
6324996,460.5,301.725,475.78,307.125,1035,2930,1194,2995,1243,1765
6324998,460.1,300.6,474.5,299.775,1032,2918,1183,2914,1259,1797
6325000,460.42,296.4,473.54,296.4,1036,2872,1174,2877,1270,1813
6325002,459.46,293.475,472.58,291.45,1027,2840,1166,2823,1280,1837
6325004,460.42,293.25,472.74,290.25,1037,2838,1167,2810,1293,1846
6325006,460.42,291.675,472.1,288.975,1038,2821,1161,2796,1295,1844
6325008,459.86,290.4,471.46,289.35,1032,2807,1154,2800,1302,1849
6325010,460.34,293.025,471.62,289.35,1036,2836,1156,2799,1303,1850
6325012,459.7,291.75,471.14,288.675,1030,2821,1151,2792,1306,1854
6325014,459.94,291.75,470.9,289.275,1032,2822,1148,2799,1302,1851
6325016,459.22,291,470.42,288.9,1025,2813,1143,2794,1304,1852
6325018,459.94,292.2,470.34,289.5,1031,2826,1142,2801,1309,1855
6325020,459.46,292.35,470.02,288.9,1026,2828,1139,2794,1306,1857
6325022,459.3,292.2,469.86,289.575,1025,2826,1137,2801,1301,1859
6325024,459.22,291.675,470.1,290.325,1024,2821,1139,2810,1305,1860
6325026,459.38,290.775,470.1,290.7,1026,2811,1138,2814,1304,1859
6325028,458.82,293.325,469.94,291.3,1019,2839,1137,2821,1310,1857
6325030,459.7,293.625,469.62,293.1,1029,2842,1133,2840,1309,1856
6325032,458.74,293.85,469.14,293.175,1018,2844,1128,2840,1302,1857
6325034,459.22,296.175,468.98,294,1022,2870,1126,2849,1302,1854
6325036,459.3,295.65,468.42,295.125,1023,2864,1120,2862,1299,1856
6325038,459.3,297,468.74,295.2,1024,2879,1123,2862,1310,1861
6325040,459.14,297.825,468.82,296.775,1022,2888,1123,2880,1310,1864
6325042,459.86,297.75,468.58,297.225,1029,2888,1121,2884,1307,1865
6325044,458.74,297.675,468.18,298.5,1017,2886,1116,2898,1313,1869
6325046,459.38,298.5,468.42,299.775,1024,2896,1118,2913,1306,1869
6325048,459.54,300,468.34,300.375,1025,2912,1117,2919,1309,1871
6325050,458.9,299.175,467.78,300.6,1019,2903,1111,2921,1310,1869
6325052,458.82,299.475,468.58,301.725,1018,2906,1120,2934,1311,1869
6325054,458.98,299.55,468.02,301.875,1020,2907,1114,2935,1312,1869
6325056,458.98,301.275,468.34,302.325,1020,2927,1117,2941,1315,1869
6325058,458.02,300,467.94,303.15,1010,2912,1113,2950,1316,1870
6325060,458.5,300.9,467.78,303.975,1015,2922,1112,2959,1309,1875
6325062,458.74,301.575,467.78,303.6,1017,2930,1112,2955,1311,1873
6325064,459.7,300.525,467.62,304.425,1028,2919,1109,2964,1310,1874
6325066,459.7,300.825,468.1,304.8,1028,2922,1114,2969,1309,1873
6325068,459.14,301.95,467.86,304.875,1022,2935,1113,2970,1312,1878
6325070,458.9,301.425,467.78,305.4,1019,2929,1111,2976,1313,1877
6325072,458.42,302.25,467.62,305.1,1015,2939,1110,2973,1316,1878
6325074,459.22,302.475,467.46,304.65,1023,2941,1108,2968,1317,1878
6325076,458.34,301.2,467.62,305.7,1014,2927,1110,2980,1319,1881
6325078,458.58,302.025,467.7,305.475,1016,2937,1111,2978,1320,1877
6325080,458.74,301.875,467.22,304.5,1018,2936,1106,2967,1316,1882
6325082,458.9,302.1,467.38,305.925,1019,2938,1107,2983,1316,1879
6325084,458.82,301.2,467.14,305.775,1019,2929,1105,2982,1316,1882
6325086,458.58,302.1,467.38,305.775,1016,2938,1108,2982,1318,1880
6325088,459.06,302.175,467.06,306,1021,2940,1104,2985,1315,1881
6325090,458.98,301.95,466.98,305.775,1021,2938,1103,2982,1317,1881
6325092,458.26,301.5,467.38,305.775,1012,2932,1108,2982,1322,1880
6325094,459.14,302.1,466.82,306,1022,2939,1101,2985,1319,1881
6325096,458.42,301.65,466.9,305.25,1015,2934,1103,2977,1319,1881
6325098,458.82,301.95,466.9,306.3,1019,2937,1102,2988,1316,1881
6325100,458.74,301.875,466.5,306.225,1018,2937,1098,2987,1322,1879
6325102,458.82,302.25,466.5,306.3,1019,2941,1098,2989,1317,1880
6325104,458.42,301.875,466.5,307.05,1014,2937,1098,2996,1321,1883
6325106,458.26,301.95,466.42,306,1013,2938,1097,2985,1322,1881
6325108,458.98,302.55,466.26,307.05,1020,2945,1095,2997,1316,1880
6325110,458.98,301.65,466.5,307.35,1020,2935,1097,3000,1324,1879
6325112,458.5,302.1,466.42,307.125,1015,2939,1097,2997,1321,1878
6325114,458.58,302.4,465.86,307.125,1016,2943,1091,2997,1314,1881
6325116,458.34,301.65,465.7,308.1,1014,2934,1089,3008,1316,1878
6325118,458.1,302.775,465.7,308.25,1011,2946,1089,3009,1319,1880
6325120,458.34,302.325,466.02,307.95,1014,2942,1092,3006,1317,1876
6325122,458.74,302.475,465.7,308.4,1017,2943,1088,3011,1319,1879
6325124,458.5,302.025,465.54,308.625,1015,2938,1087,3013,1317,1878
6325126,458.34,302.4,465.54,308.925,1013,2942,1087,3017,1317,1882
6325128,458.58,302.85,465.62,309.075,1016,2947,1087,3018,1319,1878
6325130,458.18,303.075,465.22,309.15,1011,2949,1083,3018,1319,1877
6325132,458.66,303.45,464.34,310.05,1016,2954,1073,3028,1314,1879
6325134,457.7,303.15,464.5,310.8,1006,2950,1075,3036,1316,1878
6325136,458.34,303.45,464.98,310.2,1013,2953,1080,3030,1314,1878
6325138,458.34,304.8,464.34,310.575,1013,2969,1073,3034,1323,1881
6325140,458.18,304.5,464.66,310.425,1010,2965,1077,3033,1319,1880
6325142,457.78,304.05,464.9,310.8,1007,2960,1079,3037,1322,1879
6325144,458.1,303.825,464.5,311.25,1009,2958,1075,3041,1320,1880
6325146,458.82,303.6,464.34,310.65,1017,2956,1073,3035,1321,1883
6325148,458.66,303.6,464.5,310.875,1016,2955,1074,3038,1321,1880
6325150,458.66,303.75,464.26,310.725,1015,2958,1072,3036,1319,1883
6325152,458.26,305.025,464.74,311.475,1011,2971,1076,3045,1321,1882
6325154,457.62,303.525,464.82,311.1,1004,2955,1077,3041,1320,1883
6325156,458.82,305.175,464.74,311.175,1016,2973,1076,3041,1325,1879
6325158,458.26,304.2,464.34,311.1,1011,2962,1072,3040,1321,1879
6325160,458.9,303.375,464.1,311.025,1017,2954,1070,3040,1325,1883
6325162,459.14,306.225,464.5,311.325,1018,2985,1073,3043,1325,1884
6325164,458.66,305.55,464.34,311.025,1014,2977,1071,3039,1317,1882
6325166,458.42,304.575,464.18,311.925,1011,2967,1070,3049,1321,1884
6325168,458.82,305.175,464.34,312.375,1016,2974,1071,3055,1322,1883
6325170,458.5,303.825,464.58,311.4,1013,2959,1074,3044,1318,1882
6325172,458.26,304.875,464.34,311.775,1010,2970,1071,3048,1318,1883
6325174,459.22,306,464.26,310.65,1019,2983,1070,3036,1324,1882
6325176,459.14,304.8,464.34,311.7,1019,2970,1071,3047,1327,1884
6325178,459.22,304.8,464.5,311.775,1019,2970,1072,3049,1327,1885
6325180,459.3,305.025,464.42,311.475,1019,2973,1072,3046,1320,1884
6325182,459.38,304.35,464.66,311.325,1021,2965,1074,3044,1322,1882
6325184,459.54,306,464.42,311.1,1022,2984,1071,3041,1323,1882
6325186,458.74,306.15,464.5,311.85,1013,2986,1072,3050,1330,1885
6325188,458.82,305.4,464.34,312,1014,2977,1070,3051,1331,1884
6325190,459.22,306,464.02,311.475,1018,2984,1067,3045,1322,1880
6325192,459.38,306,464.1,311.625,1020,2984,1068,3047,1328,1880
6325194,459.46,303.825,463.86,312,1021,2960,1065,3051,1322,1880
6325196,459.06,305.775,464.02,311.925,1017,2980,1067,3050,1323,1880
6325198,459.06,305.55,464.42,311.4,1017,2978,1071,3045,1325,1881
6325200,459.62,304.35,463.62,312,1023,2965,1063,3050,1327,1880
6325202,459.46,306.45,463.86,311.25,1021,2988,1066,3042,1328,1881
6325204,458.98,306.6,464.18,311.475,1016,2989,1069,3044,1329,1881
6325206,459.38,304.05,463.7,312,1021,2961,1064,3050,1324,1879
6325208,459.78,304.8,463.7,311.4,1025,2970,1064,3043,1324,1879
6325210,459.46,306.75,464.34,311.85,1021,2991,1070,3048,1329,1881
6325212,459.46,305.025,463.86,311.925,1021,2971,1065,3049,1324,1879
6325214,459.62,304.725,463.7,311.625,1023,2969,1063,3045,1318,1877
6325216,459.14,306.225,464.1,311.325,1017,2984,1068,3042,1325,1877
6325218,459.3,303.75,463.86,312.225,1020,2957,1065,3052,1322,1877
6325220,459.38,304.65,464.02,312.075,1020,2967,1067,3050,1323,1878
6325222,458.34,305.55,463.78,311.475,1009,2976,1065,3043,1327,1876
6325224,458.82,305.55,463.94,311.7,1015,2976,1066,3045,1328,1879
6325226,459.46,306,463.38,311.7,1021,2981,1060,3045,1326,1877
6325228,459.78,305.025,463.94,311.475,1025,2970,1067,3042,1325,1878
6325230,459.22,304.125,463.86,311.25,1020,2960,1066,3040,1321,1876
6325232,459.38,304.35,463.86,312,1021,2962,1065,3048,1314,1878
6325234,458.98,303.975,463.62,311.475,1017,2958,1063,3042,1315,1876
6325236,458.74,305.55,463.54,311.625,1014,2975,1062,3043,1319,1878
6325238,458.66,303.9,463.86,311.85,1013,2957,1066,3045,1319,1877
6325240,458.74,306,463.46,312.15,1013,2979,1061,3049,1319,1879
6325242,459.86,305.1,463.86,311.4,1025,2970,1065,3040,1322,1877
6325244,459.78,304.5,464.02,312.15,1025,2963,1067,3049,1325,1876
6325246,459.06,304.875,463.7,311.925,1017,2967,1064,3046,1324,1875
6325248,459.22,304.05,463.94,311.175,1020,2958,1067,3038,1320,1877
6325250,459.54,303.975,463.94,312,1022,2957,1066,3047,1324,1878
6325252,458.9,304.05,463.78,312.15,1016,2957,1064,3048,1325,1876
6325254,459.86,304.8,463.54,311.625,1026,2966,1062,3042,1321,1874
6325256,459.86,304.425,464.1,312,1026,2962,1068,3047,1323,1874
6325258,459.06,305.1,463.86,311.85,1018,2969,1066,3045,1326,1873
6325260,458.98,306.375,463.7,311.625,1016,2982,1064,3042,1329,1875
6325262,460.18,304.35,463.7,312,1029,2961,1064,3046,1326,1875
6325264,459.46,304.35,463.38,311.85,1021,2961,1061,3045,1319,1874
6325266,459.7,304.35,463.7,311.625,1025,2961,1064,3042,1322,1877
6325268,459.7,304.875,463.22,312.525,1024,2967,1058,3052,1325,1877
6325270,458.74,305.925,463.38,311.925,1014,2977,1060,3045,1327,1877
6325272,459.06,305.85,463.62,312.3,1016,2977,1063,3050,1334,1876
6325274,459.38,305.025,463.94,312.375,1020,2968,1066,3050,1329,1876
6325276,459.46,306.3,463.62,311.475,1020,2983,1063,3041,1329,1877
6325278,458.42,306.375,463.46,311.475,1010,2983,1061,3040,1330,1879
6325280,459.46,304.725,463.62,311.925,1021,2965,1063,3045,1325,1879
6325282,458.5,306.075,463.46,311.925,1010,2980,1061,3045,1330,1878
6325284,458.5,305.4,464.02,311.625,1010,2973,1066,3043,1329,1877
6325286,459.22,306,463.14,311.625,1018,2979,1058,3042,1328,1877
6325288,459.38,306.825,463.38,312,1019,2988,1060,3047,1331,1877
6325290,459.22,306.525,463.46,312.375,1018,2985,1060,3051,1329,1876
6325292,458.9,307.125,463.46,311.7,1013,2992,1060,3044,1327,1875
6325294,459.06,306.45,463.22,312.6,1016,2984,1057,3054,1325,1874
6325296,459.3,306.675,463.54,313.05,1018,2987,1061,3059,1324,1876
6325298,459.14,306.75,463.06,312.6,1016,2988,1056,3054,1329,1874
6325300,458.18,307.725,463.46,312.45,1006,2999,1059,3052,1330,1873
6325302,458.5,304.725,463.54,312.225,1010,2966,1061,3051,1322,1872
6325304,458.74,306.675,463.14,311.625,1011,2988,1056,3044,1325,1872
6325306,458.66,307.275,463.7,312,1010,2994,1062,3048,1324,1877
6325308,458.82,305.775,463.14,313.05,1013,2979,1056,3060,1326,1871
6325310,459.14,306.825,463.22,312.225,1016,2990,1057,3051,1322,1870
6325312,459.14,307.5,462.98,312.3,1015,2998,1054,3052,1329,1870
6325314,458.66,305.025,463.3,312.375,1011,2971,1058,3053,1325,1868
6325316,458.42,306.375,463.14,312.3,1008,2986,1055,3053,1321,1869
6325318,458.82,304.5,463.54,311.7,1013,2965,1060,3046,1316,1870
6325320,458.82,305.25,462.98,311.7,1012,2974,1054,3046,1322,1869
6325322,458.98,305.4,463.06,311.775,1014,2976,1054,3047,1319,1867
6325324,458.42,306.675,462.5,311.7,1007,2990,1048,3047,1322,1864
6325326,458.34,305.475,462.82,311.25,1007,2977,1052,3042,1317,1867
6325328,458.58,306.825,462.82,311.4,1009,2992,1052,3044,1314,1867
6325330,458.18,305.4,462.58,311.175,1005,2976,1049,3042,1316,1860
6325332,458.66,306.225,462.5,311.25,1010,2986,1049,3042,1318,1863
6325334,458.34,305.1,462.9,310.95,1007,2974,1053,3040,1315,1862
6325336,458.18,304.5,462.58,311.175,1005,2967,1049,3042,1316,1861
6325338,458.18,305.85,462.1,310.125,1005,2982,1045,3030,1318,1860
6325340,457.86,304.8,462.74,311.025,1002,2971,1051,3041,1321,1855
6325342,458.66,304.95,462.1,310.8,1010,2973,1044,3038,1316,1860
6325344,458.42,306.75,462.1,310.725,1007,2993,1044,3038,1318,1861
6325346,458.1,304.125,462.58,310.425,1004,2964,1050,3035,1322,1858
6325348,458.34,304.725,462.34,310.875,1007,2970,1047,3040,1318,1854
6325350,457.62,306.15,462.74,310.05,999,2986,1051,3031,1317,1857
6325352,457.78,304.95,462.42,310.2,1001,2973,1048,3032,1318,1855
6325354,458.02,305.175,462.02,310.35,1004,2975,1044,3034,1321,1856
6325356,458.42,304.95,462.58,310.125,1007,2973,1050,3031,1318,1856
6325358,457.46,303.9,462.26,310.05,998,2961,1046,3031,1316,1854
6325360,458.82,304.8,462.26,309.75,1012,2972,1047,3028,1315,1855
6325362,457.86,305.175,462.1,309.975,1002,2976,1045,3030,1314,1854
6325364,458.58,304.8,462.18,309.975,1010,2972,1046,3030,1315,1854
6325366,458.18,305.4,462.34,310.275,1005,2979,1047,3034,1318,1853
6325368,458.26,305.1,462.34,310.5,1006,2975,1047,3037,1311,1850
6325370,458.66,304.8,462.34,310.65,1011,2972,1047,3038,1315,1851
6325372,458.42,306.375,462.42,310.2,1007,2989,1048,3034,1317,1852
6325374,458.02,306.75,462.42,310.2,1003,2994,1048,3033,1317,1852
6325376,457.7,305.925,462.5,310.725,1000,2985,1049,3039,1313,1850
6325378,457.78,306.075,462.5,310.35,1001,2987,1049,3035,1314,1850
6325380,458.18,305.4,462.74,310.725,1005,2980,1052,3040,1311,1850
6325382,458.1,306.15,462.98,310.2,1004,2988,1054,3034,1315,1849
6325384,458.02,306.75,462.58,310.35,1004,2995,1050,3035,1317,1849
6325386,458.66,305.1,462.5,309.75,1011,2976,1050,3029,1314,1851
6325388,457.78,304.65,462.82,310.275,1002,2972,1053,3035,1313,1845
6325390,457.86,305.7,462.9,309.825,1002,2983,1054,3030,1311,1845
6325392,458.42,306.375,462.66,310.125,1008,2991,1051,3033,1314,1846
6325394,458.18,306,462.66,309.825,1006,2987,1052,3031,1315,1845
6325396,457.54,304.575,462.42,309.225,1000,2972,1050,3024,1307,1846
6325398,458.74,305.1,462.74,309.75,1013,2978,1053,3030,1309,1844
6325400,457.94,304.65,462.98,309.975,1005,2973,1056,3032,1309,1842
6325402,458.34,305.775,462.98,309.375,1008,2985,1056,3026,1307,1841
6325404,458.34,304.35,463.14,309.225,1009,2969,1057,3025,1303,1840
6325406,457.78,305.625,463.3,309.225,1003,2983,1059,3025,1306,1841
6325408,458.18,304.425,463.46,308.85,1007,2970,1061,3021,1308,1841
6325410,458.26,304.125,462.98,309.675,1008,2967,1056,3030,1307,1838
6325412,457.7,305.4,463.14,309.15,1002,2981,1058,3024,1301,1836
6325414,457.14,304.425,462.98,308.925,997,2971,1057,3022,1301,1839
6325416,457.54,305.4,463.62,309.225,1001,2981,1063,3026,1300,1834
6325418,458.1,305.025,463.62,308.7,1007,2977,1064,3019,1300,1834
6325420,458.5,304.5,463.38,309.225,1012,2972,1062,3026,1298,1832
6325422,458.02,304.725,463.62,308.55,1006,2974,1064,3018,1301,1832
6325424,458.66,304.95,463.38,309.15,1014,2978,1062,3025,1296,1832
6325426,458.34,306.6,463.46,308.175,1010,2995,1064,3015,1297,1831
6325428,458.1,304.875,463.14,309.525,1008,2976,1060,3030,1298,1828
6325430,458.5,305.7,463.46,308.775,1013,2986,1063,3021,1288,1825
6325432,457.14,305.175,463.3,309,998,2980,1062,3024,1287,1827
6325434,458.1,305.7,463.54,309.075,1008,2985,1065,3024,1294,1827
6325436,457.86,305.775,463.46,309.3,1006,2987,1064,3028,1291,1824
6325438,458.42,305.4,463.54,309.375,1012,2983,1064,3029,1294,1827
6325440,457.86,305.325,463.38,309.45,1006,2982,1063,3030,1291,1826
6325442,458.02,306.975,463.78,309,1007,3000,1067,3025,1291,1824
6325444,458.34,305.925,463.14,309.15,1012,2989,1061,3026,1289,1822
6325446,458.34,306.3,463.62,309.375,1011,2994,1065,3029,1290,1820
6325448,458.26,305.7,463.46,309.375,1011,2987,1064,3030,1290,1818
6325450,457.38,306.45,463.06,308.925,1001,2995,1061,3024,1289,1819
6325452,457.78,306.825,463.06,308.7,1006,3000,1061,3022,1288,1818
6325454,458.26,305.775,463.38,308.25,1011,2989,1064,3018,1286,1814
6325456,457.54,305.325,462.66,308.775,1005,2984,1057,3024,1286,1817
6325458,457.78,305.85,463.38,309,1007,2990,1064,3026,1286,1814
6325460,457.7,304.875,463.22,308.325,1006,2980,1063,3019,1282,1812
6325462,458.34,304.875,463.78,308.55,1013,2980,1069,3022,1283,1810
6325464,458.18,305.85,463.38,307.95,1011,2991,1065,3016,1281,1810
6325466,458.1,305.175,463.54,307.2,1011,2983,1068,3008,1282,1809
6325468,458.42,304.95,463.14,307.725,1014,2981,1063,3013,1278,1802
6325470,458.26,305.55,463.22,307.05,1013,2988,1065,3006,1280,1805
6325472,458.1,303.975,462.42,307.575,1013,2971,1056,3012,1284,1802
6325474,458.34,304.65,462.58,307.05,1015,2978,1059,3006,1282,1804
6325476,458.1,305.325,463.06,306.3,1013,2986,1065,2999,1283,1807
6325478,458.5,303.6,462.66,306.3,1017,2968,1060,2998,1278,1803
6325480,458.26,304.725,462.66,306,1015,2980,1061,2996,1279,1800
6325482,458.34,303.6,462.9,306.15,1016,2968,1063,2997,1281,1799
6325484,458.34,304.65,462.74,305.775,1016,2980,1062,2993,1279,1792
6325486,457.86,303.9,462.74,305.475,1012,2971,1062,2990,1274,1793
6325488,457.86,303.9,462.42,305.25,1013,2970,1060,2987,1274,1790
6325490,458.34,304.425,462.74,305.4,1017,2976,1063,2989,1275,1788
6325492,457.94,304.725,462.98,305.7,1013,2980,1066,2993,1280,1786
6325494,457.78,304.35,463.14,305.25,1012,2976,1068,2987,1276,1788
6325496,457.7,304.95,462.5,305.55,1011,2983,1061,2991,1277,1787
6325498,457.78,304.725,462.5,305.025,1012,2981,1062,2985,1272,1788
6325500,457.06,304.875,463.46,305.85,1004,2982,1072,2995,1271,1785
6325502,457.46,305.25,463.06,305.475,1008,2986,1067,2990,1270,1784
6325504,457.38,304.575,463.14,304.875,1008,2979,1069,2984,1273,1783
6325506,457.7,305.475,463.46,306,1012,2989,1072,2997,1276,1785
6325508,457.54,305.625,463.3,305.55,1010,2990,1070,2992,1270,1781
6325510,456.82,304.875,462.9,305.25,1002,2982,1066,2988,1271,1777
6325512,456.5,304.35,463.7,305.925,999,2976,1075,2996,1266,1780
6325514,456.42,304.8,462.42,305.7,999,2981,1061,2993,1265,1778
6325516,456.18,305.025,463.22,305.4,996,2984,1070,2991,1259,1775
6325518,456.1,304.8,463.78,305.85,996,2981,1076,2996,1262,1778
6325520,456.5,305.4,463.46,305.7,999,2989,1072,2994,1258,1775
6325522,456.58,305.025,463.14,305.55,1001,2984,1070,2992,1262,1773
6325524,456.02,304.725,463.46,305.325,995,2981,1073,2990,1258,1774
6325526,456.34,304.575,463.7,305.475,998,2980,1075,2992,1260,1773
6325528,455.94,304.95,463.3,305.25,994,2984,1071,2990,1260,1775
6325530,456.42,304.95,463.3,305.625,999,2984,1071,2994,1259,1772
6325532,456.66,304.875,463.94,305.175,1002,2984,1078,2989,1255,1769
6325534,455.54,303.825,463.94,305.625,990,2972,1078,2995,1258,1768
6325536,455.94,303.525,463.3,306.15,995,2969,1072,3000,1256,1766
6325538,455.94,302.925,463.78,305.4,995,2962,1077,2993,1250,1767
6325540,456.18,304.725,463.62,305.475,997,2983,1075,2994,1252,1764
6325542,456.74,303.375,463.38,305.25,1003,2968,1073,2991,1249,1766
6325544,456.66,302.775,463.7,305.475,1004,2962,1077,2993,1252,1764
6325546,456.26,303.45,463.86,304.875,999,2969,1078,2987,1251,1765
6325548,456.98,302.55,463.06,304.8,1008,2959,1071,2987,1248,1763
6325550,457.62,302.775,463.38,304.8,1014,2962,1074,2986,1249,1763
6325552,456.26,303.375,463.94,304.95,1000,2968,1080,2989,1247,1764
6325554,456.5,302.625,463.3,305.1,1003,2960,1073,2990,1248,1764
6325556,455.86,302.625,463.3,305.475,996,2961,1074,2995,1245,1759
6325558,456.1,303.9,463.22,305.7,999,2974,1073,2996,1247,1758
6325560,455.78,303.3,463.54,304.8,996,2968,1077,2987,1245,1761
6325562,456.42,302.1,463.22,305.775,1003,2955,1073,2998,1245,1758
6325564,455.94,302.55,462.9,305.775,998,2960,1070,2998,1245,1756
6325566,457.14,303,463.22,305.925,1010,2966,1074,3000,1244,1758
6325568,456.18,303.975,463.22,305.925,1000,2976,1074,3000,1241,1758
6325570,455.62,304.5,463.06,306.3,994,2982,1072,3004,1245,1756
6325572,456.02,305.325,462.98,306.45,999,2991,1072,3006,1247,1756
6325574,454.58,304.65,462.82,306.3,984,2983,1070,3004,1251,1755
6325576,455.06,304.5,462.98,306.3,989,2982,1072,3005,1247,1755
6325578,455.62,304.35,462.58,306.75,995,2981,1068,3010,1248,1753
6325580,455.22,305.175,462.34,307.125,991,2990,1065,3014,1241,1755
6325582,455.14,305.325,462.58,306.6,990,2992,1068,3008,1246,1753
6325584,455.3,304.65,462.66,306.9,992,2985,1069,3012,1241,1754
6325586,455.62,305.025,462.98,307.2,995,2989,1072,3015,1240,1752
6325588,455.54,304.05,462.58,307.425,995,2979,1068,3018,1242,1752
6325590,454.9,304.575,462.42,307.05,988,2984,1067,3014,1244,1750
6325592,454.98,305.325,462.82,307.65,989,2993,1070,3022,1245,1748
6325594,454.98,304.725,462.66,307.5,989,2986,1069,3020,1247,1748
6325596,454.66,305.325,463.06,307.5,985,2994,1073,3021,1242,1748
6325598,455.7,305.625,463.3,307.875,996,2997,1075,3025,1241,1748
6325600,456.34,305.4,462.9,307.2,1003,2996,1071,3018,1241,1750
6325602,454.98,305.25,462.9,307.8,988,2994,1071,3025,1243,1748
6325604,455.54,305.025,462.98,307.95,994,2992,1072,3027,1239,1745
6325606,455.54,304.425,462.66,307.35,995,2985,1068,3020,1237,1748
6325608,455.14,304.95,462.66,307.8,989,2991,1068,3026,1236,1746
6325610,455.3,306.225,463.06,308.025,991,3006,1072,3028,1243,1746
6325612,455.06,305.625,463.22,307.8,988,2999,1073,3026,1234,1745
6325614,455.78,304.875,463.14,307.725,996,2991,1073,3025,1235,1743
6325616,455.22,303.675,463.14,307.575,990,2978,1072,3024,1232,1744
6325618,455.7,305.025,462.74,308.4,995,2994,1068,3033,1235,1740
6325620,454.66,305.175,463.38,308.325,983,2995,1074,3032,1233,1739
6325622,455.62,305.4,462.74,308.175,994,2997,1067,3031,1236,1741
6325624,454.34,305.4,462.42,308.925,980,2997,1063,3039,1236,1736
6325626,454.42,305.25,462.18,309.15,981,2995,1061,3041,1231,1734
6325628,454.74,304.2,462.5,308.55,984,2984,1064,3035,1232,1737
6325630,454.18,305.7,462.5,307.875,977,3000,1064,3027,1231,1737
6325632,454.26,305.85,462.34,308.1,977,3002,1062,3030,1225,1738
6325634,454.34,304.35,462.5,308.85,979,2985,1063,3038,1231,1736
6325636,453.3,305.25,462.1,309,967,2994,1059,3039,1230,1733
6325638,454.26,304.575,461.7,308.55,978,2987,1054,3034,1225,1736
6325640,453.94,303.15,461.54,308.625,974,2971,1052,3034,1230,1736
6325642,454.1,304.95,461.86,308.55,975,2991,1055,3033,1230,1730
6325644,454.42,303.825,461.62,307.8,978,2978,1053,3024,1228,1731
6325646,453.54,303.675,461.46,308.25,970,2976,1051,3029,1224,1734
6325648,453.62,303.6,462.18,307.275,970,2974,1059,3018,1228,1733
6325650,453.22,304.275,461.7,307.425,966,2982,1054,3020,1225,1732
6325652,453.46,302.775,461.78,307.35,969,2964,1055,3018,1225,1733
6325654,453.7,303,461.7,307.275,971,2967,1054,3017,1223,1730
6325656,454.58,302.925,461.46,307.65,980,2966,1051,3020,1223,1730
6325658,453.86,302.475,461.78,308.4,972,2961,1053,3029,1221,1732
6325660,453.46,304.35,461.78,308.175,967,2980,1054,3025,1226,1729
6325662,454.02,303.9,461.86,308.025,974,2976,1055,3023,1224,1731
6325664,454.26,303.525,461.46,308.475,976,2971,1050,3027,1224,1731
6325666,454.1,303.75,461.86,308.025,974,2973,1054,3023,1223,1728
6325668,453.86,306,462.02,308.475,971,2997,1056,3027,1223,1729
6325670,453.7,304.35,461.7,308.775,970,2979,1053,3030,1223,1730
6325672,453.38,304.65,462.18,309.525,967,2981,1057,3037,1226,1723
6325674,453.86,304.05,462.02,309.825,972,2975,1055,3041,1226,1728
6325676,453.78,305.55,462.26,310.5,971,2990,1058,3048,1218,1725
6325678,453.78,305.625,462.26,309.45,970,2991,1059,3036,1221,1726
6325680,453.62,303.9,462.26,310.5,970,2972,1058,3047,1223,1725
6325682,454.34,306.6,462.9,310.575,977,3001,1065,3048,1219,1723
6325684,454.1,306.45,462.42,310.875,974,2999,1060,3051,1220,1723
6325686,453.94,305.85,462.82,311.025,973,2993,1065,3053,1224,1723
6325688,454.1,306.675,462.66,311.325,974,3001,1063,3055,1218,1726
6325690,454.18,307.5,462.74,311.475,975,3010,1064,3057,1218,1724
6325692,454.58,306.225,462.82,311.85,980,2996,1065,3061,1220,1722
6325694,454.26,307.05,462.5,311.325,976,3005,1062,3055,1220,1725
6325696,454.5,306.3,462.58,311.625,980,2996,1062,3058,1218,1717
6325698,454.42,306.75,463.3,311.1,979,3002,1070,3052,1222,1723
6325700,454.74,306.3,463.22,312.15,982,2997,1069,3064,1218,1719
6325702,454.82,308.175,463.54,311.625,982,3017,1073,3058,1221,1720
6325704,455.3,306.75,463.06,311.925,988,3002,1068,3061,1221,1723
6325706,455.06,307.05,463.38,311.025,986,3005,1072,3052,1217,1722
6325708,454.9,306.975,462.9,311.4,984,3004,1067,3055,1217,1718
6325710,455.3,307.275,463.94,312.075,988,3008,1078,3063,1218,1719
6325712,454.58,306.15,463.62,311.625,982,2995,1075,3058,1215,1715
6325714,455.3,308.4,463.54,312.225,988,3020,1074,3065,1214,1722
6325716,455.38,306.9,463.54,311.85,991,3003,1075,3060,1217,1717
6325718,454.34,307.2,463.62,311.4,979,3007,1076,3056,1212,1722
6325720,454.42,309.075,463.38,311.475,980,3027,1074,3057,1210,1719
6325722,454.9,307.8,462.5,311.775,985,3013,1064,3060,1211,1719
6325724,453.86,305.4,461.94,310.8,976,2987,1059,3049,1213,1721
6325726,453.38,304.875,461.3,310.2,971,2981,1053,3042,1218,1719
6325728,453.22,305.625,460.82,309.3,970,2989,1049,3032,1217,1721
6325730,452.58,305.55,461.38,307.8,963,2989,1054,3016,1214,1721
6325732,453.38,303.6,461.3,308.475,972,2968,1054,3024,1212,1717
6325734,453.38,303.375,460.58,307.125,972,2965,1047,3009,1210,1724
6325736,453.3,302.475,461.14,306.825,973,2955,1054,3006,1213,1723
6325738,453.3,303.075,461.22,307.5,973,2962,1054,3013,1217,1721
6325740,453.38,304.8,462.1,307.275,974,2981,1065,3011,1212,1718
6325742,453.7,303.075,461.54,307.05,978,2962,1059,3009,1211,1723
6325744,453.86,302.55,460.98,306.525,981,2957,1054,3004,1217,1721
6325746,453.7,302.85,461.38,306.15,978,2961,1058,2999,1210,1722
6325748,453.38,303.15,461.78,306.9,976,2963,1063,3008,1209,1722
6325750,453.22,303.525,461.7,307.125,974,2967,1062,3010,1215,1720
6325752,453.3,304.5,461.46,307.5,976,2979,1060,3014,1208,1723
6325754,452.98,304.425,461.62,307.875,972,2978,1062,3019,1214,1721
6325756,453.78,304.2,461.46,308.325,981,2976,1060,3024,1207,1719
6325758,453.94,304.725,461.7,307.95,983,2981,1063,3020,1209,1718
6325760,453.22,303.225,460.9,308.1,977,2966,1055,3022,1208,1723
6325762,453.54,302.925,461.62,307.275,980,2962,1063,3013,1213,1723
6325764,453.94,303.75,461.22,307.95,984,2972,1060,3020,1209,1716
6325766,453.46,303.375,461.38,308.7,979,2967,1061,3028,1209,1721
6325768,452.9,302.025,461.22,308.25,975,2953,1060,3024,1208,1720
6325770,452.82,303.9,461.3,307.95,973,2973,1061,3021,1214,1724
6325772,453.94,303.225,460.98,307.65,986,2967,1059,3018,1207,1723
6325774,453.22,305.25,461.62,308.325,977,2988,1065,3025,1210,1725
6325776,452.82,304.275,461.7,307.65,974,2978,1067,3018,1216,1725
6325778,454.1,305.325,461.06,308.775,987,2990,1059,3030,1210,1721
6325780,452.98,305.85,461.14,308.55,976,2996,1061,3028,1210,1726
6325782,452.98,304.05,461.14,308.625,976,2976,1061,3029,1211,1722
6325784,453.78,304.65,461.46,308.475,985,2983,1065,3028,1209,1724
6325786,453.78,306,461.22,308.925,985,2998,1062,3033,1212,1724
6325788,452.74,305.325,460.98,308.775,974,2990,1060,3032,1211,1723
6325790,453.06,305.625,461.46,308.175,977,2994,1065,3025,1212,1723
6325792,453.46,306.225,460.9,308.85,982,3001,1059,3033,1211,1723
6325794,453.38,305.85,461.3,308.475,981,2997,1063,3029,1216,1723
6325796,453.22,306.825,461.38,309,980,3009,1065,3035,1209,1722
6325798,453.46,305.925,461.3,309.075,983,2999,1064,3036,1210,1720
6325800,453.7,304.875,461.38,309.675,986,2987,1065,3043,1212,1723
6325802,452.9,305.85,461.46,308.475,977,2998,1066,3030,1205,1724
6325804,453.54,307.275,460.58,309.45,984,3015,1057,3040,1208,1724
6325806,452.98,305.325,460.98,309.9,978,2993,1061,3046,1214,1722
6325808,453.46,306.375,460.74,309.3,983,3005,1058,3040,1212,1726
6325810,453.62,307.125,460.9,309.825,984,3013,1060,3046,1209,1723
6325812,452.82,304.875,460.98,309.6,977,2988,1062,3044,1215,1725
6325814,454.26,306.075,461.14,309.375,992,3003,1063,3041,1205,1724
6325816,453.78,305.55,460.42,309.225,987,2996,1056,3039,1206,1724
6325818,453.94,306.225,461.22,308.85,989,3004,1064,3036,1206,1719
6325820,453.78,304.425,461.3,308.7,987,2985,1065,3034,1210,1723
6325822,453.62,305.775,460.9,307.575,985,3000,1061,3022,1211,1725
6325824,453.54,305.25,460.74,308.1,985,2994,1060,3028,1207,1723
6325826,453.14,305.1,461.22,308.1,981,2992,1065,3028,1211,1724
6325828,453.7,305.025,460.82,307.8,987,2991,1061,3024,1209,1725
6325830,453.86,305.4,461.22,307.5,988,2996,1065,3022,1210,1719
6325832,453.38,303.375,460.58,307.5,984,2973,1059,3021,1208,1721
6325834,453.38,304.8,460.9,306.45,984,2989,1062,3010,1209,1726
6325836,453.54,304.95,460.1,306.825,986,2991,1054,3014,1208,1723
6325838,453.22,303.75,460.98,306.675,983,2978,1063,3012,1209,1726
6325840,453.46,303.3,460.5,305.625,985,2972,1058,3001,1209,1726
6325842,452.98,303,460.42,305.775,980,2969,1057,3002,1207,1728
6325844,452.58,302.625,460.66,306,976,2965,1060,3004,1211,1727
6325846,453.7,304.125,460.74,305.775,987,2981,1061,3001,1212,1731
6325848,453.86,305.325,460.42,306.075,988,2994,1058,3005,1204,1727
6325850,453.7,303.75,460.34,306.225,988,2976,1057,3006,1207,1727
6325852,453.94,302.85,460.74,306.6,990,2967,1061,3010,1210,1726
6325854,453.78,302.55,460.1,305.925,989,2964,1054,3003,1207,1726
6325856,452.1,303,460.18,306.45,971,2968,1055,3008,1213,1728
6325858,452.74,302.775,460.18,306.075,978,2965,1055,3004,1212,1728
6325860,452.98,303.525,459.78,306.525,980,2973,1050,3008,1205,1729
6325862,452.5,301.875,460.02,306.375,976,2955,1054,3007,1209,1728
6325864,453.14,303.975,460.1,307.05,981,2978,1054,3014,1207,1726
6325866,453.14,304.125,460.26,307.8,982,2980,1055,3022,1206,1728
6325868,452.58,303.225,460.1,306.975,975,2970,1053,3013,1210,1726
6325870,452.98,306.075,460.26,307.275,978,3001,1055,3017,1205,1730
6325872,452.9,304.725,460.18,308.1,978,2986,1053,3025,1210,1725
6325874,453.22,305.775,460.5,308.175,981,2998,1056,3027,1211,1727
6325876,453.22,305.775,460.34,307.575,981,2998,1056,3020,1209,1729
6325878,452.42,304.65,460.58,307.65,973,2985,1058,3021,1215,1729
6325880,453.78,305.475,460.42,307.8,988,2995,1056,3022,1209,1728
6325882,452.82,305.85,460.1,307.5,977,2998,1053,3018,1211,1729
6325884,453.22,306.075,460.42,307.95,981,3001,1056,3024,1212,1727
6325886,453.54,306.15,460.74,307.65,985,3002,1060,3021,1209,1728
6325888,453.14,306.525,460.5,307.65,980,3007,1057,3022,1210,1730
6325890,454.02,306.3,460.26,308.4,990,3004,1055,3029,1210,1727
6325892,454.1,306.45,460.5,308.025,990,3006,1057,3025,1210,1724
6325894,453.06,306,460.34,308.1,979,3001,1055,3027,1212,1724
6325896,453.3,306.225,460.5,307.2,982,3004,1057,3017,1214,1728
6325898,453.54,305.55,460.66,307.425,984,2997,1058,3020,1211,1728
6325900,453.86,306.75,460.74,307.725,987,3010,1059,3024,1211,1724
6325902,454.26,304.95,460.98,307.35,992,2991,1062,3019,1211,1725
6325904,453.7,306.975,460.74,307.125,985,3013,1059,3018,1209,1726
6325906,454.26,307.35,461.06,306.675,991,3018,1063,3012,1213,1726
6325908,454.34,306.3,460.98,307.05,992,3006,1062,3017,1214,1726
6325910,452.98,306.45,460.5,306.15,978,3008,1056,3007,1212,1727
6325912,454.26,306.975,460.18,307.35,991,3014,1053,3020,1213,1724
6325914,454.02,305.25,460.02,306.975,989,2996,1052,3016,1211,1724
6325916,454.1,305.475,460.74,306.75,989,2998,1059,3014,1206,1726
6325918,454.26,305.55,460.74,306.6,991,2999,1059,3012,1205,1725
6325920,454.02,304.95,460.42,306.525,988,2992,1055,3012,1208,1722
6325922,453.86,304.8,460.66,306.675,987,2991,1058,3014,1210,1724
6325924,454.42,304.8,460.58,306.75,992,2991,1056,3015,1207,1723
6325926,454.58,304.725,460.9,306.9,993,2991,1059,3017,1214,1724
6325928,453.54,304.275,460.82,306.525,982,2986,1058,3013,1211,1723
6325930,454.42,304.425,460.66,306.45,991,2988,1057,3012,1209,1724
6325932,453.94,306.075,461.06,305.4,985,3006,1061,3001,1208,1723
6325934,453.46,304.575,460.82,306.075,981,2989,1058,3009,1211,1722
6325936,454.5,304.35,460.66,306.375,992,2987,1056,3011,1210,1723
6325938,454.18,305.475,460.34,306.15,988,2999,1053,3009,1210,1722
6325940,454.42,304.95,460.02,305.85,990,2994,1049,3006,1209,1721
6325942,454.42,304.725,460.42,306.3,990,2991,1053,3011,1210,1726
6325944,454.26,304.35,460.1,306.225,989,2987,1050,3009,1210,1722
6325946,453.06,305.475,460.74,306.6,976,2999,1056,3014,1212,1721
6325948,454.58,305.175,460.74,306.6,992,2996,1056,3014,1209,1723
6325950,453.54,304.725,460.58,306.45,981,2991,1054,3012,1207,1728
6325952,454.66,304.65,460.58,306.975,993,2991,1054,3018,1211,1720
6325954,454.98,304.425,460.5,306.525,996,2988,1054,3014,1214,1724
6325956,454.58,305.85,460.74,306.3,991,3004,1056,3011,1215,1725
6325958,454.26,304.65,460.98,306.825,989,2990,1058,3016,1208,1722
6325960,455.3,304.425,460.74,306.825,999,2988,1056,3016,1210,1726
6325962,454.42,305.1,460.58,306.375,989,2995,1054,3011,1212,1725
6325964,454.66,305.175,461.14,306.75,993,2996,1061,3016,1213,1724
6325966,454.66,305.25,461.38,306.675,993,2997,1063,3015,1214,1723
6325968,454.42,304.65,461.14,306.825,990,2990,1060,3017,1212,1718
6325970,454.5,304.65,461.3,306.525,992,2990,1062,3013,1211,1724
6325972,454.18,304.95,461.46,306.675,989,2994,1064,3015,1214,1723
6325974,454.18,305.175,461.22,306.6,988,2996,1062,3014,1211,1723
6325976,454.02,305.175,461.46,306.825,987,2995,1064,3016,1213,1720
6325978,454.98,304.425,461.54,306.75,997,2987,1065,3016,1210,1721
6325980,455.22,305.925,461.14,306.675,1000,3004,1062,3014,1210,1721
6325982,453.78,305.4,461.62,307.425,985,2997,1067,3022,1211,1719
6325984,454.18,305.025,462.42,306.75,989,2993,1075,3016,1214,1719
6325986,453.38,304.875,461.94,306.6,980,2991,1070,3014,1216,1722
6325988,454.18,303.225,462.1,306.825,990,2974,1072,3016,1210,1721
6325990,455.06,304.2,462.42,305.85,998,2985,1075,3005,1213,1719
6325992,455.3,304.725,461.7,306.525,1001,2990,1068,3012,1210,1722
6325994,454.58,305.1,462.42,306.075,993,2995,1075,3007,1208,1717
6325996,454.74,305.025,462.42,305.925,996,2993,1076,3006,1215,1716
6325998,454.98,304.2,462.1,305.925,998,2984,1073,3006,1215,1724
6326000,454.9,304.275,462.5,306.375,997,2985,1077,3010,1213,1717
6326002,455.3,305.775,462.58,305.475,1001,3002,1078,3000,1212,1718
6326004,454.74,303.225,462.34,306.075,997,2973,1076,3007,1214,1719
6326006,455.22,304.125,462.5,305.175,1001,2983,1077,2997,1213,1722
6326008,455.54,304.2,462.82,306,1005,2984,1081,3006,1209,1716
6326010,455.22,304.575,462.58,305.55,1002,2988,1079,3001,1215,1718
6326012,455.7,303.9,462.34,306.225,1007,2980,1076,3008,1210,1717
6326014,455.46,304.2,462.66,305.625,1004,2983,1080,3002,1212,1716
6326016,455.38,304.8,462.5,306.375,1003,2990,1078,3010,1209,1714
6326018,455.78,302.7,461.94,306.45,1008,2967,1073,3010,1207,1715
6326020,455.14,303.9,462.74,306,1002,2979,1081,3005,1209,1715
6326022,455.62,304.65,462.66,306.075,1006,2988,1080,3006,1207,1715
6326024,455.86,303.675,462.26,306.225,1009,2977,1076,3007,1208,1715
6326026,455.62,304.65,462.74,306.225,1007,2987,1081,3007,1210,1716
6326028,454.66,304.875,462.98,306.375,997,2989,1084,3009,1210,1713
6326030,455.3,304.275,462.42,306.525,1004,2983,1078,3010,1211,1711
6326032,456.02,305.1,462.98,304.95,1012,2992,1085,2992,1210,1714
6326034,455.86,304.05,462.82,306.375,1011,2980,1083,3008,1208,1712
6326036,456.18,304.725,463.06,306.45,1014,2988,1086,3009,1208,1710
6326038,455.86,304.35,462.26,306.225,1011,2983,1077,3006,1208,1712
6326040,456.42,304.425,463.3,306.6,1017,2984,1089,3010,1208,1706
6326042,455.3,304.05,462.74,306.975,1006,2979,1083,3014,1205,1706
6326044,456.02,303.225,462.58,306.375,1014,2970,1082,3007,1207,1707
6326046,456.02,304.35,463.22,306.45,1013,2983,1088,3008,1206,1712
6326048,456.66,303.15,462.42,306.825,1021,2970,1080,3012,1203,1699
6326050,455.86,305.1,463.14,306.375,1012,2990,1088,3007,1208,1711
6326052,455.62,305.025,462.9,306.3,1010,2990,1086,3006,1209,1707
6326054,456.02,304.575,462.74,305.85,1014,2985,1085,3001,1210,1703
6326056,456.02,304.875,462.9,307.275,1014,2988,1086,3017,1207,1705
6326058,456.02,303.75,462.9,307.275,1015,2976,1086,3017,1203,1707
6326060,456.18,305.1,462.74,307.875,1016,2991,1084,3023,1204,1701
6326062,456.18,304.275,463.46,306.825,1017,2981,1092,3012,1204,1704
6326064,455.94,305.1,462.74,307.725,1014,2990,1085,3021,1202,1703
6326066,456.74,303.6,462.98,308.325,1023,2974,1087,3028,1198,1699
6326068,456.18,304.575,462.5,307.725,1017,2984,1082,3021,1197,1702
6326070,455.94,304.275,462.02,308.625,1014,2981,1077,3031,1203,1697
6326072,456.18,303.6,462.82,308.4,1017,2974,1085,3029,1199,1697
6326074,456.02,304.5,462.58,309,1015,2983,1083,3035,1203,1697
6326076,456.02,304.425,462.18,308.7,1015,2982,1078,3032,1205,1694
6326078,455.86,303.825,462.34,308.775,1013,2976,1080,3032,1197,1695
6326080,456.1,304.35,462.1,309.375,1016,2982,1077,3039,1202,1695
6326082,455.46,304.425,462.1,308.325,1009,2982,1077,3027,1209,1696
6326084,455.86,305.025,462.58,309.375,1013,2989,1082,3040,1204,1693
6326086,456.02,304.2,461.7,309.375,1014,2980,1073,3039,1202,1691
6326088,456.26,304.5,462.18,309.075,1017,2984,1078,3036,1203,1691
6326090,456.1,304.875,462.34,310.35,1015,2988,1079,3050,1202,1687
6326092,456.02,305.925,461.86,309.825,1014,2999,1074,3044,1203,1691
6326094,455.3,304.2,462.34,310.875,1007,2980,1078,3056,1197,1685
6326096,455.7,305.175,462.26,310.575,1010,2990,1077,3053,1198,1686
6326098,456.18,305.85,462.42,310.875,1015,2998,1079,3056,1202,1686
6326100,455.86,305.25,462.26,310.125,1011,2992,1077,3048,1201,1686
6326102,455.62,304.575,461.7,311.025,1009,2984,1071,3057,1197,1685
6326104,456.26,306.15,461.94,310.8,1015,3002,1073,3055,1202,1684
6326106,455.94,303.525,461.54,310.575,1012,2973,1070,3052,1200,1684
6326108,456.34,303.975,462.42,311.175,1016,2978,1078,3060,1196,1681
6326110,456.34,305.85,461.46,310.725,1016,2998,1068,3054,1203,1687
6326112,456.26,304.275,462.26,311.1,1015,2981,1076,3059,1200,1682
6326114,456.26,304.65,462.1,309.975,1015,2985,1075,3046,1200,1681
6326116,455.94,304.35,461.7,310.95,1012,2983,1070,3057,1195,1680
6326118,455.46,303.825,462.02,310.95,1007,2977,1074,3058,1192,1681
6326120,456.1,304.8,462.18,310.5,1013,2988,1075,3052,1197,1678
6326122,456.02,306,461.78,310.35,1012,3001,1071,3051,1200,1678
6326124,455.94,304.875,461.46,310.65,1012,2988,1068,3054,1196,1675
6326126,455.86,303.3,461.78,310.05,1011,2971,1071,3047,1194,1674
6326128,456.18,304.95,461.54,310.65,1014,2990,1068,3054,1200,1675
6326130,456.18,303.675,462.26,309.975,1014,2975,1076,3046,1194,1678
6326132,456.26,304.65,461.94,310.725,1014,2986,1072,3055,1195,1671
6326134,456.5,303.825,461.78,310.95,1017,2977,1071,3057,1187,1674
6326136,455.22,304.65,461.78,310.875,1004,2986,1071,3057,1190,1673
6326138,456.02,304.35,462.02,310.35,1012,2983,1073,3051,1193,1669
6326140,457.14,303.525,462.02,310.275,1024,2974,1073,3050,1192,1671
6326142,455.94,304.575,462.1,310.725,1011,2986,1074,3055,1196,1674
6326144,455.22,304.35,461.86,310.875,1004,2982,1071,3056,1189,1670
6326146,456.5,303.825,461.86,311.1,1017,2977,1072,3059,1192,1670
6326148,456.82,306.075,462.58,310.95,1020,3002,1079,3057,1191,1671
6326150,455.94,304.875,462.02,311.775,1011,2988,1073,3067,1192,1673
6326152,456.02,305.4,462.1,311.025,1012,2994,1074,3058,1198,1668
6326154,457.14,305.25,462.02,311.4,1024,2993,1073,3062,1191,1668
6326156,456.98,306,462.34,310.875,1022,3001,1077,3056,1196,1668
6326158,456.58,305.7,462.5,311.85,1018,2998,1078,3067,1188,1665
6326160,456.58,304.875,462.5,312.45,1019,2988,1078,3074,1186,1665
6326162,456.74,305.925,462.5,311.85,1020,3000,1079,3067,1191,1666
6326164,456.74,306,462.58,312,1020,3001,1079,3068,1185,1665
6326166,457.06,304.875,462.1,311.775,1023,2989,1075,3065,1181,1663
6326168,456.98,305.925,462.58,312.3,1022,3000,1079,3071,1183,1664
6326170,457.14,304.425,462.26,312.9,1024,2983,1075,3078,1184,1663
6326172,457.62,304.2,462.26,312.825,1029,2980,1075,3077,1189,1665
6326174,457.14,305.025,462.98,312.825,1024,2990,1083,3077,1185,1662
6326176,456.82,305.025,462.58,312.675,1021,2989,1079,3075,1187,1663
6326178,457.22,305.7,462.5,312.75,1025,2996,1079,3076,1186,1663
6326180,457.3,306.525,462.66,312.225,1026,3006,1081,3070,1184,1662
6326182,457.62,306,462.26,312.75,1030,3000,1077,3076,1184,1661
6326184,457.62,303.225,462.34,312.45,1031,2969,1077,3073,1185,1657
6326186,456.98,303.675,462.34,312.45,1024,2975,1077,3072,1187,1663
6326188,456.66,305.775,462.58,312.45,1020,2997,1080,3072,1183,1662
6326190,457.54,306.075,462.82,313.05,1029,3001,1082,3079,1184,1659
6326192,457.38,304.8,462.98,312.45,1028,2987,1084,3072,1181,1661
6326194,456.98,305.475,462.66,312.825,1023,2994,1081,3076,1182,1659
6326196,457.3,304.95,462.34,313.125,1027,2989,1078,3080,1181,1657
6326198,457.14,305.175,462.42,313.125,1026,2990,1078,3080,1184,1659
6326200,457.38,305.4,462.42,313.125,1028,2993,1079,3080,1180,1659
6326202,457.22,305.55,462.5,312.6,1026,2995,1080,3074,1189,1657
6326204,457.14,305.775,462.42,312.75,1026,2997,1079,3075,1182,1660
6326206,456.98,306.15,462.26,312.9,1023,3001,1077,3077,1182,1658
6326208,457.14,306,462.42,313.05,1026,2999,1078,3079,1178,1654
6326210,457.46,305.85,462.5,312.825,1028,2998,1079,3076,1183,1658
6326212,457.78,306.525,462.42,313.2,1032,3005,1078,3081,1179,1655
6326214,457.14,306,462.18,313.2,1025,3000,1076,3080,1178,1657
6326216,456.66,304.575,462.34,312.75,1021,2983,1078,3076,1181,1655
6326218,457.3,305.025,462.66,313.35,1027,2989,1081,3083,1178,1655
6326220,457.46,306,462.34,313.2,1030,2999,1079,3080,1179,1657
6326222,457.22,305.475,462.34,313.05,1027,2994,1078,3079,1178,1654
6326224,458.02,306.6,462.26,312.975,1035,3006,1078,3078,1178,1656
6326226,457.3,305.475,462.02,313.125,1028,2993,1075,3079,1176,1654
6326228,457.38,305.7,462.34,313.575,1028,2995,1078,3084,1178,1651
6326230,458.1,306.075,462.1,313.35,1036,3000,1076,3081,1170,1652
6326232,458.1,307.5,461.86,312.825,1036,3015,1073,3075,1170,1653
6326234,458.42,306.525,462.42,313.35,1039,3004,1079,3081,1168,1652
6326236,457.62,305.85,462.58,313.35,1031,2996,1080,3081,1176,1654
6326238,457.7,306.75,462.1,313.65,1031,3007,1075,3084,1176,1652
6326240,458.02,305.025,462.26,312.975,1035,2988,1077,3076,1174,1650
6326242,457.94,305.925,462.74,313.425,1034,2998,1082,3082,1173,1652
6326244,458.02,306.75,462.02,313.575,1035,3007,1075,3083,1172,1651
6326246,458.34,305.775,462.02,313.425,1039,2996,1075,3081,1171,1648
6326248,458.02,306.975,462.5,313.725,1035,3009,1079,3085,1172,1651
6326250,457.94,306,461.62,313.125,1035,2998,1071,3078,1182,1650
6326252,457.86,305.925,462.34,314.1,1033,2997,1078,3089,1173,1649
6326254,457.54,306.525,461.94,313.8,1029,3004,1074,3085,1172,1652
6326256,457.54,306.6,461.46,313.95,1029,3004,1068,3086,1175,1651
6326258,457.62,306.375,462.02,314.025,1030,3002,1074,3088,1174,1649
6326260,457.78,306.6,462.02,313.95,1031,3004,1074,3086,1174,1650
6326262,457.62,306.675,461.78,314.85,1030,3005,1071,3096,1168,1648
6326264,458.18,307.95,462.1,313.425,1035,3019,1074,3081,1167,1648
6326266,459.54,306.975,461.94,314.1,1050,3009,1073,3088,1160,1646
6326268,457.54,309.15,462.34,313.875,1027,3032,1076,3086,1165,1650
6326270,458.18,307.35,461.94,313.5,1035,3012,1072,3082,1171,1649
6326272,457.86,307.95,461.86,313.95,1031,3019,1072,3086,1167,1647
6326274,457.54,306.375,461.94,314.175,1028,3002,1072,3089,1172,1647
6326276,458.18,307.725,461.78,314.625,1034,3017,1070,3094,1168,1650
6326278,457.7,307.35,461.86,314.4,1029,3012,1071,3091,1169,1649
6326280,458.18,306.825,462.18,314.925,1034,3007,1074,3097,1168,1644
6326282,458.5,306.525,461.86,314.55,1038,3004,1071,3093,1171,1650
6326284,457.7,306.975,461.78,314.175,1029,3008,1069,3089,1170,1648
6326286,457.54,307.35,461.94,314.4,1027,3012,1071,3092,1166,1647
6326288,457.86,308.025,462.02,313.875,1030,3019,1071,3086,1170,1646
6326290,457.86,307.875,462.02,314.625,1030,3018,1071,3094,1166,1648
6326292,458.42,307.5,462.1,314.325,1035,3015,1072,3090,1165,1648
6326294,457.94,306.975,461.94,314.625,1030,3009,1070,3094,1169,1648
6326296,458.42,307.05,461.7,314.925,1035,3009,1067,3097,1168,1649
6326298,457.46,306.225,461.94,314.625,1025,3000,1070,3094,1169,1648
6326300,458.98,307.8,462.26,313.8,1040,3017,1073,3085,1164,1645
6326302,457.46,307.05,462.02,314.625,1025,3009,1070,3094,1168,1648
6326304,458.26,306.9,462.1,314.7,1033,3007,1071,3094,1169,1646
6326306,459.06,307.05,462.26,314.55,1042,3009,1073,3093,1170,1647
6326308,457.3,307.275,461.86,314.775,1023,3012,1069,3095,1172,1644
6326310,459.14,306.3,462.1,314.1,1043,3001,1071,3088,1167,1648
6326312,458.74,305.925,462.42,314.775,1038,2997,1074,3096,1164,1646
6326314,458.18,306.525,462.58,314.775,1032,3003,1076,3096,1170,1643
6326316,457.78,307.275,461.86,314.625,1028,3012,1068,3094,1167,1646
6326318,458.5,305.925,462.42,314.325,1036,2997,1074,3091,1169,1644
6326320,458.9,308.4,462.18,314.325,1038,3025,1071,3091,1164,1648
6326322,458.42,307.5,462.1,314.1,1034,3015,1071,3089,1164,1646
6326324,458.66,306.75,462.5,314.55,1037,3007,1075,3093,1165,1643
6326326,458.58,306.45,462.1,314.4,1036,3003,1071,3092,1168,1646
6326328,458.74,306.375,462.18,314.4,1038,3002,1072,3092,1165,1644
6326330,458.82,306.75,462.18,314.55,1039,3007,1072,3093,1164,1643
6326332,458.66,305.925,462.58,314.025,1037,2997,1076,3088,1163,1641
6326334,458.58,307.125,462.66,314.7,1037,3011,1077,3095,1157,1643
6326336,459.7,306.15,462.5,314.325,1049,3000,1075,3091,1159,1645
6326338,458.82,307.35,462.42,314.625,1039,3013,1075,3094,1164,1645
6326340,458.66,307.65,461.78,314.325,1037,3016,1068,3090,1162,1644
6326342,458.5,306.825,462.42,314.1,1036,3007,1075,3088,1161,1644
6326344,459.46,306.675,462.18,314.175,1046,3006,1073,3089,1162,1645
6326346,458.02,306.15,462.42,313.95,1031,2999,1075,3086,1168,1641
6326348,459.22,306.45,462.34,314.4,1044,3003,1074,3092,1165,1644
6326350,459.14,304.65,462.5,314.1,1044,2983,1076,3088,1166,1646
6326352,459.14,307.125,462.1,314.1,1043,3010,1072,3088,1164,1645
6326354,459.14,305.325,462.42,313.2,1044,2990,1075,3078,1159,1646
6326356,458.74,305.7,462.18,313.95,1039,2994,1072,3086,1161,1646
6326358,458.98,305.7,462.02,314.025,1042,2994,1071,3087,1163,1645
6326360,458.1,305.325,462.26,312.9,1033,2989,1074,3074,1161,1645
6326362,458.82,305.4,462.74,313.575,1040,2990,1079,3082,1156,1643
6326364,458.58,305.475,462.26,313.8,1038,2991,1074,3084,1157,1642
6326366,458.26,306.825,461.94,313.5,1034,3006,1071,3080,1154,1649
6326368,457.7,305.55,461.86,313.8,1029,2991,1070,3084,1155,1645
6326370,457.62,306.3,462.18,314.025,1028,2999,1073,3086,1156,1644
6326372,457.54,307.05,462.34,314.175,1027,3008,1075,3088,1157,1644
6326374,458.02,305.775,461.7,314.325,1032,2994,1068,3089,1160,1646
6326376,457.86,305.85,461.94,314.1,1030,2995,1071,3087,1159,1645
6326378,457.46,306.45,462.02,314.25,1026,3001,1072,3089,1157,1645
6326380,458.26,306.825,461.94,314.025,1035,3006,1071,3086,1160,1644
6326382,458.26,306.3,462.18,313.95,1035,3000,1073,3086,1156,1645
6326384,457.94,306.9,462.26,314.925,1032,3007,1075,3097,1155,1644
6326386,458.66,307.35,461.94,314.85,1039,3012,1071,3095,1155,1644
6326388,457.94,305.7,462.34,315,1032,2993,1076,3097,1155,1645
6326390,458.34,307.5,462.34,315.075,1035,3013,1075,3098,1156,1647
6326392,458.5,308.475,462.1,315.675,1037,3024,1073,3105,1159,1646
6326394,458.1,307.575,462.34,314.55,1033,3014,1076,3093,1151,1643
6326396,458.1,306.6,462.1,314.925,1034,3004,1074,3097,1154,1644
6326398,457.7,307.65,462.34,314.625,1029,3016,1076,3094,1154,1643
6326400,458.98,307.275,462.58,315.3,1043,3012,1078,3102,1156,1647
6326402,458.5,307.575,462.26,315.15,1038,3015,1075,3100,1156,1647
6326404,459.38,307.275,462.26,315,1048,3013,1075,3098,1159,1645
6326406,458.74,306.6,462.5,314.1,1041,3005,1078,3089,1156,1644
6326408,458.58,305.625,462.34,314.175,1040,2995,1077,3090,1156,1643
6326410,458.66,306.3,462.02,314.25,1041,3002,1074,3091,1164,1644
6326412,458.34,306.525,462.1,313.425,1038,3005,1075,3082,1155,1647
6326414,458.74,306.225,462.34,314.025,1042,3001,1077,3089,1154,1646
6326416,458.9,304.425,462.34,313.95,1045,2983,1078,3089,1158,1645
6326418,459.22,305.625,462.18,313.35,1048,2995,1077,3082,1157,1644
6326420,459.38,305.925,462.5,313.35,1051,2999,1080,3082,1158,1648
6326422,458.26,304.05,462.1,312.225,1039,2979,1077,3070,1156,1650
6326424,457.86,302.625,462.42,312.15,1036,2963,1081,3069,1157,1647
6326426,458.5,303.15,462.18,311.925,1043,2969,1079,3067,1151,1648
6326428,458.74,303.525,462.5,311.775,1046,2973,1083,3065,1157,1646
6326430,457.62,303.075,462.42,311.475,1035,2968,1082,3062,1153,1648
6326432,457.78,302.625,462.9,311.85,1038,2963,1088,3066,1146,1647
6326434,457.78,302.325,462.42,311.175,1038,2960,1083,3059,1147,1648
6326436,458.34,303.3,462.26,311.1,1043,2971,1082,3058,1151,1648
6326438,458.02,302.025,462.66,311.625,1041,2957,1087,3064,1157,1646
6326440,458.66,302.4,462.74,311.25,1048,2961,1088,3060,1157,1647
6326442,457.86,302.4,462.66,312.075,1040,2961,1087,3069,1153,1648
6326444,458.74,301.875,463.22,312.075,1050,2956,1093,3069,1152,1646
6326446,458.26,302.7,462.9,312,1045,2965,1090,3069,1160,1650
6326448,458.66,304.275,463.14,312.375,1049,2983,1094,3073,1158,1646
6326450,458.5,303.45,463.78,313.05,1048,2974,1100,3081,1159,1647
6326452,458.1,304.125,464.02,313.65,1044,2982,1104,3088,1157,1647
6326454,458.26,303.225,463.7,314.1,1047,2972,1100,3093,1156,1648
6326456,458.18,304.725,463.38,314.475,1046,2988,1098,3098,1157,1646
6326458,458.26,304.95,463.94,314.025,1047,2991,1104,3092,1156,1647
6326460,457.46,305.925,463.78,314.775,1039,3002,1103,3102,1152,1646
6326462,457.7,307.2,463.86,314.475,1041,3016,1104,3098,1146,1649
6326464,457.06,306.075,464.1,314.325,1036,3004,1107,3098,1144,1647
6326466,457.3,304.8,464.18,315.525,1039,2990,1109,3110,1139,1649
6326468,457.86,307.35,463.62,314.775,1045,3019,1103,3103,1151,1650
6326470,456.42,306.675,464.5,314.7,1030,3011,1112,3102,1146,1646
6326472,457.94,307.725,464.26,315.15,1046,3024,1111,3108,1147,1648
6326474,457.3,308.55,464.5,314.925,1040,3033,1113,3106,1147,1652
6326476,457.94,307.5,464.5,315.3,1047,3023,1114,3111,1157,1649
6326478,457.78,306.975,464.42,315.6,1046,3017,1113,3114,1151,1652
6326480,457.86,308.175,464.74,314.7,1047,3031,1118,3105,1157,1652
6326482,457.46,307.35,464.1,314.925,1043,3022,1110,3107,1155,1653
6326484,457.62,306.825,464.98,314.7,1046,3017,1121,3106,1155,1652
6326486,458.26,306.675,464.42,314.25,1052,3015,1115,3101,1154,1652
6326488,457.78,306.075,464.66,315.075,1048,3009,1118,3111,1155,1656
6326490,458.18,305.175,464.34,314.25,1053,2999,1115,3101,1156,1653
6326492,457.22,305.025,464.66,313.95,1044,2998,1119,3099,1153,1653
6326494,456.74,305.325,464.34,313.95,1039,3001,1116,3098,1151,1651
6326496,457.86,305.7,464.34,314.475,1051,3006,1116,3105,1154,1652
6326498,457.46,305.625,464.18,314.025,1046,3005,1115,3100,1150,1652
6326500,457.38,305.475,464.1,313.425,1046,3004,1114,3093,1150,1649
6326502,457.06,305.025,463.7,313.2,1043,2998,1111,3091,1150,1650
6326504,457.22,303.825,464.02,313.575,1046,2985,1114,3094,1153,1652
6326506,457.14,304.8,464.1,313.275,1044,2996,1115,3091,1153,1654
6326508,457.22,305.175,463.94,313.35,1045,3000,1114,3092,1152,1651
6326510,457.14,302.1,463.62,312.825,1045,2966,1110,3086,1153,1651
6326512,457.06,303.75,463.22,312.975,1043,2984,1106,3087,1155,1651
6326514,456.82,304.35,463.7,312.375,1041,2990,1111,3081,1147,1653
6326516,457.06,300.975,463.7,312.75,1045,2953,1111,3085,1151,1650
6326518,456.66,303.375,463.14,312.45,1040,2979,1105,3082,1155,1651
6326520,455.46,304.125,462.98,313.2,1027,2986,1103,3089,1151,1654
6326522,455.94,303.45,463.22,313.05,1032,2979,1106,3087,1150,1653
6326524,455.46,305.325,463.38,313.425,1027,2999,1108,3090,1148,1654
6326526,455.94,304.95,462.82,312.675,1032,2995,1102,3082,1145,1657
6326528,455.38,304.65,462.82,313.35,1026,2990,1102,3089,1143,1655
6326530,455.94,304.05,462.9,313.35,1032,2984,1102,3089,1146,1657
6326532,455.62,303.825,462.74,313.875,1029,2981,1101,3093,1149,1659
6326534,455.94,303.45,462.5,313.35,1032,2976,1098,3088,1139,1656
6326536,455.94,304.425,462.66,313.875,1032,2987,1100,3092,1148,1655
6326538,455.22,305.475,462.9,314.175,1024,2998,1102,3096,1145,1658
6326540,455.86,304.275,462.98,314.4,1030,2984,1102,3098,1140,1657
6326542,455.46,305.1,463.38,314.85,1026,2993,1107,3103,1151,1660
6326544,456.02,305.325,462.82,315,1032,2995,1100,3103,1150,1660
6326546,455.78,305.325,462.82,314.4,1029,2995,1100,3097,1151,1663
6326548,455.46,306.45,463.3,314.775,1026,3007,1105,3101,1151,1657
6326550,455.54,306.3,462.9,314.925,1026,3005,1101,3102,1149,1662
6326552,455.86,303.6,462.82,315.225,1030,2975,1100,3105,1157,1660
6326554,455.3,304.275,463.46,314.775,1024,2981,1106,3100,1152,1662
6326556,455.7,305.1,462.42,315.075,1028,2990,1096,3102,1151,1664
6326558,455.54,306.975,463.22,314.85,1026,3011,1104,3100,1141,1661
6326560,455.22,305.85,462.9,315,1023,2997,1101,3100,1146,1660
6326562,455.46,306.225,463.38,314.175,1025,3001,1106,3092,1146,1660
6326564,455.78,305.325,463.86,314.25,1029,2991,1111,3092,1149,1659
6326566,455.54,304.5,463.06,314.55,1026,2982,1102,3095,1147,1663
6326568,455.54,305.7,463.06,315.075,1026,2995,1102,3100,1144,1659
6326570,455.94,305.55,463.14,314.1,1030,2993,1103,3089,1146,1661
6326572,455.22,306.15,463.3,314.925,1022,2999,1104,3098,1144,1661
6326574,455.86,303.525,463.62,314.025,1029,2970,1108,3088,1147,1662
6326576,455.78,304.8,464.18,315.075,1028,2984,1113,3100,1153,1662
6326578,455.94,304.95,463.46,314.7,1030,2986,1106,3095,1154,1664
6326580,455.94,304.35,463.78,314.4,1030,2978,1109,3091,1152,1661
6326582,456.66,304.275,463.3,314.25,1038,2978,1105,3089,1156,1669
6326584,455.86,304.425,463.62,314.025,1029,2978,1108,3087,1153,1666
6326586,457.46,304.2,463.94,314.25,1046,2976,1111,3090,1157,1666
6326588,456.34,305.175,464.1,313.95,1034,2986,1114,3086,1158,1664
6326590,456.58,303.675,463.54,314.175,1037,2970,1107,3088,1158,1667
6326592,456.74,305.175,464.26,314.625,1038,2986,1115,3093,1153,1664
6326594,457.06,303.9,463.54,314.325,1042,2972,1107,3089,1163,1667
6326596,457.06,306.075,463.38,314.475,1042,2996,1106,3090,1158,1669
6326598,456.74,304.8,463.94,314.175,1039,2982,1112,3088,1159,1664
6326600,456.5,305.325,464.1,315.075,1037,2987,1113,3097,1155,1667
6326602,457.54,305.4,463.62,315.45,1047,2988,1109,3101,1155,1669
6326604,456.9,305.1,464.1,315.075,1041,2985,1114,3097,1158,1665
6326606,456.82,304.125,464.18,315.45,1041,2974,1115,3101,1154,1669
6326608,457.38,306,463.86,315.3,1046,2994,1112,3100,1160,1669
6326610,456.9,304.5,463.94,315.375,1041,2978,1112,3100,1158,1665
6326612,456.9,306.075,464.42,315.6,1042,2996,1118,3103,1153,1664
6326614,457.46,305.025,464.42,315.75,1048,2984,1117,3105,1157,1665
6326616,457.14,306.225,464.18,315.975,1045,2997,1115,3107,1158,1667
6326618,457.38,304.425,464.98,315.525,1047,2978,1124,3102,1155,1663
6326620,457.22,305.175,464.1,316.05,1046,2986,1115,3108,1159,1664
6326622,457.7,306.675,464.02,315.675,1051,3002,1114,3104,1159,1669
6326624,456.9,306.225,464.5,316.125,1042,2998,1119,3110,1154,1667
6326626,456.66,306.975,464.42,315.825,1040,3006,1119,3106,1151,1665
6326628,457.06,306.45,464.1,316.35,1044,3000,1115,3112,1155,1670
6326630,457.62,306.3,464.26,316.275,1050,2999,1117,3111,1154,1666
6326632,457.3,305.1,464.42,315.975,1048,2986,1119,3109,1156,1668
6326634,457.06,306.45,464.42,316.05,1044,3001,1119,3109,1157,1667
6326636,457.3,307.65,464.5,316.65,1047,3015,1120,3116,1154,1667
6326638,457.46,305.925,464.34,316.8,1049,2996,1118,3118,1161,1668
6326640,458.1,306.225,463.86,316.725,1056,3000,1113,3117,1162,1667
6326642,457.46,306,464.74,316.8,1050,2997,1123,3119,1157,1670
6326644,458.1,306.975,464.58,317.175,1056,3009,1121,3124,1159,1673
6326646,457.78,307.275,464.74,316.725,1053,3012,1123,3119,1161,1673
6326648,457.78,307.8,464.9,316.65,1053,3018,1125,3118,1161,1675
6326650,458.18,307.125,464.58,316.575,1057,3011,1122,3117,1158,1674
6326652,457.54,307.05,464.66,316.425,1051,3010,1123,3116,1164,1676
6326654,458.1,306.45,464.5,316.875,1057,3004,1121,3121,1162,1673
6326656,457.38,305.775,464.66,316.8,1050,2997,1123,3121,1161,1677
6326658,458.1,306.15,465.06,316.05,1058,3001,1128,3113,1160,1673
6326660,457.06,307.275,464.42,316.275,1046,3014,1121,3116,1158,1669
6326662,457.38,307.35,464.66,316.575,1050,3015,1123,3119,1158,1672
6326664,458.66,306.6,464.58,316.575,1063,3008,1122,3119,1158,1675
6326666,458.1,307.425,464.1,316.65,1057,3017,1117,3120,1160,1672
6326668,457.7,307.35,464.34,316.95,1053,3016,1120,3124,1160,1676
6326670,457.46,307.05,465.06,316.95,1050,3013,1127,3125,1159,1678
6326672,457.46,307.875,464.5,317.025,1050,3022,1122,3125,1160,1673
6326674,457.78,307.35,464.02,316.95,1054,3017,1117,3125,1165,1681
6326676,457.62,306.375,464.58,316.8,1053,3006,1123,3123,1159,1676
6326678,457.54,306.3,464.58,316.65,1052,3006,1122,3122,1166,1679
6326680,457.38,306.225,463.86,316.575,1050,3005,1116,3121,1163,1679
6326682,457.86,306.075,464.1,316.95,1055,3003,1118,3125,1163,1681
6326684,457.78,307.35,464.42,317.25,1054,3018,1121,3129,1163,1679
6326686,457.7,306.975,463.94,317.175,1053,3014,1116,3128,1166,1680
6326688,457.7,306.975,464.42,316.65,1054,3014,1121,3123,1162,1684
6326690,457.62,307.425,464.18,317.55,1053,3019,1118,3132,1163,1679
6326692,457.94,306.525,464.1,317.55,1055,3010,1117,3133,1167,1680
6326694,457.94,306.975,463.94,316.875,1056,3014,1116,3125,1162,1681
6326696,457.7,307.275,464.58,317.1,1053,3018,1122,3128,1165,1682
6326698,457.62,306.975,464.18,317.175,1052,3015,1117,3129,1164,1681
6326700,457.38,306.525,464.5,316.95,1049,3010,1121,3127,1168,1686
6326702,457.94,306.6,464.5,316.8,1055,3011,1121,3125,1165,1683
6326704,457.78,306.9,464.18,317.1,1053,3014,1117,3129,1171,1686
6326706,457.54,307.35,463.86,316.725,1050,3019,1114,3125,1168,1682
6326708,457.86,305.7,464.5,317.25,1054,3001,1121,3131,1164,1683
6326710,457.3,306.9,463.7,315.975,1048,3014,1113,3116,1169,1685
6326712,457.3,308.85,464.1,316.05,1048,3035,1117,3117,1171,1685
6326714,457.54,306.6,464.34,315.9,1051,3011,1119,3116,1168,1685
6326716,457.86,307.65,463.94,315.825,1054,3022,1115,3114,1169,1686
6326718,458.02,306.9,464.02,315.675,1055,3015,1116,3114,1162,1688
6326720,457.78,305.85,464.34,315.45,1053,3003,1119,3111,1165,1688
6326722,457.46,306.225,463.7,315.375,1049,3007,1112,3110,1171,1687
6326724,458.1,305.85,464.1,315.225,1056,3003,1116,3108,1165,1689
6326726,457.78,306.15,463.94,315.825,1052,3006,1115,3115,1164,1686
6326728,457.78,304.95,463.94,315.3,1053,2993,1115,3109,1170,1688
6326730,457.78,305.55,463.38,315.525,1053,2999,1109,3111,1168,1688
6326732,458.02,306.525,464.1,315.825,1055,3010,1116,3114,1165,1691
6326734,457.62,305.7,464.58,314.925,1051,3000,1122,3105,1169,1693
6326736,457.62,305.325,464.34,314.475,1052,2996,1120,3100,1170,1693
6326738,457.46,305.7,464.42,314.625,1050,3000,1120,3101,1173,1695
6326740,457.38,307.5,464.26,314.925,1049,3020,1119,3104,1178,1693
6326742,457.06,305.85,464.5,314.775,1046,3002,1121,3102,1176,1697
6326744,457.62,306.825,464.26,315.15,1052,3012,1119,3106,1172,1694
6326746,457.78,306.45,464.74,314.4,1053,3008,1125,3099,1178,1697
6326748,457.62,305.4,465.14,314.775,1052,2996,1129,3102,1185,1699
6326750,457.78,305.7,464.58,315.6,1054,3000,1123,3111,1174,1700
6326752,457.78,307.275,465.14,315.225,1054,3016,1129,3107,1182,1698
6326754,457.94,305.25,464.74,315.525,1056,2994,1125,3110,1171,1699
6326756,458.02,307.425,465.06,314.925,1057,3018,1128,3104,1171,1701
6326758,458.42,306.675,465.38,315.075,1061,3010,1132,3105,1175,1700
6326760,458.66,306.6,465.7,314.925,1064,3009,1135,3103,1173,1700
6326762,458.58,306.3,465.54,315.225,1063,3005,1134,3107,1169,1701
6326764,458.66,307.875,465.62,314.925,1064,3023,1135,3103,1178,1703
6326766,458.58,306.75,466.02,315.225,1064,3011,1139,3106,1172,1701
6326768,458.58,308.475,465.94,315,1063,3030,1139,3104,1177,1704
6326770,458.1,307.2,466.18,315.3,1059,3015,1141,3108,1171,1703
6326772,458.42,307.2,466.1,315,1062,3015,1141,3104,1179,1705
6326774,458.42,307.8,465.7,314.775,1062,3022,1137,3102,1185,1709
6326776,459.06,309.975,465.86,315.3,1069,3046,1138,3108,1188,1704
6326778,459.22,308.55,466.18,315,1071,3031,1142,3105,1185,1706
6326780,458.58,308.325,465.86,315.825,1065,3028,1139,3113,1184,1707
6326782,459.14,307.5,465.94,314.925,1071,3019,1140,3104,1187,1705
6326784,458.66,306.525,466.34,315.15,1067,3009,1145,3106,1190,1707
6326786,458.34,308.025,466.34,314.55,1063,3025,1145,3100,1190,1709
6326788,459.38,309.6,466.18,314.55,1074,3043,1144,3100,1192,1707
6326790,459.3,308.325,466.26,315.375,1074,3029,1145,3109,1187,1711
6326792,458.58,308.625,465.94,314.85,1066,3032,1142,3103,1188,1711
6326794,459.3,308.55,465.78,314.1,1074,3031,1140,3095,1192,1710
6326796,459.06,307.5,466.02,315,1072,3020,1143,3105,1190,1712
6326798,458.66,307.425,465.78,314.7,1068,3019,1141,3102,1194,1711
6326800,458.58,308.925,466.1,314.175,1067,3036,1145,3096,1191,1710
6326802,458.02,308.4,465.46,314.775,1061,3030,1138,3103,1190,1710
6326804,458.42,306.6,466.02,314.7,1067,3010,1144,3102,1195,1710
6326806,458.66,307.575,465.94,314.4,1069,3021,1144,3098,1192,1711
6326808,458.5,308.55,465.62,313.8,1068,3032,1141,3092,1194,1709
6326810,458.34,307.8,465.78,313.725,1067,3024,1143,3091,1188,1710
6326812,458.82,307.425,465.86,314.025,1072,3020,1144,3095,1191,1712
6326814,457.62,309.15,465.46,313.275,1059,3038,1140,3086,1188,1711
6326816,458.82,306.975,465.86,313.8,1072,3014,1145,3093,1189,1711
6326818,458.58,308.475,465.62,314.175,1069,3031,1142,3096,1187,1711
6326820,458.18,307.425,465.3,313.425,1066,3019,1140,3087,1191,1712
6326822,458.42,305.25,465.7,313.725,1069,2996,1143,3091,1192,1710
6326824,458.74,306.3,465.86,313.65,1073,3007,1146,3090,1194,1710
6326826,457.62,307.35,465.7,313.05,1061,3018,1144,3084,1196,1712
6326828,458.18,307.875,465.7,313.575,1067,3024,1144,3089,1193,1712
6326830,458.74,308.475,465.78,313.875,1073,3031,1145,3092,1191,1711
6326832,458.1,309.3,465.3,313.5,1066,3039,1140,3088,1195,1715
6326834,458.02,308.4,465.62,314.325,1065,3030,1144,3098,1192,1713
6326836,457.54,307.05,465.7,313.35,1061,3014,1145,3087,1195,1711
6326838,457.06,308.55,465.3,314.1,1056,3030,1140,3095,1204,1716
6326840,457.94,307.2,465.54,314.1,1065,3016,1144,3095,1202,1714
6326842,458.58,308.25,465.46,314.325,1072,3028,1142,3097,1201,1713
6326844,457.22,307.425,465.54,313.575,1058,3018,1144,3089,1201,1714
6326846,457.14,307.875,465.78,314.025,1058,3023,1146,3094,1204,1712
6326848,458.1,308.25,465.38,314.475,1068,3028,1143,3098,1201,1711
6326850,456.74,308.1,465.94,314.175,1053,3025,1148,3095,1199,1716
6326852,458.02,309.225,465.38,313.95,1067,3038,1143,3093,1201,1715
6326854,457.7,307.425,465.86,314.25,1064,3018,1148,3096,1193,1716
6326856,458.1,308.625,465.54,314.25,1068,3031,1145,3095,1196,1712
6326858,457.62,308.325,465.54,313.425,1064,3028,1145,3086,1202,1714
6326860,457.86,309,465.54,313.575,1066,3035,1146,3088,1197,1713
6326862,457.38,309.525,465.62,314.025,1061,3041,1147,3093,1201,1714
6326864,458.26,309.15,465.94,313.95,1072,3037,1151,3092,1201,1717
6326866,457.46,308.325,465.3,313.05,1063,3027,1145,3082,1204,1717
6326868,457.22,309,465.86,313.65,1061,3035,1150,3088,1201,1715
6326870,457.94,308.25,465.38,313.425,1069,3027,1145,3086,1203,1714
6326872,458.5,308.625,465.86,313.05,1074,3031,1151,3082,1197,1718
6326874,457.62,308.325,466.18,313.35,1066,3027,1155,3086,1207,1717
6326876,457.3,309.15,466.26,313.425,1063,3036,1156,3086,1208,1720
6326878,457.7,308.1,465.7,312.9,1067,3025,1150,3080,1206,1718
6326880,456.66,307.275,466.42,313.2,1056,3016,1158,3084,1213,1719
6326882,457.94,308.7,466.02,313.05,1070,3032,1154,3082,1206,1718
6326884,457.54,307.125,466.1,312.15,1066,3014,1156,3072,1208,1723
6326886,457.3,307.425,466.18,312.675,1064,3017,1156,3078,1209,1718
6326888,457.3,308.25,466.02,313.2,1064,3027,1155,3084,1209,1719
6326890,456.5,309.525,466.1,312.6,1056,3041,1155,3077,1214,1722
6326892,456.58,307.05,466.34,312.525,1057,3013,1159,3076,1211,1719
6326894,457.86,308.475,466.1,312.075,1071,3029,1156,3072,1208,1721
6326896,456.9,308.4,465.86,312.75,1061,3028,1154,3079,1210,1722
6326898,457.06,306.825,466.58,311.7,1064,3011,1162,3067,1211,1720
6326900,457.3,306.975,466.9,312.3,1066,3013,1166,3074,1212,1724
6326902,457.3,309.675,466.5,312.225,1065,3042,1162,3074,1211,1721
6326904,457.94,307.95,466.42,312.45,1073,3024,1161,3076,1209,1720
6326906,457.78,308.1,466.82,312.375,1072,3025,1166,3075,1210,1722
6326908,457.3,309.15,466.74,312.525,1067,3037,1165,3077,1208,1720
6326910,457.3,308.625,466.66,311.925,1067,3031,1164,3070,1212,1721
6326912,458.18,308.175,466.66,312.9,1076,3027,1165,3082,1210,1720
6326914,457.86,310.125,466.74,313.05,1072,3048,1166,3083,1212,1721
6326916,457.62,307.5,466.58,312.075,1072,3020,1165,3072,1212,1725
6326918,456.9,308.7,466.26,312.75,1064,3032,1161,3080,1213,1721
6326920,457.22,309.6,466.34,313.2,1068,3043,1163,3085,1211,1725
6326922,457.06,309.075,466.34,312.675,1066,3037,1163,3080,1213,1725
6326924,457.06,308.775,466.82,313.275,1067,3033,1169,3087,1215,1720
6326926,456.9,309.75,466.66,313.95,1065,3044,1167,3094,1217,1724
6326928,457.86,310.425,466.34,313.2,1075,3052,1164,3085,1213,1725
6326930,458.1,309.525,466.82,313.65,1078,3043,1169,3091,1214,1722
6326932,456.18,310.95,466.26,313.8,1058,3058,1163,3093,1215,1723
6326934,456.42,310.95,466.18,313.425,1060,3058,1163,3088,1209,1724
6326936,456.74,308.925,466.26,313.65,1065,3036,1164,3091,1212,1723
6326938,457.38,309.375,466.42,313.65,1072,3041,1166,3091,1225,1723
6326940,457.14,309.225,466.42,313.425,1069,3040,1165,3089,1224,1724
6326942,456.18,308.7,466.1,314.1,1059,3033,1163,3097,1222,1722
6326944,457.14,309.225,466.42,313.5,1070,3040,1166,3091,1227,1725
6326946,457.14,309.9,465.7,312.975,1069,3048,1159,3084,1223,1726
6326948,456.9,309.45,465.3,313.425,1067,3043,1154,3089,1227,1721
6326950,455.22,307.95,465.14,312.375,1050,3026,1153,3078,1216,1722
6326952,454.82,308.025,464.82,311.4,1046,3027,1150,3067,1220,1724
6326954,454.34,308.325,463.86,310.575,1041,3030,1140,3058,1215,1721
6326956,453.78,306.975,463.62,309.375,1035,3015,1138,3045,1217,1724
6326958,453.14,304.875,463.06,308.85,1029,2992,1132,3039,1217,1725
6326960,453.14,306.825,462.82,307.95,1029,3014,1131,3030,1217,1725
6326962,453.14,304.35,462.82,307.35,1030,2987,1131,3023,1219,1729
6326964,454.26,305.475,463.46,307.65,1040,3000,1137,3027,1215,1724
6326966,454.58,304.725,463.3,307.35,1044,2991,1136,3023,1218,1725
6326968,454.5,303.825,463.14,306.525,1043,2982,1134,3015,1220,1725
6326970,453.86,303.525,463.46,306,1037,2979,1137,3009,1219,1725
6326972,455.3,304.725,463.54,307.125,1052,2992,1137,3022,1215,1722
6326974,454.82,303.6,463.3,306.375,1047,2980,1135,3014,1223,1727
6326976,454.82,304.35,463.38,306.525,1046,2989,1136,3015,1222,1723
6326978,454.66,305.325,463.46,306.3,1044,2999,1136,3013,1226,1723
6326980,454.82,305.025,462.98,307.05,1046,2997,1131,3022,1228,1729
6326982,454.98,304.5,463.46,307.8,1047,2991,1136,3030,1226,1728
6326984,455.22,304.875,463.46,308.4,1050,2995,1135,3037,1229,1723
6326986,454.66,304.425,463.38,308.325,1044,2990,1134,3036,1224,1724
6326988,453.78,305.4,463.06,307.875,1034,3002,1131,3032,1228,1728
6326990,454.26,305.025,463.3,308.325,1040,2997,1133,3037,1227,1726
6326992,454.74,305.925,463.3,308.55,1044,3008,1134,3039,1224,1725
6326994,454.58,304.65,463.3,308.775,1043,2993,1134,3042,1227,1725
6326996,453.3,303.9,463.62,308.025,1030,2985,1137,3034,1226,1726
6326998,454.02,305.175,463.06,308.85,1037,3000,1130,3043,1232,1726
6327000,455.46,304.725,463.62,308.775,1052,2995,1136,3043,1229,1721
6327002,453.3,304.5,463.06,308.175,1029,2992,1131,3037,1227,1723
6327004,454.26,305.4,463.54,308.175,1039,3004,1136,3037,1220,1724
6327006,454.02,307.5,463.22,307.95,1036,3026,1132,3034,1223,1725
6327008,453.94,303.9,464.02,307.5,1036,2987,1141,3030,1229,1722
6327010,453.94,304.35,463.62,307.65,1036,2992,1137,3031,1227,1723
6327012,454.34,305.925,463.62,308.25,1040,3010,1137,3039,1228,1723
6327014,453.86,303.525,463.62,307.575,1035,2984,1137,3032,1224,1724
6327016,453.78,304.2,463.46,307.05,1035,2991,1136,3026,1231,1724
6327018,454.18,304.425,463.54,307.05,1038,2994,1136,3026,1225,1727
6327020,453.54,303.675,463.54,307.95,1032,2985,1136,3036,1225,1723
6327022,453.94,304.2,463.78,307.125,1036,2991,1139,3027,1232,1723
6327024,453.7,303.975,463.78,307.275,1034,2989,1139,3028,1227,1724
6327026,453.86,303.825,464.1,307.575,1036,2987,1143,3032,1223,1726
6327028,453.94,305.325,463.46,306.525,1037,3003,1136,3020,1227,1724
6327030,454.5,304.275,463.38,306.9,1043,2992,1135,3025,1233,1727
6327032,454.18,302.925,464.1,306,1040,2978,1143,3015,1236,1724
6327034,454.18,303.15,463.54,306.75,1040,2980,1138,3023,1233,1726
6327036,454.42,304.05,463.86,306.75,1043,2990,1141,3023,1228,1732
6327038,454.1,303.825,463.78,306.975,1039,2987,1140,3025,1241,1729
6327040,453.54,302.7,464.42,306.825,1034,2974,1147,3024,1243,1731
6327042,453.78,302.4,464.5,307.125,1036,2971,1148,3027,1238,1727
6327044,454.18,303.525,464.26,307.125,1040,2983,1145,3027,1238,1727
6327046,454.34,304.725,463.94,306.75,1042,2997,1142,3023,1234,1728
6327048,453.86,303.3,464.66,306.975,1038,2981,1150,3025,1237,1729
6327050,453.54,303.15,464.02,307.125,1034,2980,1143,3026,1238,1730
6327052,454.9,304.875,463.62,306.75,1048,2998,1139,3022,1238,1731
6327054,453.54,303.75,464.42,306.975,1034,2985,1148,3025,1237,1729
6327056,453.94,303.9,463.94,305.625,1039,2987,1144,3009,1241,1726
6327058,454.02,304.05,464.34,306.375,1040,2989,1147,3017,1232,1730
6327060,453.62,302.475,463.94,307.425,1035,2971,1143,3029,1238,1729
6327062,454.26,303.675,464.1,305.85,1042,2985,1145,3012,1239,1724
6327064,453.86,305.25,464.02,306.75,1037,3002,1144,3022,1237,1729
6327066,454.5,303.6,464.58,306.525,1045,2984,1150,3019,1238,1729
6327068,453.94,305.025,464.42,307.275,1039,2999,1148,3027,1238,1732
6327070,454.42,302.325,463.86,306.3,1044,2969,1143,3016,1238,1730
6327072,454.58,302.7,464.18,306.45,1046,2973,1146,3018,1241,1730
6327074,454.02,302.775,464.02,306.75,1041,2974,1145,3021,1248,1730
6327076,453.54,303.675,463.86,306.225,1035,2983,1142,3015,1246,1733
6327078,454.18,302.025,464.42,306.6,1042,2965,1148,3019,1248,1730
6327080,454.42,304.05,464.1,306.075,1044,2988,1145,3013,1243,1733
6327082,454.42,303.375,463.78,306.45,1045,2981,1142,3017,1248,1733
6327084,453.94,302.4,464.1,305.475,1040,2969,1145,3007,1248,1732
6327086,453.94,303.75,464.02,305.925,1039,2984,1145,3012,1244,1733
6327088,453.78,303.525,464.1,306.45,1038,2982,1145,3018,1250,1735
6327090,454.42,302.85,464.02,305.775,1045,2975,1144,3010,1250,1734
6327092,453.94,303.675,464.34,306.9,1039,2983,1147,3022,1245,1731
6327094,454.26,302.625,464.58,305.1,1042,2972,1151,3003,1250,1735
6327096,453.3,302.925,464.34,306.3,1032,2975,1147,3016,1251,1737
6327098,453.62,302.85,464.02,305.55,1036,2974,1144,3007,1243,1733
6327100,453.78,302.025,464.26,306.3,1037,2966,1146,3015,1246,1735
6327102,453.94,302.925,463.78,305.4,1038,2975,1141,3006,1245,1733
6327104,454.02,301.8,464.34,305.25,1040,2963,1147,3004,1246,1736
6327106,453.78,302.7,464.82,304.95,1036,2973,1152,3001,1248,1732
6327108,453.38,303.075,463.78,305.625,1033,2977,1141,3008,1247,1735
6327110,454.02,301.425,463.94,305.775,1039,2959,1142,3010,1248,1737
6327112,453.14,302.175,464.26,305.175,1030,2967,1146,3003,1247,1734
6327114,453.7,302.775,463.94,305.175,1035,2973,1143,3003,1247,1739
6327116,454.1,301.8,464.1,305.25,1040,2963,1144,3004,1246,1737
6327118,454.1,302.55,464.1,305.775,1039,2971,1144,3009,1250,1734
6327120,453.7,303.3,463.62,305.25,1035,2979,1139,3004,1246,1739
6327122,453.7,302.4,464.1,305.025,1035,2969,1144,3002,1245,1737
6327124,453.38,302.85,464.42,305.55,1031,2974,1147,3007,1245,1736
6327126,452.98,302.7,463.78,305.55,1027,2972,1140,3007,1245,1741
6327128,454.02,301.5,464.66,304.8,1038,2959,1149,2999,1249,1738
6327130,454.18,303.075,464.18,305.1,1039,2976,1144,3002,1247,1738
6327132,453.86,302.325,464.5,305.4,1036,2968,1147,3005,1247,1740
6327134,453.62,300.9,464.18,305.325,1033,2952,1143,3004,1250,1741
6327136,454.26,302.475,464.42,305.1,1040,2970,1146,3002,1253,1741
6327138,453.54,302.4,463.62,305.25,1033,2968,1138,3003,1252,1739
6327140,454.5,302.55,464.34,304.875,1042,2970,1145,2999,1253,1737
6327142,454.02,302.55,464.34,305.7,1037,2970,1145,3008,1248,1742
6327144,454.26,302.4,464.1,305.25,1040,2969,1143,3003,1252,1745
6327146,454.26,302.4,463.94,305.325,1040,2969,1141,3004,1250,1743
6327148,452.82,303.525,463.78,306.225,1024,2980,1139,3014,1246,1739
6327150,453.94,303.45,464.18,304.5,1036,2980,1144,2995,1250,1741
6327152,454.1,302.4,463.7,304.95,1039,2968,1139,2999,1248,1745
6327154,453.54,303,463.54,304.65,1032,2974,1137,2996,1252,1742
6327156,453.94,302.475,464.1,304.575,1036,2969,1143,2995,1253,1746
6327158,454.42,301.575,464.1,305.4,1042,2959,1143,3005,1253,1742
6327160,452.74,301.35,464.1,304.2,1024,2956,1142,2991,1251,1745
6327162,453.62,300.9,464.26,304.35,1033,2952,1144,2993,1254,1745
6327164,454.34,302.55,464.02,304.65,1040,2970,1141,2996,1255,1742
6327166,453.38,302.175,464.02,304.65,1030,2965,1141,2996,1253,1747
6327168,453.46,301.05,464.26,304.5,1032,2953,1144,2995,1257,1746
6327170,454.42,301.65,463.7,304.35,1041,2959,1138,2992,1254,1747
6327172,454.26,301.8,464.34,304.575,1040,2961,1144,2995,1256,1744
6327174,453.22,300,463.86,303.75,1029,2941,1139,2986,1253,1747
6327176,454.5,303.6,463.86,304.425,1041,2981,1140,2993,1256,1747
6327178,452.9,301.875,463.7,303.375,1025,2961,1138,2982,1254,1747
6327180,453.7,300.975,464.5,303.3,1034,2952,1146,2981,1253,1744
6327182,453.62,301.05,463.7,303.45,1033,2953,1138,2982,1261,1747
6327184,454.5,301.875,463.7,303.975,1042,2962,1138,2988,1263,1752
6327186,453.62,302.1,464.1,303.75,1032,2964,1141,2986,1263,1749
6327188,453.62,301.875,463.78,304.2,1032,2962,1138,2991,1262,1751
6327190,453.78,302.1,463.46,303.45,1033,2964,1135,2982,1265,1751
6327192,454.26,302.025,463.46,303.45,1038,2964,1135,2983,1260,1751
6327194,453.62,301.65,463.7,303.6,1032,2959,1138,2984,1263,1749
6327196,453.78,302.025,463.7,303.75,1033,2964,1137,2986,1261,1751
6327198,453.3,302.175,463.7,304.275,1028,2965,1137,2992,1261,1749
6327200,453.46,300.75,463.54,303.6,1030,2949,1135,2984,1266,1754
6327202,453.78,302.55,463.3,304.05,1032,2970,1132,2989,1258,1753
6327204,453.14,301.575,463.54,303.075,1026,2959,1134,2979,1257,1752
6327206,452.82,301.125,463.54,303.825,1022,2953,1135,2987,1262,1753
6327208,453.22,301.275,463.54,303.675,1026,2956,1134,2986,1260,1752
6327210,453.86,302.325,463.86,304.125,1033,2968,1138,2990,1258,1751
6327212,452.74,301.125,463.62,303.525,1021,2953,1135,2984,1261,1754
6327214,453.94,301.5,463.46,303.375,1033,2958,1133,2982,1261,1755
6327216,453.22,301.5,463.78,303.675,1027,2958,1137,2985,1258,1753
6327218,453.14,300.75,463.62,303.525,1026,2950,1135,2983,1261,1756
6327220,452.82,301.425,463.62,303.6,1022,2957,1135,2985,1261,1754
6327222,452.9,301.5,463.46,303.75,1023,2958,1133,2986,1260,1755
6327224,452.98,300.675,463.3,303.075,1024,2949,1132,2978,1265,1758
6327226,453.38,299.55,463.62,303.225,1029,2936,1135,2980,1262,1756
6327228,453.46,300.675,463.3,302.7,1029,2949,1132,2974,1259,1757
6327230,452.5,300.6,463.46,302.7,1019,2948,1134,2974,1268,1761
6327232,452.58,300.975,463.06,303.075,1020,2951,1129,2978,1261,1757
6327234,453.22,300.525,462.98,303.375,1026,2946,1128,2981,1262,1758
6327236,453.06,299.475,463.38,302.925,1025,2935,1133,2976,1263,1757
6327238,452.82,299.7,463.22,303.3,1022,2937,1131,2980,1263,1758
6327240,452.9,299.325,463.14,302.775,1024,2933,1130,2974,1264,1758
6327242,454.1,298.5,462.82,302.925,1036,2924,1127,2975,1265,1763
6327244,454.26,298.65,463.14,303.15,1038,2925,1130,2977,1266,1760
6327246,452.42,299.7,463.06,302.1,1019,2936,1129,2966,1260,1758
6327248,452.74,298.8,463.46,302.55,1021,2925,1133,2970,1260,1762
6327250,452.82,300.525,462.82,302.25,1022,2945,1126,2966,1263,1760
6327252,452.82,298.35,463.38,302.25,1023,2920,1132,2967,1257,1760
6327254,452.66,299.85,463.14,303,1021,2936,1129,2975,1264,1760
6327256,452.42,298.65,463.06,302.25,1019,2922,1129,2965,1260,1763
6327258,452.58,298.425,462.9,302.925,1021,2920,1128,2973,1262,1757
6327260,452.98,299.4,463.14,302.7,1024,2931,1130,2970,1264,1761
6327262,453.06,298.95,463.14,302.625,1025,2925,1130,2969,1266,1764
6327264,452.42,299.925,463.54,302.475,1018,2935,1134,2968,1263,1761
6327266,453.54,299.85,463.14,302.625,1029,2935,1130,2969,1267,1762
6327268,453.54,299.025,463.06,302.475,1029,2926,1129,2967,1266,1766
6327270,452.66,299.55,462.98,302.4,1020,2931,1128,2966,1261,1766
6327272,453.38,299.4,462.98,302.85,1028,2930,1128,2971,1265,1762
6327274,453.86,299.325,462.74,302.85,1033,2929,1126,2971,1268,1766
6327276,453.62,298.8,463.54,303.225,1031,2923,1133,2975,1267,1763
6327278,453.54,299.625,463.14,303.225,1030,2932,1129,2975,1268,1767
6327280,453.94,300.3,462.74,303.15,1034,2939,1126,2974,1265,1768
6327282,452.58,300.825,462.98,303.15,1020,2945,1128,2974,1267,1765
6327284,453.14,300.45,463.22,303.225,1026,2941,1131,2975,1264,1767
6327286,453.54,300.6,463.22,303.15,1030,2942,1131,2974,1273,1770
6327288,453.3,299.625,463.06,303.45,1027,2932,1129,2977,1267,1769
6327290,453.94,300,463.38,303.675,1035,2936,1132,2980,1273,1768
6327292,453.46,299.4,463.22,303.375,1029,2929,1131,2976,1269,1768
6327294,453.7,299.25,463.46,302.775,1032,2928,1133,2970,1268,1770
6327296,453.46,299.775,463.22,303.3,1030,2933,1131,2976,1264,1768
6327298,453.86,300.075,463.22,302.1,1034,2937,1131,2962,1267,1769
6327300,454.1,299.55,463.3,303.15,1037,2932,1132,2974,1265,1767
6327302,453.94,298.2,463.46,303.075,1035,2917,1134,2973,1266,1769
6327304,453.94,299.925,463.62,303.075,1035,2936,1135,2974,1270,1771
6327306,454.1,299.025,463.22,302.7,1036,2926,1131,2969,1269,1773
6327308,453.3,299.85,463.22,302.4,1028,2935,1132,2966,1265,1774
6327310,453.86,299.85,463.94,301.35,1034,2936,1139,2955,1273,1772
6327312,454.18,299.475,463.62,302.175,1038,2931,1136,2964,1269,1775
6327314,453.94,299.1,463.06,302.625,1035,2927,1131,2969,1271,1773
6327316,453.7,299.4,463.38,302.4,1033,2931,1134,2967,1268,1775
6327318,453.7,298.65,463.54,301.725,1034,2922,1136,2959,1270,1773
6327320,453.94,297.825,463.22,302.55,1037,2913,1133,2968,1267,1774
6327322,454.02,298.2,463.22,301.725,1037,2917,1133,2959,1266,1776
6327324,453.7,298.2,462.98,301.95,1034,2917,1130,2962,1268,1774
6327326,452.82,297.9,463.38,302.1,1025,2913,1135,2963,1264,1779
6327328,453.46,298.125,463.22,302.325,1032,2916,1133,2966,1269,1775
6327330,453.78,298.35,462.98,302.175,1035,2919,1130,2964,1266,1776
6327332,454.02,297.75,463.14,302.4,1038,2913,1132,2966,1267,1776
6327334,453.7,297.375,462.82,302.475,1034,2908,1129,2967,1265,1779
6327336,453.22,298.125,463.46,302.325,1030,2916,1136,2965,1267,1782
6327338,453.3,298.05,462.9,302.475,1030,2915,1130,2967,1265,1780
6327340,453.38,298.875,463.54,302.4,1031,2924,1137,2966,1272,1779
6327342,453.22,298.2,462.98,302.775,1030,2916,1130,2970,1266,1784
6327344,453.94,298.2,463.06,302.85,1037,2917,1132,2971,1267,1784
6327346,453.62,298.875,463.22,303.375,1033,2924,1133,2977,1268,1782
6327348,453.46,298.05,462.98,303.375,1032,2914,1130,2976,1264,1786
6327350,453.94,298.95,462.66,303.6,1036,2924,1127,2978,1267,1783
6327352,453.22,299.25,463.06,303,1029,2927,1132,2972,1266,1780
6327354,453.22,298.725,462.9,303.825,1029,2922,1130,2981,1266,1783
6327356,453.06,300.225,463.14,303.45,1027,2938,1132,2977,1265,1782
6327358,452.74,299.7,462.98,303.3,1024,2932,1131,2975,1268,1785
6327360,452.5,298.8,462.42,303.45,1022,2923,1124,2977,1266,1786
6327362,453.06,299.7,462.42,303.075,1027,2932,1124,2972,1269,1786
6327364,453.38,299.7,462.98,303.525,1030,2932,1130,2978,1269,1790
6327366,453.62,300.15,462.66,303.6,1033,2938,1126,2979,1269,1788
6327368,453.62,299.55,462.9,303.525,1032,2931,1129,2978,1271,1789
6327370,453.46,298.725,462.58,303.225,1030,2922,1126,2974,1265,1789
6327372,453.14,299.25,462.9,303.825,1027,2928,1128,2981,1266,1785
6327374,453.94,299.4,463.14,303.45,1035,2929,1130,2977,1271,1790
6327376,452.66,299.925,462.98,303.975,1021,2935,1128,2983,1269,1788
6327378,452.98,299.175,462.74,304.275,1025,2926,1125,2986,1270,1789
6327380,452.98,300.375,462.98,303.825,1024,2940,1128,2981,1268,1788
6327382,453.46,298.95,463.06,303.375,1029,2925,1128,2977,1267,1791
6327384,453.54,299.25,462.9,303.975,1029,2927,1127,2983,1268,1790
6327386,452.5,299.925,462.26,303.3,1018,2935,1120,2975,1269,1792
6327388,452.9,299.7,462.34,303.375,1022,2932,1120,2976,1270,1792
6327390,453.46,299.4,462.66,303,1028,2930,1124,2972,1271,1794
6327392,453.06,299.4,462.58,303.45,1023,2929,1122,2977,1272,1791
6327394,453.06,298.875,462.26,303.3,1023,2924,1119,2975,1274,1794
6327396,453.62,299.7,462.5,303.75,1029,2932,1120,2980,1268,1790
6327398,453.3,298.575,462.34,302.85,1026,2920,1119,2970,1271,1793
6327400,453.14,298.725,462.42,303.45,1023,2921,1119,2977,1268,1790
6327402,453.14,299.775,462.42,302.925,1022,2932,1119,2971,1268,1792
6327404,453.3,299.775,462.26,303.225,1023,2933,1116,2973,1273,1793
6327406,452.42,299.175,462.34,303.825,1014,2925,1117,2980,1272,1793
6327408,452.98,299.4,462.1,303.375,1019,2928,1114,2975,1264,1792
6327410,452.74,299.55,462.5,303.975,1017,2929,1118,2981,1271,1793
6327412,453.22,299.25,462.1,303.9,1021,2926,1113,2979,1270,1795
6327414,452.98,299.85,462.34,304.275,1018,2932,1115,2984,1272,1792
6327416,452.58,299.625,462.26,303.45,1013,2929,1114,2974,1268,1795
6327418,453.06,298.875,461.94,304.275,1018,2921,1110,2983,1274,1794
6327420,452.66,299.775,461.86,304.275,1013,2930,1109,2982,1273,1793
6327422,452.66,299.775,461.94,303.9,1014,2930,1110,2979,1275,1795
6327424,452.58,299.25,462.5,304.65,1012,2923,1115,2986,1275,1795
6327426,453.3,299.55,461.14,304.125,1019,2927,1101,2979,1271,1799
6327428,452.34,298.8,461.94,304.35,1009,2918,1109,2982,1273,1797
6327430,453.54,299.4,461.54,304.2,1022,2925,1105,2980,1274,1794
6327432,453.7,299.625,461.46,304.05,1023,2926,1103,2978,1276,1798
6327434,452.34,298.5,461.86,304.575,1009,2914,1107,2983,1272,1800
6327436,452.1,299.1,461.62,304.425,1006,2919,1104,2981,1272,1797
6327438,452.58,298.95,461.78,303.75,1011,2918,1106,2974,1271,1800
6327440,452.98,300,461.54,303.75,1014,2929,1103,2972,1269,1801
6327442,453.3,299.775,461.22,303.75,1018,2926,1100,2972,1272,1799
6327444,452.82,299.025,461.54,303.45,1013,2916,1102,2968,1272,1799
6327446,453.14,298.575,461.78,303.675,1016,2912,1105,2971,1274,1802
6327448,452.9,299.025,461.3,303.675,1013,2916,1100,2970,1271,1798
6327450,453.46,299.025,461.7,303.6,1019,2916,1104,2969,1273,1800
6327452,452.74,298.65,461.86,303.675,1012,2910,1105,2969,1276,1800
6327454,453.22,299.55,461.78,303.75,1016,2921,1105,2970,1274,1802
6327456,452.74,299.25,461.94,303.75,1011,2917,1106,2969,1272,1801
6327458,453.22,299.475,461.94,303.375,1016,2919,1106,2965,1277,1802
6327460,453.86,298.575,461.7,303.9,1023,2909,1103,2970,1275,1801
6327462,453.54,298.275,461.7,303.675,1019,2905,1103,2968,1278,1802
6327464,453.3,298.5,461.94,303.675,1017,2907,1106,2967,1273,1803
6327466,453.7,298.2,462.34,303.9,1020,2904,1110,2970,1277,1804
6327468,453.46,299.625,462.42,303.825,1017,2919,1110,2968,1274,1803
6327470,454.02,299.775,462.18,303.75,1023,2921,1107,2967,1276,1804
6327472,453.38,300.825,462.34,304.275,1016,2932,1109,2972,1280,1805
6327474,453.54,300.075,462.1,304.875,1018,2923,1106,2979,1278,1809
6327476,453.22,300.075,462.18,304.35,1014,2923,1107,2973,1284,1804
6327478,454.26,301.2,462.66,304.725,1025,2935,1111,2977,1280,1808
6327480,453.46,300.075,461.86,305.25,1017,2922,1103,2983,1279,1811
6327482,453.54,301.2,462.1,304.8,1017,2935,1105,2978,1282,1806
6327484,454.26,300.45,462.26,304.425,1025,2926,1107,2973,1281,1808
6327486,454.02,300.525,462.5,305.7,1022,2927,1109,2987,1279,1810
6327488,454.18,300.75,462.42,305.85,1023,2930,1108,2989,1283,1811
6327490,454.82,301.575,462.42,306,1029,2939,1108,2991,1285,1809
6327492,453.38,300.3,462.5,305.7,1015,2925,1109,2987,1281,1810
6327494,453.22,299.7,462.18,306.075,1013,2918,1105,2991,1282,1813
6327496,452.66,299.775,462.42,306.15,1007,2919,1108,2993,1282,1810
6327498,454.02,300.45,462.34,306,1021,2927,1106,2991,1281,1813
6327500,453.14,301.65,461.86,306.225,1011,2940,1101,2993,1285,1815
6327502,452.82,300.975,462.74,305.7,1007,2933,1110,2988,1280,1813
6327504,453.62,299.55,462.74,305.55,1016,2917,1110,2986,1280,1814
6327506,454.18,299.625,462.1,306.75,1022,2919,1103,2999,1283,1815
6327508,452.82,300,462.26,306.15,1007,2922,1104,2993,1276,1815
6327510,452.98,300.525,462.82,306,1009,2928,1111,2992,1284,1819
6327512,453.22,299.7,462.66,306,1012,2919,1109,2992,1283,1816
6327514,454.18,300.225,462.5,305.85,1022,2926,1107,2990,1280,1817
6327516,453.14,300,462.74,306.225,1011,2923,1110,2995,1287,1820
6327518,453.78,298.725,462.74,306.375,1018,2909,1110,2996,1283,1818
6327520,453.7,299.4,462.42,306.225,1017,2917,1107,2994,1281,1816
6327522,453.06,299.4,462.82,306.375,1010,2916,1111,2996,1280,1822
6327524,453.22,298.725,462.42,306.825,1012,2909,1106,3001,1284,1823
6327526,453.86,298.35,462.5,306.075,1019,2905,1107,2992,1280,1819
6327528,452.5,298.35,462.9,305.925,1005,2905,1111,2991,1284,1821
6327530,453.06,300.375,462.66,307.2,1010,2927,1109,3006,1288,1826
6327532,453.46,298.5,462.66,306.075,1014,2907,1109,2993,1281,1822
6327534,453.38,298.2,462.9,305.625,1013,2904,1111,2988,1280,1822
6327536,453.14,298.275,462.66,305.4,1011,2904,1109,2986,1283,1817
6327538,453.46,299.325,462.66,305.85,1014,2916,1109,2991,1286,1826
6327540,453.78,297.9,463.06,306.075,1017,2900,1112,2993,1286,1826
6327542,453.46,297.675,462.82,306.525,1014,2897,1110,2998,1282,1824
6327544,453.78,298.8,463.3,306.075,1017,2910,1115,2993,1284,1823
6327546,453.22,298.5,462.34,305.775,1012,2906,1105,2989,1288,1826
6327548,453.46,298.65,462.98,305.475,1014,2908,1111,2986,1283,1822
6327550,453.86,299.775,463.14,305.55,1017,2920,1113,2987,1289,1827
6327552,454.02,297.975,462.82,306.6,1019,2901,1109,2998,1289,1829
6327554,453.14,298.575,463.38,306.3,1010,2907,1115,2995,1289,1824
6327556,453.3,298.425,462.74,306.075,1011,2905,1108,2992,1285,1830
6327558,453.94,298.275,462.74,306.3,1017,2904,1107,2995,1287,1833
6327560,453.14,298.8,463.06,306.3,1008,2909,1110,2995,1286,1828
6327562,452.66,298.2,463.38,306.525,1004,2903,1113,2997,1290,1828
6327564,453.22,297.975,462.9,306.525,1009,2901,1108,2997,1285,1833
6327566,453.7,298.425,462.9,306.975,1014,2905,1107,3002,1288,1831
6327568,453.46,298.35,463.38,306.3,1011,2904,1112,2995,1287,1832
6327570,453.22,298.125,462.98,306.675,1008,2902,1108,3000,1290,1832
6327572,453.94,298.5,462.98,307.35,1015,2907,1107,3007,1287,1833
6327574,453.62,299.925,462.74,307.05,1011,2923,1104,3004,1291,1835
6327576,453.3,299.25,463.38,307.35,1007,2915,1111,3008,1292,1832
6327578,453.54,299.775,463.06,307.575,1010,2921,1108,3010,1292,1837
6327580,453.46,299.7,463.06,307.2,1008,2920,1107,3005,1292,1839
6327582,453.22,298.05,462.82,307.95,1007,2902,1104,3014,1291,1838
6327584,453.86,299.325,463.38,308.025,1012,2916,1109,3015,1295,1839
6327586,454.02,300.225,463.3,308.175,1014,2926,1109,3017,1294,1839
6327588,453.14,299.175,463.14,307.8,1005,2915,1106,3013,1294,1840
6327590,453.94,299.85,463.06,307.725,1013,2923,1106,3012,1294,1838
6327592,453.22,299.55,463.22,307.425,1004,2920,1107,3009,1293,1842
6327594,453.7,300.075,463.06,307.125,1009,2925,1105,3006,1291,1841
6327596,453.54,298.95,462.5,306.375,1007,2914,1099,2998,1288,1842
6327598,453.78,298.575,463.38,307.2,1010,2909,1108,3008,1295,1841
6327600,453.3,298.725,462.9,305.85,1004,2911,1103,2993,1290,1845
6327602,453.38,297.525,462.9,306.525,1006,2898,1103,3000,1293,1844
6327604,453.7,298.275,463.38,305.775,1008,2907,1108,2992,1292,1844
6327606,453.14,298.725,462.66,306,1002,2911,1100,2995,1291,1845
6327608,453.94,298.575,462.34,305.85,1010,2910,1096,2993,1294,1843
6327610,453.62,297.6,462.9,304.65,1007,2899,1102,2980,1294,1849
6327612,454.1,298.05,462.98,304.65,1011,2905,1102,2980,1296,1847
6327614,454.18,297.825,463.14,305.475,1012,2902,1104,2990,1297,1850
6327616,453.54,297,462.9,304.875,1005,2893,1101,2983,1296,1849
6327618,453.7,296.475,462.42,304.425,1007,2888,1096,2978,1289,1849
6327620,453.7,295.875,462.66,305.25,1006,2881,1097,2987,1292,1849
6327622,453.54,297.9,462.58,305.325,1004,2903,1096,2988,1294,1854
6327624,454.34,297.15,462.42,304.8,1012,2895,1094,2982,1296,1850
6327626,453.46,296.85,462.58,305.325,1003,2891,1095,2988,1293,1851
6327628,453.86,297,462.66,304.875,1006,2893,1096,2983,1298,1852
6327630,452.74,296.475,462.58,304.65,994,2887,1095,2980,1295,1852
6327632,453.54,296.7,462.74,305.25,1002,2890,1096,2987,1296,1853
6327634,453.3,296.85,462.66,305.175,1000,2891,1095,2985,1295,1853
6327636,453.78,295.8,462.58,305.325,1005,2880,1093,2987,1296,1855
6327638,453.7,296.925,462.42,305.1,1004,2892,1092,2985,1299,1855
6327640,453.78,297.075,462.82,305.025,1003,2893,1096,2984,1296,1854
6327642,453.86,296.475,462.58,305.4,1005,2887,1093,2987,1298,1855
6327644,453.7,297.675,462.66,304.875,1002,2899,1094,2981,1298,1858
6327646,453.22,297,462.74,304.725,998,2892,1095,2980,1297,1857
6327648,453.86,297.15,463.06,305.325,1003,2894,1097,2986,1296,1857
6327650,454.02,297.3,463.06,304.725,1005,2895,1098,2980,1301,1857
6327652,453.46,297.225,462.66,305.1,999,2894,1093,2984,1303,1858
6327654,453.78,296.325,463.22,305.1,1002,2884,1099,2984,1296,1858
6327656,454.34,296.4,463.06,305.25,1007,2885,1096,2985,1298,1864
6327658,453.94,297.15,463.46,304.35,1003,2893,1101,2975,1297,1859
6327660,453.78,296.475,463.06,305.325,1001,2885,1096,2986,1300,1862
6327662,454.34,298.125,463.54,304.5,1007,2904,1101,2977,1305,1862
6327664,453.54,297.225,463.86,304.95,998,2893,1104,2982,1298,1863
6327666,454.26,296.25,463.14,305.325,1006,2883,1097,2986,1302,1863
6327668,454.34,296.25,463.14,304.875,1006,2883,1096,2981,1299,1862
6327670,453.38,296.775,463.46,304.425,996,2889,1100,2976,1301,1863
6327672,453.94,296.025,463.7,305.325,1001,2880,1101,2986,1303,1861
6327674,454.98,296.85,463.14,304.875,1012,2890,1096,2981,1305,1867
6327676,452.9,297.225,463.38,304.2,990,2893,1098,2974,1307,1867
6327678,454.58,297.6,463.3,305.4,1008,2898,1097,2987,1304,1865
6327680,454.18,296.775,463.54,305.175,1003,2889,1099,2984,1303,1868
6327682,454.18,297.075,464.02,305.1,1003,2892,1104,2984,1305,1866
6327684,454.26,297.675,463.38,305.55,1003,2899,1097,2988,1308,1864
6327686,454.26,296.625,463.86,304.875,1004,2888,1102,2982,1307,1862
6327688,454.5,298.5,463.94,305.4,1005,2909,1101,2988,1306,1867
6327690,453.86,297.3,463.38,305.325,998,2895,1096,2986,1304,1867
6327692,454.42,296.55,463.78,305.025,1004,2887,1099,2983,1303,1867
6327694,454.34,296.475,463.86,303.825,1003,2887,1101,2970,1306,1870
6327696,453.94,296.55,463.94,304.575,998,2887,1101,2979,1308,1870
6327698,454.98,296.1,464.02,305.1,1010,2882,1102,2984,1304,1871
6327700,454.42,297.15,463.86,305.025,1002,2894,1099,2984,1307,1868
6327702,454.1,296.325,463.7,304.575,999,2885,1098,2979,1307,1868
6327704,454.18,294.975,464.34,304.2,1001,2870,1105,2975,1307,1871
6327706,454.82,296.85,463.94,304.575,1007,2891,1100,2979,1310,1870
6327708,453.86,296.925,463.94,304.125,996,2891,1100,2974,1308,1871
6327710,453.86,295.5,464.02,304.35,998,2876,1101,2977,1307,1872
6327712,455.14,295.8,463.78,304.35,1010,2880,1099,2977,1309,1871
6327714,453.94,295.95,464.26,304.425,998,2881,1104,2978,1311,1871
6327716,454.18,294,464.34,304.5,1001,2859,1104,2978,1307,1875
6327718,454.98,296.475,464.26,304.725,1009,2887,1103,2981,1310,1874
6327720,453.78,295.875,464.18,304.8,996,2880,1102,2981,1311,1875
6327722,454.1,295.35,464.42,304.725,1000,2874,1105,2980,1316,1877
6327724,454.1,296.175,464.74,304.95,999,2883,1108,2983,1312,1876
6327726,453.78,296.7,464.66,304.65,995,2889,1107,2980,1311,1876
6327728,454.02,296.625,464.9,304.65,998,2888,1110,2980,1313,1876
6327730,454.66,296.475,464.58,305.025,1005,2886,1106,2984,1314,1874
6327732,453.86,295.725,464.66,305.1,997,2878,1108,2984,1313,1877
6327734,454.02,296.625,464.42,304.65,999,2888,1105,2979,1313,1879
6327736,454.34,297.075,464.82,304.95,1002,2892,1110,2983,1315,1878
6327738,454.26,296.175,464.9,305.025,1001,2882,1110,2983,1314,1876
6327740,453.78,296.55,464.58,305.25,997,2886,1107,2985,1313,1875
6327742,454.74,297.75,464.82,304.95,1006,2899,1109,2982,1317,1878
6327744,454.5,296.475,465.06,305.1,1004,2885,1112,2983,1317,1876
6327746,453.94,296.475,464.58,305.025,999,2885,1108,2983,1318,1876
6327748,454.26,296.85,464.74,304.95,1001,2889,1109,2981,1320,1876
6327750,454.26,296.925,464.9,304.875,1001,2890,1111,2981,1320,1877
6327752,454.9,297.9,464.5,305.025,1008,2900,1106,2982,1313,1876
6327754,454.82,297.3,464.82,305.55,1008,2894,1110,2988,1317,1876
6327756,455.06,297.225,465.22,305.175,1009,2893,1113,2983,1320,1875
6327758,454.1,296.775,464.5,304.575,1000,2888,1106,2977,1318,1878
6327760,454.5,297.45,464.66,305.175,1003,2895,1108,2983,1320,1877
6327762,454.1,295.425,464.66,305.175,1000,2872,1108,2983,1322,1877
6327764,454.42,296.7,464.74,304.95,1002,2886,1109,2980,1320,1877
6327766,454.82,296.85,464.74,304.95,1007,2888,1108,2980,1318,1878
6327768,453.7,296.625,464.98,305.1,994,2885,1110,2982,1322,1878
6327770,453.94,296.475,464.5,304.875,998,2883,1105,2979,1320,1877
6327772,453.7,296.325,464.98,304.875,994,2881,1110,2979,1320,1879
6327774,454.18,295.65,464.9,304.725,1000,2874,1110,2978,1326,1878
6327776,454.02,296.925,464.74,305.25,997,2888,1108,2982,1322,1878
6327778,454.02,297.525,464.58,304.875,997,2894,1106,2979,1325,1880
6327780,454.9,296.85,464.98,304.8,1007,2887,1110,2978,1320,1880
6327782,454.34,296.85,465.14,305.025,1001,2887,1112,2980,1323,1879
6327784,453.78,297.375,465.14,305.1,994,2892,1111,2981,1324,1876
6327786,455.06,297.225,464.66,304.575,1007,2892,1106,2975,1322,1880
6327788,453.7,296.25,465.3,305.4,993,2880,1113,2984,1328,1878
6327790,454.42,296.325,464.98,304.65,1001,2881,1109,2976,1325,1877
6327792,454.26,297.225,464.98,304.35,998,2891,1109,2972,1327,1880
6327794,453.54,295.65,465.14,304.65,992,2873,1110,2975,1328,1878
6327796,453.94,295.875,464.98,304.95,995,2876,1108,2979,1323,1877
6327798,453.78,297.45,465.3,305.1,993,2893,1111,2980,1324,1877
6327800,453.94,296.025,465.22,305.025,995,2876,1111,2980,1328,1878
6327802,454.58,296.925,464.9,305.475,1002,2887,1107,2984,1324,1877
6327804,454.02,296.7,465.14,304.725,995,2884,1110,2976,1327,1878
6327806,454.1,295.125,465.14,304.8,997,2867,1109,2977,1329,1880
6327808,453.86,296.4,465.3,305.025,993,2881,1111,2979,1323,1877
6327810,454.1,298.125,465.06,305.1,996,2899,1109,2980,1328,1879
6327812,454.02,295.95,465.3,304.95,995,2876,1111,2978,1329,1878
6327814,453.86,295.125,465.14,305.55,994,2866,1109,2985,1330,1876
6327816,454.18,295.95,464.98,305.025,997,2875,1107,2978,1328,1881
6327818,453.38,296.175,465.14,305.025,989,2878,1109,2978,1331,1877
6327820,454.42,296.25,464.9,304.575,1000,2878,1107,2973,1331,1880
6327822,454.34,296.325,465.06,305.25,998,2879,1108,2981,1330,1879
6327824,454.18,295.425,465.3,305.025,997,2869,1111,2977,1333,1880
6327826,454.02,295.65,465.06,304.35,995,2871,1108,2970,1325,1881
6327828,453.54,295.35,465.3,304.35,989,2867,1111,2970,1330,1879
6327830,454.1,293.775,465.3,303.9,996,2850,1111,2965,1330,1881
6327832,453.78,294.15,465.3,303.675,992,2854,1111,2962,1334,1884
6327834,454.26,294.075,465.46,304.275,997,2853,1112,2969,1335,1880
6327836,454.18,294.375,464.74,303.525,996,2856,1104,2959,1335,1879
6327838,453.38,295.05,465.86,303.15,988,2863,1116,2956,1332,1880
6327840,454.26,294.15,465.54,304.125,997,2853,1112,2966,1336,1879
6327842,454.42,294,465.22,303.75,999,2852,1109,2962,1333,1882
6327844,454.18,295.35,465.3,304.65,996,2866,1110,2972,1335,1882
6327846,454.5,293.775,465.3,304.95,999,2849,1109,2974,1339,1880
6327848,454.9,294.375,465.38,304.05,1003,2855,1110,2964,1334,1883
6327850,454.02,295.725,465.54,303.9,993,2869,1112,2963,1333,1882
6327852,454.02,294.675,465.62,304.8,994,2858,1112,2972,1333,1878
6327854,454.18,295.35,465.22,304.125,995,2865,1108,2965,1337,1879
6327856,453.78,296.625,465.54,304.65,990,2879,1111,2971,1334,1880
6327858,454.5,294.3,465.86,304.725,998,2854,1114,2972,1338,1879
6327860,454.42,294.45,465.62,304.35,997,2855,1112,2967,1339,1880
6327862,453.54,295.8,465.78,304.65,988,2869,1113,2970,1336,1881
6327864,454.1,294.975,465.54,305.625,993,2860,1110,2981,1337,1878
6327866,454.5,295.35,465.46,304.35,997,2865,1109,2967,1336,1881
6327868,454.02,296.625,465.62,304.5,992,2878,1110,2968,1333,1883
6327870,453.78,296.025,465.94,305.4,989,2872,1114,2979,1334,1878
6327872,453.7,295.125,465.46,304.575,988,2862,1108,2969,1339,1883
6327874,452.82,297.375,465.86,305.4,978,2886,1112,2979,1336,1881
6327876,453.86,296.175,465.7,305.475,989,2873,1111,2979,1342,1879
6327878,454.26,297.525,465.62,305.175,992,2888,1109,2976,1336,1879
6327880,453.62,295.575,465.86,305.25,986,2867,1111,2977,1339,1879
6327882,453.86,296.775,465.94,305.1,988,2880,1112,2975,1333,1879
6327884,453.54,296.025,465.78,304.875,985,2872,1110,2973,1336,1880
6327886,454.18,296.175,465.94,305.175,991,2873,1112,2977,1337,1877
6327888,453.3,295.65,466.1,305.4,982,2868,1113,2979,1340,1880
6327890,454.26,294.975,466.02,304.8,992,2861,1112,2973,1337,1879
6327892,454.9,296.625,465.62,304.8,998,2879,1108,2973,1334,1878
6327894,454.98,295.5,466.02,304.725,998,2867,1111,2972,1342,1882
6327896,454.5,294.975,466.42,304.875,993,2862,1115,2974,1340,1881
6327898,454.18,295.575,465.7,304.425,990,2869,1108,2969,1338,1880
6327900,454.26,297.45,466.18,304.725,989,2889,1113,2973,1338,1876
6327902,454.02,294.15,465.62,304.275,988,2853,1107,2968,1338,1880
6327904,453.94,295.5,465.86,304.95,986,2868,1108,2976,1339,1879
6327906,453.86,296.475,466.26,304.725,985,2879,1113,2973,1340,1880
6327908,454.18,295.8,466.34,304.725,988,2872,1112,2974,1339,1881
6327910,453.7,296.475,466.26,305.1,982,2879,1112,2978,1340,1877
6327912,454.66,297.45,466.1,305.175,992,2890,1110,2978,1338,1878
6327914,453.86,294.75,466.02,305.325,985,2860,1109,2980,1346,1879
6327916,454.5,295.725,466.18,305.1,990,2871,1110,2978,1345,1878
6327918,453.54,297.975,466.02,305.325,979,2896,1109,2980,1342,1879
6327920,454.1,295.65,466.26,305.7,986,2871,1111,2985,1342,1879
6327922,454.1,295.8,466.1,305.325,986,2872,1109,2980,1346,1879
6327924,454.5,297.525,466.18,305.1,990,2892,1110,2978,1337,1878
6327926,453.94,295.125,466.34,305.25,984,2865,1111,2981,1343,1877
6327928,454.9,296.925,466.34,304.95,993,2885,1111,2977,1340,1877
6327930,454.58,295.5,466.26,305.1,990,2869,1110,2979,1340,1876
6327932,454.58,295.05,466.18,304.8,990,2864,1109,2975,1344,1877
6327934,454.1,297.75,466.66,304.5,984,2894,1115,2972,1347,1876
6327936,454.18,294.75,466.74,304.65,986,2861,1114,2974,1344,1875
6327938,454.26,294,466.18,303.675,987,2852,1109,2963,1345,1875
6327940,454.1,296.175,466.9,304.425,985,2876,1116,2971,1344,1878
6327942,454.1,293.7,466.98,304.575,985,2849,1117,2972,1346,1876
6327944,454.34,296.4,466.5,304.05,986,2878,1112,2966,1345,1879
6327946,454.9,293.025,466.66,303.975,993,2841,1114,2966,1353,1878
6327948,455.22,293.55,467.06,304.05,996,2847,1118,2966,1348,1877
6327950,455.22,294.075,466.66,303.225,996,2853,1114,2957,1350,1876
6327952,454.9,295.35,466.82,302.55,992,2867,1115,2950,1349,1875
6327954,454.9,292.35,467.06,303.9,993,2833,1117,2964,1353,1876
6327956,456.1,292.8,466.9,303.375,1005,2838,1115,2958,1349,1877
6327958,456.42,293.775,467.06,303,1009,2849,1117,2954,1352,1875
6327960,456.02,292.275,466.9,303.6,1004,2832,1115,2961,1349,1873
6327962,455.14,292.65,467.3,302.85,995,2836,1119,2952,1349,1877
6327964,455.86,293.775,467.14,303.3,1002,2848,1117,2957,1352,1879
6327966,456.58,292.875,467.54,303.15,1010,2839,1122,2955,1347,1874
6327968,454.74,294.6,466.9,302.85,990,2857,1115,2951,1348,1876
6327970,455.54,293.7,467.46,303.675,999,2847,1121,2960,1349,1873
6327972,455.46,294.375,467.54,304.05,997,2854,1121,2964,1350,1873
6327974,455.38,294,467.38,303.9,997,2850,1120,2963,1354,1873
6327976,455.38,294.6,467.38,304.275,996,2856,1119,2967,1354,1875
6327978,455.94,297.375,467.38,304.35,1001,2886,1119,2967,1354,1876
6327980,455.38,294.525,467.3,305.025,997,2855,1118,2975,1353,1873
6327982,454.66,294.825,467.22,304.275,989,2858,1118,2966,1351,1871
6327984,454.42,297.375,467.22,304.125,986,2886,1117,2964,1353,1873
6327986,455.78,294.675,467.7,304.275,1001,2857,1123,2967,1350,1870
6327988,455.14,295.575,467.38,304.425,993,2867,1119,2967,1351,1870
6327990,455.78,295.425,467.46,304.425,1000,2865,1120,2968,1353,1872
6327992,454.82,294.075,467.86,304.575,991,2850,1124,2969,1351,1869
6327994,455.06,294.3,467.3,304.575,992,2853,1119,2970,1351,1870
6327996,454.98,296.775,467.78,304.275,991,2880,1123,2966,1349,1870
6327998,455.7,293.025,467.62,304.875,1000,2839,1121,2973,1354,1869
6328000,455.22,294.675,467.54,303.9,994,2857,1120,2962,1349,1868
6328002,455.7,293.25,467.38,303.75,1000,2842,1119,2960,1356,1869
6328004,455.14,293.475,467.54,304.125,993,2844,1120,2965,1357,1868
6328006,455.46,293.475,467.46,304.05,997,2844,1119,2964,1354,1869
6328008,456.34,294.525,467.22,302.55,1005,2856,1117,2947,1350,1868
6328010,455.62,293.25,467.38,303.45,998,2842,1118,2957,1351,1869
6328012,454.98,293.925,467.06,303.6,991,2849,1115,2959,1349,1870
6328014,455.14,294.825,466.02,303,992,2858,1104,2952,1352,1867
6328016,452.98,294.9,465.7,303.3,969,2859,1100,2955,1347,1866
6328018,452.1,294.15,464.66,303.75,961,2850,1089,2960,1353,1864
6328020,451.22,294.525,463.46,303.075,951,2854,1077,2952,1356,1866
6328022,450.34,294.6,462.26,302.25,941,2855,1064,2942,1358,1865
6328024,448.66,293.475,461.62,301.95,924,2841,1057,2939,1355,1867
6328026,448.66,293.025,461.46,301.875,924,2837,1056,2938,1358,1866
6328028,448.74,292.275,460.66,301.8,925,2828,1047,2937,1353,1861
6328030,448.26,294.15,460.5,301.725,920,2849,1045,2935,1355,1859
6328032,448.26,291.375,461.06,300.6,919,2818,1051,2923,1352,1861
6328034,448.18,292.125,460.42,301.5,919,2826,1044,2933,1355,1860
6328036,448.82,293.4,459.94,302.1,924,2840,1039,2939,1352,1858
6328038,448.66,293.475,460.74,301.95,923,2841,1047,2938,1355,1860
6328040,448.5,293.925,460.82,301.8,921,2846,1047,2936,1360,1861
6328042,448.74,295.05,460.74,302.025,923,2858,1046,2938,1359,1862
6328044,449.86,293.85,460.66,303.075,935,2845,1045,2950,1353,1864
6328046,448.9,293.475,460.42,302.325,925,2841,1043,2941,1354,1862
6328048,448.98,295.2,460.42,301.95,925,2859,1042,2937,1350,1863
6328050,449.86,294.675,460.82,302.7,934,2854,1046,2946,1354,1862
6328052,449.3,294.9,460.26,302.925,928,2856,1041,2948,1355,1864
6328054,449.3,293.55,460.18,302.925,928,2842,1039,2947,1356,1861
6328056,448.98,294.3,460.98,303.225,924,2849,1048,2951,1354,1861
6328058,448.82,294.3,460.34,302.475,922,2849,1041,2943,1356,1861
6328060,449.22,296.25,460.58,302.4,926,2871,1043,2942,1353,1863
6328062,448.98,294.675,460.34,303.45,924,2853,1041,2954,1357,1863
6328064,449.22,294.675,460.58,302.325,926,2853,1043,2941,1358,1861
6328066,448.9,295.275,460.58,302.25,923,2860,1043,2940,1357,1860
6328068,449.46,292.8,461.06,302.55,929,2833,1048,2944,1356,1863
6328070,448.82,291.75,460.66,301.725,923,2821,1044,2934,1353,1861
6328072,448.5,293.475,460.66,301.8,918,2840,1043,2935,1355,1860
6328074,448.82,294.15,460.74,301.425,921,2847,1044,2931,1363,1860
6328076,449.3,294.975,461.38,301.2,926,2857,1051,2929,1354,1862
6328078,448.98,291.9,461.14,301.2,924,2823,1048,2929,1359,1858
6328080,449.14,293.625,460.82,301.575,924,2842,1044,2933,1358,1860
6328082,449.46,291.225,461.62,300.825,928,2816,1053,2925,1358,1860
6328084,449.7,292.5,460.82,301.5,930,2830,1043,2932,1359,1859
6328086,449.22,294.375,460.98,301.275,924,2850,1045,2929,1362,1859
6328088,449.14,293.85,461.54,301.65,923,2844,1051,2934,1355,1864
6328090,449.46,291.825,461.38,300.825,927,2822,1049,2925,1361,1861
6328092,449.38,292.65,461.7,300.6,925,2831,1052,2923,1357,1859
6328094,449.94,292.35,461.54,300.9,932,2828,1050,2926,1359,1856
6328096,449.38,292.275,461.46,300.75,925,2827,1049,2924,1359,1861
6328098,448.9,292.95,460.9,300.9,920,2835,1044,2925,1358,1860
6328100,449.46,292.95,461.78,300.675,925,2834,1053,2923,1359,1859
6328102,449.38,292.575,461.46,300.9,925,2830,1049,2926,1356,1861
6328104,449.38,293.1,461.62,301.125,924,2836,1050,2929,1355,1861
6328106,449.86,292.875,462.02,300.975,930,2834,1055,2927,1360,1861
6328108,449.22,292.2,461.62,301.2,923,2827,1050,2929,1357,1862
6328110,449.7,294.15,461.46,300.975,927,2848,1048,2926,1360,1862
6328112,450.18,292.575,461.62,301.425,933,2831,1049,2932,1360,1861
6328114,449.7,294.075,461.46,301.5,927,2847,1048,2933,1360,1859
6328116,449.62,294.9,461.06,301.875,926,2856,1044,2936,1357,1862
6328118,449.3,293.175,461.46,302.1,923,2837,1048,2939,1359,1863
6328120,449.62,294.3,461.38,301.65,927,2850,1047,2934,1356,1861
6328122,449.38,295.725,461.3,302.475,923,2865,1046,2943,1360,1865
6328124,448.9,295.275,461.3,302.55,919,2860,1047,2943,1360,1865
6328126,450.26,293.925,461.62,301.5,934,2845,1050,2932,1357,1863
6328128,449.54,294,461.38,301.875,926,2846,1048,2936,1363,1864
6328130,449.46,295.05,461.14,301.875,925,2857,1045,2936,1367,1863
6328132,449.14,294.45,461.38,301.95,923,2851,1049,2937,1362,1863
6328134,449.62,292.575,461.62,302.55,928,2830,1051,2944,1362,1865
6328136,449.62,293.55,461.3,301.875,928,2841,1048,2936,1357,1862
6328138,449.7,295.875,461.38,301.575,928,2867,1049,2933,1358,1865
6328140,449.78,293.25,462.1,300.75,929,2838,1056,2924,1358,1862
6328142,449.06,292.65,461.62,301.275,922,2831,1051,2929,1362,1869
6328144,449.38,295.05,461.54,300.825,925,2858,1050,2924,1357,1865
6328146,449.7,292.425,461.54,301.575,929,2828,1050,2933,1356,1868
6328148,448.82,292.575,461.06,301.2,920,2830,1045,2929,1357,1867
6328150,449.86,294.675,461.46,300.375,930,2853,1050,2919,1359,1866
6328152,450.02,293.55,462.02,299.85,932,2841,1056,2914,1357,1861
6328154,449.78,293.325,461.7,300.9,930,2838,1052,2925,1359,1866
6328156,449.86,293.25,461.54,299.475,930,2838,1051,2910,1362,1865
6328158,449.78,292.875,461.94,299.625,929,2833,1055,2911,1363,1864
6328160,449.38,293.55,461.46,300.225,925,2840,1050,2917,1361,1868
6328162,449.86,293.7,461.46,300,930,2842,1050,2915,1358,1863
6328164,449.54,294.15,462.02,299.55,926,2847,1055,2910,1361,1866
6328166,449.38,292.95,461.7,299.325,925,2834,1052,2908,1358,1867
6328168,449.46,294.9,461.78,299.55,925,2855,1052,2910,1363,1868
6328170,449.54,292.8,461.7,299.1,926,2832,1051,2905,1359,1867
6328172,449.78,291.6,461.46,299.925,928,2819,1048,2914,1361,1871
6328174,449.94,293.625,461.54,299.175,929,2841,1049,2906,1365,1869
6328176,449.54,294.45,461.06,299.1,925,2850,1044,2905,1367,1869
6328178,448.9,292.5,461.62,299.25,918,2829,1050,2907,1357,1870
6328180,449.94,292.35,461.7,298.35,929,2828,1050,2897,1359,1872
6328182,449.62,293.625,461.62,298.95,926,2841,1050,2904,1361,1868
6328184,449.46,292.725,461.22,298.95,923,2831,1045,2904,1359,1870
6328186,449.3,292.575,460.98,299.25,922,2830,1043,2906,1360,1874
6328188,449.46,293.925,461.7,298.2,923,2845,1050,2896,1359,1866
6328190,449.54,293.325,461.38,299.1,924,2838,1046,2905,1360,1873
6328192,449.7,292.65,461.06,299.1,926,2831,1043,2906,1360,1872
6328194,449.86,294.075,461.38,299.175,927,2847,1046,2906,1357,1871
6328196,449.78,293.25,461.54,298.875,926,2838,1048,2903,1360,1875
6328198,449.78,292.95,461.22,300.15,926,2835,1044,2917,1366,1874
6328200,448.98,294.9,461.38,299.775,917,2856,1046,2913,1362,1873
6328202,449.86,292.65,461.46,300.3,927,2832,1046,2920,1364,1873
6328204,450.1,293.925,461.14,300.375,929,2847,1042,2921,1360,1874
6328206,449.3,294.525,461.46,300.3,919,2853,1046,2920,1363,1874
6328208,449.22,293.325,461.3,300.825,919,2840,1043,2926,1365,1874
6328210,449.62,293.7,461.22,301.05,923,2844,1042,2928,1360,1876
6328212,448.42,295.35,461.62,301.65,909,2862,1046,2936,1362,1873
6328214,449.22,294.525,461.38,302.175,919,2853,1044,2942,1365,1876
6328216,449.46,295.875,461.3,302.4,920,2869,1042,2944,1357,1874
6328218,448.58,296.85,461.38,301.65,910,2879,1043,2936,1360,1874
6328220,450.02,295.95,461.7,302.475,926,2870,1045,2946,1351,1873
6328222,448.82,297.225,461.14,302.325,912,2884,1040,2944,1359,1874
6328224,448.74,297.675,461.62,303,911,2889,1045,2952,1359,1875
6328226,449.14,295.8,461.7,303.075,915,2869,1045,2953,1359,1875
6328228,447.94,299.25,461.46,302.55,902,2907,1043,2947,1358,1874
6328230,448.9,298.275,461.3,303,912,2896,1041,2952,1360,1875
6328232,448.74,297.075,461.38,302.55,911,2883,1041,2948,1366,1872
6328234,448.74,297.9,460.66,302.55,910,2893,1034,2947,1353,1876
6328236,448.5,298.5,461.14,302.925,907,2900,1038,2952,1362,1872
6328238,448.42,297.975,461.06,302.4,907,2894,1038,2946,1365,1877
6328240,448.58,298.575,461.14,302.325,907,2900,1038,2946,1356,1873
6328242,449.54,296.175,461.54,302.475,918,2875,1042,2947,1361,1877
6328244,448.42,296.775,461.3,301.65,905,2881,1039,2939,1365,1874
6328246,447.54,297.3,461.06,301.5,896,2886,1036,2937,1362,1873
6328248,448.02,296.85,461.3,300.75,900,2882,1039,2929,1353,1877
6328250,448.5,295.8,460.82,300.9,905,2870,1034,2930,1362,1877
6328252,448.9,296.1,460.9,300.825,909,2874,1033,2929,1359,1874
6328254,449.3,294.075,460.74,300.3,914,2852,1032,2924,1359,1882
6328256,448.34,295.35,460.66,300.9,903,2865,1031,2930,1365,1878
6328258,448.26,296.025,460.42,299.85,902,2873,1029,2918,1361,1875
6328260,449.06,293.475,460.74,300.225,911,2845,1031,2922,1362,1881
6328262,447.94,293.4,460.66,299.475,899,2844,1030,2914,1358,1877
6328264,449.06,294.675,460.74,298.95,910,2857,1031,2908,1359,1873
6328266,448.9,291.825,460.98,298.875,909,2826,1034,2907,1361,1875
6328268,448.58,294.15,460.74,299.325,905,2851,1031,2911,1355,1875
6328270,448.58,291.675,460.66,299.1,906,2824,1030,2908,1359,1875
6328272,448.02,294,460.9,298.8,898,2848,1032,2905,1358,1872
6328274,449.62,293.175,460.58,299.175,915,2839,1029,2909,1357,1880
6328276,448.98,293.85,460.98,299.475,908,2846,1032,2911,1357,1875
6328278,448.74,294.825,460.98,299.625,905,2857,1032,2913,1366,1874
6328280,449.3,294.075,461.62,299.625,911,2848,1038,2913,1358,1871
6328282,449.38,293.4,461.14,300.075,912,2841,1033,2918,1359,1872
6328284,448.58,295.35,461.54,299.775,903,2861,1038,2913,1360,1872
6328286,449.94,294.3,461.94,298.875,917,2850,1042,2904,1361,1873
6328288,448.98,293.7,461.94,299.625,908,2842,1042,2911,1361,1873
6328290,449.7,294.075,462.02,299.925,915,2846,1043,2915,1361,1870
6328292,449.94,293.625,461.86,300.225,917,2841,1041,2917,1354,1873
6328294,450.1,294.9,461.7,300.825,919,2855,1039,2923,1363,1872
6328296,449.3,297.3,462.5,301.35,910,2880,1048,2929,1361,1870
6328298,450.1,294.825,462.02,301.425,919,2853,1042,2930,1358,1869
6328300,449.86,295.125,462.34,301.65,918,2856,1046,2931,1360,1861
6328302,449.78,296.25,462.58,301.8,916,2868,1048,2933,1359,1869
6328304,450.18,295.95,462.18,301.2,921,2864,1045,2926,1362,1871
6328306,450.1,295.8,463.14,301.425,920,2863,1055,2930,1357,1864
6328308,449.54,296.625,462.5,301.5,914,2871,1049,2930,1360,1866
6328310,450.42,295.65,462.82,302.025,924,2861,1052,2935,1355,1865
6328312,450.66,296.325,463.3,301.725,927,2869,1058,2932,1363,1869
6328314,450.26,296.7,463.3,301.35,922,2873,1058,2928,1358,1867
6328316,450.66,294.6,463.86,302.325,928,2850,1064,2939,1359,1870
6328318,450.82,296.25,463.86,301.95,929,2868,1064,2935,1358,1870
6328320,451.3,294.975,463.46,302.475,935,2854,1061,2940,1355,1861
6328322,450.74,297,463.22,301.125,928,2876,1059,2926,1359,1865
6328324,450.58,297,463.54,301.725,928,2876,1063,2932,1361,1864
6328326,450.5,295.275,463.7,302.625,928,2857,1064,2942,1358,1863
6328328,450.34,297.3,463.14,301.8,927,2879,1060,2933,1361,1868
6328330,450.34,298.275,463.3,301.65,927,2890,1062,2931,1357,1863
6328332,450.34,297.225,464.42,302.175,928,2878,1074,2937,1363,1863
6328334,450.5,297.3,463.78,302.25,930,2879,1068,2937,1359,1866
6328336,450.5,299.175,463.54,302.175,930,2900,1066,2937,1360,1859
6328338,451.06,296.4,463.94,302.325,937,2870,1070,2939,1360,1865
6328340,450.98,295.8,463.94,302.025,937,2864,1071,2936,1355,1862
6328342,450.26,296.925,463.78,301.275,929,2875,1069,2928,1362,1860
6328344,451.38,296.25,464.1,301.875,942,2869,1073,2935,1357,1864
6328346,451.14,295.875,463.38,302.7,939,2865,1065,2943,1358,1861
6328348,450.66,297.375,463.54,301.575,935,2881,1068,2932,1357,1862
6328350,450.82,295.8,464.02,302.25,937,2864,1074,2939,1356,1857
6328352,451.06,296.625,463.22,302.025,940,2874,1065,2937,1354,1860
6328354,450.5,296.7,463.62,300.975,934,2874,1070,2925,1363,1859
6328356,450.26,296.175,463.06,302.4,932,2869,1065,2941,1360,1857
6328358,450.98,298.275,463.14,301.125,939,2892,1066,2927,1363,1858
6328360,450.66,297.825,463.22,300.975,937,2887,1067,2926,1357,1859
6328362,450.82,297.825,463.38,302.025,938,2887,1069,2937,1350,1860
6328364,450.58,296.925,463.06,302.175,937,2877,1066,2939,1355,1858
6328366,450.42,298.125,463.7,302.175,934,2891,1072,2939,1359,1858
6328368,450.42,298.05,463.06,302.25,934,2890,1066,2940,1360,1857
6328370,450.82,296.7,463.3,302.7,939,2876,1068,2946,1354,1854
6328372,450.42,297.675,463.06,302.025,934,2887,1066,2939,1352,1856
6328374,449.86,300.975,462.9,302.4,927,2922,1064,2943,1356,1857
6328376,450.18,297.75,463.22,303,932,2888,1068,2950,1352,1856
6328378,449.94,298.875,462.58,302.475,929,2900,1061,2944,1359,1854
6328380,449.94,299.775,463.14,302.175,929,2911,1067,2942,1352,1856
6328382,450.82,296.85,463.14,302.7,939,2879,1067,2948,1355,1856
6328384,450.58,296.625,462.66,302.625,937,2877,1062,2947,1357,1854
6328386,450.02,300.075,463.14,302.4,930,2914,1067,2945,1346,1856
6328388,450.02,298.725,462.42,302.925,931,2901,1059,2951,1349,1853
6328390,449.62,300,462.74,302.25,926,2914,1063,2944,1351,1855
6328392,450.18,300.675,462.9,302.775,931,2923,1065,2950,1351,1857
6328394,450.34,297.675,462.98,302.925,934,2890,1066,2951,1348,1853
6328396,451.06,298.5,463.3,303.3,942,2900,1069,2956,1347,1855
6328398,449.78,301.05,462.9,302.4,928,2927,1065,2947,1348,1857
6328400,450.18,297.9,462.5,303.075,933,2894,1061,2954,1355,1858
6328402,450.42,299.1,462.98,302.55,935,2906,1066,2949,1349,1854
6328404,449.62,300.3,462.66,301.725,926,2920,1063,2940,1350,1852
6328406,449.54,299.925,462.74,302.85,925,2916,1063,2952,1350,1856
6328408,449.54,300.525,462.5,301.95,926,2923,1062,2943,1347,1851
6328410,449.78,300.9,462.9,301.95,928,2927,1065,2943,1348,1849
6328412,450.18,298.575,462.34,303.525,933,2902,1059,2961,1348,1848
6328414,449.86,299.175,462.66,303.375,930,2909,1063,2959,1343,1848
6328416,450.02,300.525,462.26,301.95,931,2924,1059,2943,1344,1849
6328418,449.86,300.075,462.9,302.1,929,2918,1066,2946,1346,1854
6328420,448.74,300.225,461.94,301.8,918,2920,1057,2942,1345,1848
6328422,449.94,298.425,462.1,302.4,931,2901,1058,2949,1339,1852
6328424,449.86,297.825,462.26,302.1,931,2894,1060,2946,1344,1849
6328426,449.46,299.775,461.94,301.725,926,2915,1057,2941,1342,1846
6328428,450.58,297.675,461.94,301.725,939,2893,1057,2941,1341,1850
6328430,450.34,298.05,462.26,301.575,936,2897,1060,2939,1344,1848
6328432,448.98,300.9,461.94,300.825,921,2927,1058,2931,1343,1842
6328434,449.38,298.65,462.26,302.175,927,2903,1061,2946,1345,1850
6328436,449.86,297.975,461.86,301.8,933,2896,1057,2941,1336,1850
6328438,449.86,299.025,461.62,301.875,932,2907,1055,2942,1342,1844
6328440,449.54,298.8,461.86,301.875,929,2904,1057,2942,1335,1848
6328442,450.02,298.125,462.02,300.45,934,2897,1060,2927,1336,1845
6328444,450.42,299.325,461.7,301.35,938,2910,1056,2936,1331,1844
6328446,450.5,298.05,461.78,302.1,939,2896,1057,2944,1338,1843
6328448,450.34,299.7,461.62,300.675,938,2914,1056,2928,1335,1842
6328450,450.5,300.45,461.94,301.5,939,2922,1059,2937,1335,1847
6328452,450.5,298.125,461.46,301.575,940,2896,1054,2937,1334,1845
6328454,450.1,299.175,461.38,301.35,936,2907,1054,2935,1329,1841
6328456,450.34,299.475,461.14,300.75,939,2910,1052,2928,1331,1840
6328458,450.34,297.45,461.78,301.875,939,2888,1058,2940,1332,1845
6328460,450.02,298.575,461.7,300.75,936,2900,1058,2927,1335,1839
6328462,450.58,299.4,461.22,301.05,941,2909,1053,2931,1331,1837
6328464,451.06,298.575,461.38,300.675,947,2900,1055,2926,1334,1845
6328466,450.34,297.525,461.3,300.45,940,2888,1054,2924,1335,1842
6328468,450.42,297.45,461.3,300.6,941,2887,1055,2925,1329,1839
6328470,450.5,298.65,460.66,300.375,941,2900,1048,2922,1328,1839
6328472,451.46,298.275,460.98,300.75,952,2896,1051,2926,1327,1845
6328474,450.66,297.675,460.82,299.775,944,2889,1050,2915,1329,1840
6328476,450.26,299.475,460.5,300.825,940,2909,1047,2927,1334,1841
6328478,450.1,298.575,460.58,300.075,938,2899,1048,2919,1331,1840
6328480,450.26,297.825,460.74,301.875,940,2890,1049,2938,1327,1840
6328482,450.66,298.8,460.9,300.45,945,2902,1052,2923,1326,1836
6328484,451.06,299.25,461.3,301.275,949,2906,1056,2932,1328,1840
6328486,450.98,298.575,460.82,300.6,949,2898,1051,2924,1325,1836
6328488,450.58,299.55,460.74,300.15,943,2909,1051,2919,1324,1838
6328490,451.06,297.15,460.98,301.65,949,2883,1053,2936,1322,1843
6328492,450.9,299.025,461.3,301.425,948,2904,1056,2933,1319,1839
6328494,450.42,299.4,460.9,300.975,942,2908,1052,2928,1320,1838
6328496,450.82,297.525,461.14,302.85,948,2887,1055,2949,1321,1842
6328498,451.54,299.775,461.46,301.275,954,2912,1058,2932,1317,1834
6328500,450.58,298.425,461.38,302.325,945,2897,1057,2943,1322,1833
6328502,451.3,299.25,461.54,301.95,953,2906,1059,2939,1319,1837
6328504,451.94,299.175,461.7,302.55,959,2906,1061,2946,1316,1839
6328506,451.22,299.475,461.94,302.1,952,2909,1064,2941,1318,1837
6328508,452.1,299.7,462.18,302.25,961,2912,1066,2944,1320,1842
6328510,451.86,299.1,461.38,303.15,959,2905,1058,2953,1316,1841
6328512,452.34,299.85,461.62,302.25,964,2914,1061,2943,1315,1839
6328514,451.38,299.1,461.7,303,954,2905,1062,2952,1315,1839
6328516,452.42,300,461.7,302.4,966,2916,1063,2945,1314,1837
6328518,452.18,299.625,462.02,302.7,963,2912,1066,2948,1315,1835
6328520,452.18,300.975,462.18,302.4,963,2927,1068,2945,1316,1839
6328522,452.1,300.675,461.86,303.375,963,2923,1064,2956,1318,1839
6328524,452.82,300.375,462.02,303,970,2920,1067,2952,1309,1840
6328526,453.22,301.275,462.26,301.95,975,2930,1069,2940,1311,1836
6328528,452.74,300.75,461.38,302.55,970,2925,1060,2947,1313,1839
6328530,451.94,299.775,461.78,303.375,962,2913,1065,2957,1313,1842
6328532,452.58,301.425,461.78,302.7,969,2932,1065,2949,1307,1837
6328534,452.1,300.15,461.54,302.925,964,2918,1062,2952,1312,1836
6328536,452.5,300.525,461.78,302.625,969,2922,1065,2949,1310,1840
6328538,453.22,300.825,461.94,303.375,976,2927,1067,2957,1306,1841
6328540,452.82,301.2,461.06,302.85,972,2931,1058,2951,1309,1836
6328542,451.78,299.1,461.3,303.375,962,2907,1060,2957,1307,1840
6328544,452.66,300.525,460.98,301.95,971,2923,1057,2942,1304,1833
6328546,452.1,300.45,460.66,303.075,965,2922,1054,2953,1306,1838
6328548,451.7,299.25,460.9,303.3,962,2909,1057,2956,1307,1840
6328550,452.1,300.3,460.9,302.475,965,2920,1057,2947,1308,1835
6328552,451.14,300,460.5,302.4,956,2917,1054,2946,1303,1835
6328554,451.54,300.45,461.06,302.475,959,2922,1059,2947,1305,1840
6328556,452.1,300.3,460.58,303.825,966,2921,1054,2962,1307,1839
6328558,451.46,300.15,460.58,303.075,959,2919,1054,2953,1305,1838
6328560,451.94,300.825,460.74,304.425,964,2926,1055,2969,1305,1842
6328562,451.86,300.225,460.18,302.1,964,2920,1050,2943,1300,1836
6328564,452.1,299.25,460.1,302.325,966,2909,1050,2945,1302,1838
6328566,450.42,299.325,459.86,302.775,948,2910,1047,2950,1299,1834
6328568,450.98,299.4,460.34,304.05,954,2911,1052,2965,1301,1836
6328570,450.82,299.4,459.94,303,953,2911,1048,2953,1296,1839
6328572,451.06,299.85,460.26,302.325,955,2916,1051,2946,1298,1833
6328574,451.62,300.525,460.18,302.775,961,2924,1050,2951,1305,1838
6328576,451.62,300.675,459.62,302.7,961,2925,1044,2950,1306,1835
6328578,451.22,300.525,459.86,301.8,957,2923,1047,2940,1299,1834
6328580,451.78,300.45,459.54,303.6,963,2923,1043,2959,1300,1836
6328582,450.5,300.45,459.94,301.575,949,2922,1048,2937,1297,1834
6328584,451.3,300.75,460.5,301.65,958,2926,1054,2939,1297,1832
6328586,451.46,299.025,459.62,302.475,960,2907,1045,2947,1296,1833
6328588,451.46,299.475,460.02,303,959,2912,1048,2953,1294,1838
6328590,450.98,300.15,459.94,302.25,954,2919,1048,2945,1295,1834
6328592,449.94,298.575,460.02,302.85,944,2901,1048,2951,1291,1836
6328594,450.82,298.95,459.7,302.25,953,2905,1045,2945,1297,1832
6328596,449.86,299.775,460.1,301.5,942,2914,1049,2937,1292,1830
6328598,451.14,299.625,459.94,303.075,956,2913,1047,2954,1290,1836
6328600,451.46,299.55,459.86,301.95,959,2912,1047,2942,1291,1831
6328602,450.98,300.075,460.1,301.8,954,2918,1049,2940,1294,1829
6328604,451.22,300,460.18,303,956,2917,1050,2953,1293,1832
6328606,451.38,298.5,460.1,302.325,958,2901,1049,2945,1290,1831
6328608,450.98,300.45,460.1,302.55,953,2922,1049,2948,1295,1828
6328610,451.22,299.85,460.5,302.175,956,2915,1053,2944,1291,1833
6328612,451.14,300.225,460.1,301.875,954,2919,1049,2940,1288,1829
6328614,451.94,301.05,460.42,303.15,963,2929,1051,2954,1293,1834
6328616,451.38,300.45,460.1,302.25,957,2922,1048,2944,1287,1828
6328618,451.38,299.7,460.5,301.875,958,2914,1053,2941,1290,1828
6328620,453.3,299.25,459.86,302.85,978,2909,1046,2951,1290,1831
6328622,451.38,299.625,460.66,302.625,958,2912,1054,2949,1288,1829
6328624,452.42,299.85,460.66,303.075,969,2915,1054,2953,1289,1829
6328626,452.18,299.625,460.5,303.225,967,2912,1052,2955,1291,1829
6328628,451.7,299.4,460.42,302.25,962,2910,1052,2944,1287,1826
6328630,451.94,299.775,460.42,302.55,964,2914,1052,2947,1288,1828
6328632,452.58,299.55,460.58,303.075,971,2912,1054,2952,1287,1830
6328634,452.1,299.85,460.58,301.95,966,2915,1055,2941,1283,1829
6328636,452.74,300.975,460.9,302.625,973,2927,1058,2948,1291,1826
6328638,452.5,299.925,460.58,302.85,970,2915,1055,2950,1286,1823
6328640,452.02,299.85,460.66,302.25,966,2915,1056,2944,1286,1827
6328642,452.5,300.3,460.74,303.075,971,2919,1057,2952,1288,1826
6328644,454.02,298.2,461.06,303.075,988,2897,1060,2953,1283,1822
6328646,452.74,298.95,460.74,302.775,974,2905,1057,2950,1281,1824
6328648,452.5,300,460.74,303.225,971,2916,1058,2954,1292,1822
6328650,453.3,298.65,460.82,303.3,980,2902,1058,2955,1288,1824
6328652,453.22,300.375,460.74,303.075,980,2920,1058,2953,1287,1824
6328654,453.3,298.8,461.22,303.825,981,2903,1063,2961,1287,1827
6328656,452.34,299.325,461.38,303.375,971,2908,1065,2956,1285,1823
6328658,452.9,300.75,461.22,302.925,977,2925,1064,2951,1282,1825
6328660,453.38,300.3,460.74,303.45,982,2920,1058,2957,1286,1821
6328662,452.02,299.55,461.06,303.3,968,2911,1062,2955,1287,1821
6328664,453.38,299.925,461.14,303.3,982,2916,1063,2955,1284,1820
6328666,453.3,300.525,461.3,303.75,981,2923,1064,2961,1282,1820
6328668,453.06,299.85,460.98,303.525,979,2915,1061,2958,1284,1823
6328670,452.98,301.35,461.38,303.825,978,2931,1065,2961,1287,1824
6328672,452.9,300.15,460.66,303.075,977,2918,1058,2953,1286,1818
6328674,452.34,300.525,461.46,304.05,971,2922,1066,2963,1290,1822
6328676,453.22,299.85,461.3,303.75,981,2915,1064,2960,1284,1818
6328678,453.86,300.3,461.38,303.675,987,2920,1065,2959,1282,1818
6328680,453.54,300.225,461.06,303.675,983,2919,1061,2960,1282,1820
6328682,452.34,299.475,461.3,303.975,971,2911,1064,2963,1287,1816
6328684,452.42,300.3,460.98,303.675,972,2920,1060,2960,1281,1819
6328686,453.3,299.925,461.22,303.9,980,2916,1063,2962,1282,1816
6328688,453.38,299.625,461.38,303.9,981,2913,1064,2962,1283,1817
6328690,453.54,299.7,460.82,303.6,983,2914,1058,2959,1277,1816
6328692,452.98,299.625,461.06,303.45,977,2912,1060,2958,1281,1815
6328694,453.54,298.05,461.22,303.45,983,2896,1062,2957,1275,1814
6328696,453.06,299.55,461.06,304.05,977,2911,1059,2963,1280,1812
6328698,453.14,299.925,460.98,303.3,977,2915,1059,2955,1278,1816
6328700,453.14,298.5,461.38,303.375,977,2900,1062,2957,1280,1816
6328702,453.62,298.575,461.78,303.075,982,2901,1066,2953,1280,1811
6328704,453.14,299.4,461.06,303.825,976,2910,1059,2961,1281,1814
6328706,453.06,298.5,461.3,303.75,976,2900,1061,2960,1278,1813
6328708,453.3,299.325,461.14,303.825,977,2909,1059,2961,1278,1814
6328710,453.54,299.475,461.06,303.3,980,2911,1057,2955,1276,1813
6328712,453.7,298.5,461.22,303.9,982,2899,1059,2961,1276,1814
6328714,454.02,299.775,460.9,303.9,984,2913,1055,2961,1281,1812
6328716,453.86,298.875,461.54,303.825,982,2904,1061,2960,1280,1813
6328718,453.06,299.625,461.06,303.975,973,2911,1057,2961,1278,1814
6328720,452.82,298.875,461.14,303.975,970,2903,1057,2961,1279,1814
6328722,453.78,298.875,461.22,303.75,980,2902,1057,2959,1276,1813
6328724,452.42,299.55,460.9,303.825,965,2909,1053,2959,1281,1814
6328726,452.9,299.7,461.14,303.975,970,2911,1056,2961,1276,1812
6328728,453.62,299.25,461.38,304.05,977,2906,1057,2962,1277,1811
6328730,452.98,299.325,461.06,304.425,971,2907,1054,2966,1277,1813
6328732,452.02,299.025,461.06,303.9,959,2903,1053,2960,1280,1810
6328734,452.82,298.725,461.62,303.975,968,2900,1058,2961,1276,1811
6328736,453.22,299.7,461.06,304.425,971,2911,1052,2965,1277,1811
6328738,452.58,301.275,461.14,304.35,964,2927,1053,2964,1275,1810
6328740,453.46,299.4,461.22,304.425,973,2907,1053,2965,1278,1808
6328742,452.82,300.75,461.38,304.275,966,2921,1055,2963,1273,1811
6328744,452.18,301.275,460.58,304.575,958,2927,1046,2966,1275,1810
6328746,452.42,298.875,461.22,304.725,961,2901,1052,2968,1275,1812
6328748,452.58,301.2,460.9,304.8,962,2927,1048,2969,1277,1809
6328750,452.82,300.375,460.5,304.725,964,2917,1044,2967,1278,1809
6328752,452.74,299.025,461.46,304.425,964,2902,1053,2964,1276,1808
6328754,452.9,300.525,461.06,304.5,964,2919,1049,2965,1278,1810
6328756,452.18,299.475,461.38,304.35,956,2907,1052,2964,1279,1807
6328758,452.58,300.15,461.22,304.95,960,2914,1050,2970,1274,1805
6328760,453.14,299.475,461.62,304.425,966,2908,1053,2965,1273,1808
6328762,453.54,300.45,461.46,305.325,970,2918,1051,2974,1277,1807
6328764,452.66,300.45,461.14,304.425,959,2918,1048,2965,1274,1811
6328766,453.22,299.25,461.38,304.575,965,2905,1050,2967,1274,1808
6328768,453.62,301.725,461.54,304.8,969,2933,1051,2969,1279,1807
6328770,452.5,300.525,461.38,304.725,957,2919,1049,2968,1273,1805
6328772,452.9,300.225,461.86,304.875,961,2916,1053,2970,1277,1805
6328774,453.14,301.35,461.3,305.025,963,2928,1048,2972,1279,1806
6328776,453.86,300.525,461.46,306,970,2920,1048,2983,1282,1804
6328778,453.38,300.75,461.86,304.875,965,2923,1053,2970,1282,1807
6328780,452.9,300.675,461.86,304.95,960,2922,1052,2972,1280,1805
6328782,453.38,302.625,462.18,305.1,964,2943,1056,2973,1274,1805
6328784,453.22,300.675,461.78,305.175,963,2922,1052,2974,1278,1804
6328786,453.86,301.35,461.94,305.025,969,2930,1053,2973,1281,1806
6328788,453.7,301.725,462.26,305.475,967,2934,1056,2978,1278,1803
6328790,453.46,300.825,462.26,305.85,965,2924,1056,2982,1279,1801
6328792,454.26,300.6,462.5,305.475,973,2922,1059,2979,1269,1803
6328794,453.78,301.8,462.74,305.475,968,2935,1061,2978,1277,1801
6328796,453.7,300.975,462.66,305.625,967,2926,1059,2980,1276,1803
6328798,453.7,301.2,462.26,305.475,967,2929,1056,2978,1277,1801
6328800,454.26,301.95,462.98,305.4,972,2937,1063,2978,1276,1800
6328802,454.1,299.85,462.9,305.7,972,2914,1062,2981,1273,1797
6328804,454.18,300.675,463.06,305.25,973,2924,1064,2976,1275,1802
6328806,454.34,300.975,462.9,305.925,974,2927,1062,2984,1276,1798
6328808,455.22,299.475,462.9,305.55,984,2911,1062,2980,1276,1797
6328810,454.02,300.225,463.54,305.1,971,2918,1070,2976,1277,1798
6328812,454.5,300.075,462.82,305.025,976,2917,1063,2974,1280,1799
6328814,454.74,299.4,463.46,305.325,979,2910,1069,2978,1279,1799
6328816,454.34,300.675,463.22,305.4,975,2924,1068,2978,1274,1799
6328818,455.78,300.45,463.62,304.95,990,2922,1072,2974,1280,1799
6328820,455.38,301.65,463.54,304.95,986,2934,1071,2973,1277,1799
6328822,455.62,299.85,463.62,304.5,989,2915,1073,2969,1276,1799
6328824,456.26,300.15,463.54,304.35,997,2919,1073,2967,1278,1800
6328826,454.82,299.625,463.22,304.95,982,2912,1069,2974,1277,1801
6328828,455.7,299.4,463.54,304.725,992,2910,1073,2971,1279,1798
6328830,455.78,298.65,463.62,304.5,993,2902,1074,2969,1277,1798
6328832,454.98,299.25,463.46,304.425,985,2908,1072,2967,1278,1796
6328834,455.78,298.95,463.38,304.575,994,2905,1072,2969,1279,1799
6328836,456.5,299.925,463.78,304.425,1001,2916,1076,2967,1281,1800
6328838,455.22,299.025,463.38,304.725,988,2905,1072,2971,1277,1798
6328840,455.86,300.75,462.98,305.1,995,2924,1069,2974,1281,1797
6328842,455.06,299.4,463.06,305.1,987,2910,1070,2975,1281,1797
6328844,456.34,299.775,463.62,305.175,1001,2913,1076,2975,1280,1795
6328846,455.7,300.15,463.06,304.65,994,2917,1070,2969,1287,1795
6328848,455.86,299.325,463.3,304.875,997,2908,1074,2972,1280,1798
6328850,455.94,299.775,463.3,304.95,998,2913,1074,2973,1278,1798
6328852,455.3,299.775,462.9,305.25,992,2913,1070,2976,1279,1794
6328854,456.1,299.85,462.74,305.325,1000,2914,1068,2976,1282,1798
6328856,454.98,300.15,463.06,305.4,989,2917,1072,2977,1277,1797
6328858,455.14,300.75,463.06,304.725,991,2924,1072,2969,1279,1799
6328860,455.22,301.05,463.22,304.65,992,2927,1075,2969,1284,1797
6328862,455.06,300.675,462.98,304.725,991,2922,1072,2970,1284,1797
6328864,454.98,300.975,462.82,305.475,990,2926,1071,2978,1279,1795
6328866,455.94,301.8,462.66,305.475,1000,2936,1070,2978,1285,1795
6328868,456.5,301.125,462.9,306.075,1007,2928,1073,2984,1281,1795
6328870,455.94,301.35,463.22,305.775,1001,2931,1076,2981,1291,1795
6328872,456.5,302.85,462.74,305.55,1006,2947,1071,2979,1282,1795
6328874,455.14,301.95,462.58,306.375,992,2936,1069,2988,1288,1795
6328876,456.18,301.95,462.9,305.475,1004,2937,1074,2978,1287,1798
6328878,455.7,302.775,462.74,305.775,999,2947,1072,2981,1286,1798
6328880,455.78,301.725,462.66,305.7,1002,2935,1073,2981,1285,1795
6328882,456.18,301.575,462.9,305.925,1006,2934,1075,2984,1284,1795
6328884,455.3,302.4,462.66,305.85,997,2942,1073,2983,1283,1795
6328886,454.9,301.05,462.58,305.325,993,2928,1073,2977,1287,1798
6328888,455.62,302.625,462.98,305.925,1001,2945,1077,2984,1285,1792
6328890,455.38,302.4,462.74,305.925,998,2942,1074,2984,1284,1793
6328892,455.94,301.275,462.58,305.475,1005,2930,1073,2979,1281,1794
6328894,455.94,301.275,462.34,305.175,1005,2931,1071,2976,1286,1795
6328896,455.54,300.825,462.66,305.025,1002,2926,1075,2974,1284,1795
6328898,455.62,300.975,462.82,305.025,1002,2927,1076,2974,1280,1796
6328900,455.62,300.525,462.82,305.475,1003,2923,1077,2979,1283,1796
6328902,455.46,301.05,462.66,304.8,1001,2928,1076,2972,1286,1795
6328904,456.02,300.675,462.66,304.725,1007,2924,1076,2971,1286,1796
6328906,455.86,300.15,462.98,304.8,1005,2918,1079,2972,1284,1794
6328908,455.7,299.85,462.82,305.325,1004,2915,1078,2977,1281,1793
6328910,456.74,299.4,462.98,304.8,1016,2910,1080,2972,1280,1796
6328912,455.7,300.975,462.82,304.8,1005,2927,1079,2971,1286,1797
6328914,455.86,300.75,462.34,304.725,1007,2925,1074,2970,1285,1796
6328916,456.1,301.575,463.46,304.875,1009,2933,1086,2972,1281,1793
6328918,456.74,301.05,462.98,305.025,1017,2928,1081,2973,1284,1795
6328920,455.38,301.2,462.26,305.625,1002,2929,1073,2979,1285,1794
6328922,456.1,300.975,463.3,304.95,1010,2927,1085,2972,1284,1794
6328924,456.26,301.65,462.9,305.25,1012,2934,1081,2975,1284,1794
6328926,456.1,299.775,462.74,305.325,1011,2913,1079,2976,1284,1793
6328928,456.82,300.75,463.14,305.55,1019,2924,1083,2978,1285,1796
6328930,457.06,300.9,463.22,304.95,1021,2925,1085,2972,1280,1793
6328932,456.42,300.225,462.66,304.95,1015,2917,1080,2972,1282,1794
6328934,456.58,301.05,462.98,305.1,1017,2926,1083,2973,1286,1796
6328936,456.74,301.65,463.14,305.1,1019,2933,1085,2973,1287,1793
6328938,456.74,300.45,462.58,304.725,1019,2919,1080,2968,1281,1796
6328940,456.98,301.5,463.14,304.95,1022,2930,1086,2971,1282,1793
6328942,456.42,300.825,463.06,304.5,1017,2923,1085,2965,1281,1796
6328944,456.26,300.975,462.66,304.425,1016,2925,1082,2964,1280,1795
6328946,457.22,300.75,463.22,304.8,1026,2922,1088,2969,1282,1794
6328948,456.26,301.125,462.5,304.8,1017,2926,1081,2968,1282,1794
6328950,456.34,299.85,462.58,304.575,1017,2912,1082,2966,1285,1793
6328952,456.58,300.6,463.06,305.175,1020,2920,1087,2972,1281,1794
6328954,456.66,300.3,463.7,303.975,1022,2917,1094,2959,1281,1791
6328956,456.98,300.9,462.82,304.875,1026,2923,1085,2968,1280,1791
6328958,456.82,300.675,462.82,304.575,1024,2920,1086,2965,1279,1789
6328960,456.74,301.125,462.74,304.575,1023,2925,1085,2965,1281,1791
6328962,457.54,300.45,463.06,304.95,1032,2918,1089,2969,1278,1791
6328964,457.3,301.725,462.5,305.1,1029,2932,1083,2971,1278,1787
6328966,457.62,301.65,462.42,304.875,1032,2932,1082,2968,1278,1787
6328968,457.38,301.425,462.1,305.55,1030,2929,1079,2976,1278,1786
6328970,457.78,301.5,461.94,306,1035,2929,1078,2980,1278,1786
6328972,458.34,302.925,462.02,306.3,1041,2945,1078,2984,1278,1784
6328974,458.58,302.55,460.98,306.6,1044,2942,1067,2986,1283,1785
6328976,460.34,302.4,461.46,306.75,1063,2941,1072,2989,1279,1786
6328978,460.82,302.4,460.66,306.825,1068,2941,1064,2990,1279,1783
6328980,461.54,303.15,460.42,307.05,1075,2950,1062,2992,1273,1782
6328982,463.7,302.175,459.78,307.5,1098,2939,1055,2997,1270,1778
6328984,464.02,303.45,458.66,307.05,1101,2953,1044,2991,1270,1772
6328986,466.34,301.875,458.02,305.85,1126,2937,1038,2978,1261,1773
6328988,467.54,301.5,457.7,305.025,1139,2933,1035,2969,1255,1772
6328990,469.62,300.375,457.3,303.675,1161,2922,1031,2954,1249,1770
6328992,471.78,299.025,456.82,303.825,1185,2908,1026,2956,1253,1768
6328994,472.74,297.75,455.94,306,1196,2894,1017,2979,1243,1753
6328996,474.98,302.925,454.1,306.975,1218,2952,997,2989,1228,1743
6328998,476.1,310.875,453.78,306.675,1227,3040,994,2986,1194,1729
6329000,477.62,326.25,453.3,326.4,1240,3210,983,3203,1149,1642
6329002,479.22,338.1,450.58,345,1253,3342,948,3409,1104,1563
6329004,480.9,358.5,445.7,371.1,1264,3570,887,3699,1030,1440
6329006,480.82,386.7,440.98,393.75,1256,3887,829,3952,932,1321
6329008,479.46,409.05,438.02,423.375,1235,4139,787,4286,857,1183
6329010,479.38,429.75,431.38,450,1228,4375,706,4588,783,1052
6329012,478.58,451.35,427.62,482.175,1214,4622,653,4959,694,891
6329014,482.26,473.775,423.3,507.75,1246,4882,597,5254,612,767
6329016,486.98,500.1,417.62,535.05,1290,5190,524,5572,522,628
6329018,493.54,515.625,409.3,559.05,1357,5375,423,5853,443,510
6329020,496.98,542.25,403.78,583.125,1388,5690,352,6138,362,389
6329022,499.86,572.4,397.06,606.3,1411,6050,267,6413,276,293
6329024,NaN,NaN,NaN,NaN,NaN,NaN,NaN,NaN,0,0
6329026,NaN,NaN,NaN,NaN,NaN,NaN,NaN,NaN,0,0
6329028,NaN,NaN,NaN,NaN,NaN,NaN,NaN,NaN,0,0
6329030,NaN,NaN,NaN,NaN,NaN,NaN,NaN,NaN,0,0
6329032,NaN,NaN,NaN,NaN,NaN,NaN,NaN,NaN,0,0
6329034,NaN,NaN,NaN,NaN,NaN,NaN,NaN,NaN,0,0
6329036,NaN,NaN,NaN,NaN,NaN,NaN,NaN,NaN,0,0
6329038,NaN,NaN,NaN,NaN,NaN,NaN,NaN,NaN,0,0
6329040,NaN,NaN,NaN,NaN,NaN,NaN,NaN,NaN,0,0
6329042,NaN,NaN,NaN,NaN,NaN,NaN,NaN,NaN,0,0
6329044,NaN,NaN,NaN,NaN,NaN,NaN,NaN,NaN,0,0
6329046,NaN,NaN,NaN,NaN,NaN,NaN,NaN,NaN,0,0
6329048,NaN,NaN,NaN,NaN,NaN,NaN,NaN,NaN,0,0
6329050,NaN,NaN,NaN,NaN,NaN,NaN,NaN,NaN,0,0
6329052,NaN,NaN,NaN,NaN,NaN,NaN,NaN,NaN,0,0
6329054,NaN,NaN,NaN,NaN,NaN,NaN,NaN,NaN,0,0
6329056,NaN,NaN,NaN,NaN,NaN,NaN,NaN,NaN,0,0
6329058,NaN,NaN,NaN,NaN,NaN,NaN,NaN,NaN,0,0
6329060,NaN,NaN,NaN,NaN,NaN,NaN,NaN,NaN,0,0
6329062,NaN,NaN,NaN,NaN,NaN,NaN,NaN,NaN,0,0
6329064,NaN,NaN,NaN,NaN,NaN,NaN,NaN,NaN,0,0
6329066,NaN,NaN,NaN,NaN,NaN,NaN,NaN,NaN,0,0
6329068,NaN,NaN,NaN,NaN,NaN,NaN,NaN,NaN,0,0
6329070,NaN,NaN,NaN,NaN,NaN,NaN,NaN,NaN,0,0
6329072,NaN,NaN,NaN,NaN,NaN,NaN,NaN,NaN,0,0
6329074,NaN,NaN,NaN,NaN,NaN,NaN,NaN,NaN,0,0
6329076,NaN,NaN,NaN,NaN,NaN,NaN,NaN,NaN,0,0
6329078,NaN,NaN,NaN,NaN,NaN,NaN,NaN,NaN,0,0
6329080,NaN,NaN,NaN,NaN,NaN,NaN,NaN,NaN,0,0
6329082,NaN,NaN,NaN,NaN,NaN,NaN,NaN,NaN,0,0
6329084,NaN,NaN,NaN,NaN,NaN,NaN,NaN,NaN,0,0
6329086,NaN,NaN,NaN,NaN,NaN,NaN,NaN,NaN,0,0
6329088,NaN,NaN,NaN,NaN,NaN,NaN,NaN,NaN,0,0
6329090,NaN,NaN,NaN,NaN,NaN,NaN,NaN,NaN,0,0
6329092,NaN,NaN,NaN,NaN,NaN,NaN,NaN,NaN,0,0
6329094,NaN,NaN,NaN,NaN,NaN,NaN,NaN,NaN,0,0
6329096,NaN,NaN,NaN,NaN,NaN,NaN,NaN,NaN,0,0
6329098,NaN,NaN,NaN,NaN,NaN,NaN,NaN,NaN,0,0
6329100,457.86,519.525,429.14,602.325,972,5409,627,6382,408,297
6329102,457.94,519.525,429.14,602.325,972,5409,627,6382,408,297
6329104,455.46,500.25,429.14,602.325,952,5182,627,6382,463,297
6329106,452.98,480.9,NaN,NaN,932,4956,NaN,NaN,519,0
6329108,456.98,467.475,444.5,562.125,980,4801,811,5906,573,500
6329110,454.66,454.8,446.58,545.475,960,4654,840,5710,607,575
6329112,452.42,442.05,448.66,528.675,940,4508,869,5512,643,652
6329114,452.1,428.325,451.38,510.9,941,4350,904,5303,701,734
6329116,449.3,419.775,453.14,493.725,914,4252,929,5104,733,812
6329118,451.3,406.125,454.74,478.125,940,4097,952,4923,775,885
6329120,448.18,393.675,458.42,463.125,911,3955,997,4750,825,961
6329122,448.5,383.625,462.26,451.125,918,3841,1043,4613,869,1022
6329124,451.94,369.3,460.34,433.35,960,3681,1028,4409,916,1098
6329126,451.78,363.075,462.58,420.675,960,3611,1056,4265,945,1165
6329128,451.62,350.325,464.26,406.425,962,3469,1078,4103,1001,1229
6329130,453.94,342.45,466.82,395.925,989,3381,1109,3985,1030,1279
6329132,454.26,328.95,468.02,380.925,997,3232,1126,3817,1068,1345
6329134,454.18,320.85,468.18,368.85,999,3142,1132,3680,1102,1399
6329136,455.7,312.075,471.22,357.9,1018,3046,1167,3559,1131,1450
6329138,456.5,307.05,471.62,347.175,1028,2990,1175,3439,1150,1496
6329140,456.42,300.6,472.26,335.325,1029,2920,1185,3308,1166,1548
6329142,457.54,298.875,474.18,327.375,1041,2901,1208,3221,1174,1586
6329144,456.98,292.725,473.7,316.05,1038,2834,1206,3095,1191,1630
6329146,455.54,291.525,474.02,307.2,1023,2820,1212,2998,1200,1665
6329148,456.98,288.75,473.38,301.65,1039,2790,1208,2937,1212,1684
6329150,455.62,285.375,473.22,295.8,1026,2753,1208,2872,1218,1714
6329152,456.1,286.275,472.82,292.425,1031,2763,1205,2835,1227,1730
6329154,455.46,286.35,472.34,292.2,1024,2763,1200,2833,1230,1738
6329156,457.14,288.225,471.78,291.75,1041,2785,1194,2828,1226,1742
6329158,456.66,288.225,471.54,290.4,1037,2784,1193,2813,1227,1750
6329160,455.62,288.9,470.9,291.15,1025,2792,1185,2821,1232,1749
6329162,455.46,288.225,470.98,292.05,1024,2784,1186,2831,1232,1748
6329164,454.9,290.175,470.42,292.2,1018,2806,1181,2832,1233,1749
6329166,455.06,289.35,470.42,292.35,1020,2797,1181,2835,1234,1752
6329168,455.3,288.825,470.18,292.2,1023,2790,1178,2833,1233,1753
6329170,454.26,290.175,470.1,293.175,1012,2805,1177,2843,1232,1753
6329172,454.66,290.475,470.02,293.55,1016,2809,1176,2848,1232,1757
6329174,455.38,291.825,469.94,293.775,1024,2824,1176,2850,1231,1759
6329176,454.1,292.35,470.5,295.5,1011,2830,1181,2869,1233,1752
6329178,455.14,291.15,469.78,295.425,1022,2817,1175,2869,1232,1757
6329180,454.5,294.75,469.78,295.575,1015,2856,1175,2870,1237,1757
6329182,453.7,294.075,470.1,296.925,1007,2849,1179,2885,1237,1754
6329184,454.02,294.525,470.02,297.3,1011,2853,1178,2889,1237,1759
6329186,453.46,294.825,469.7,297.45,1005,2857,1175,2891,1237,1761
6329188,453.78,295.425,470.1,297.45,1008,2864,1179,2892,1236,1758
6329190,452.9,295.2,469.46,297.975,1000,2861,1173,2897,1242,1757
6329192,453.06,294.975,469.7,298.5,1001,2859,1175,2903,1231,1758
6329194,452.98,296.025,469.46,299.175,1000,2871,1173,2911,1237,1756
6329196,453.7,295.35,469.22,299.55,1009,2864,1170,2915,1236,1754
6329198,453.22,299.1,469.46,300.525,1003,2905,1174,2926,1240,1755
6329200,452.34,298.125,469.46,300.3,994,2895,1173,2924,1233,1757
6329202,452.9,298.05,469.22,300.9,1000,2894,1172,2931,1233,1756
6329204,453.06,296.325,469.38,300.975,1003,2875,1173,2932,1235,1755
6329206,452.34,297.975,469.14,301.275,996,2894,1171,2935,1238,1755
6329208,452.42,296.625,468.82,302.025,997,2879,1167,2944,1237,1756
6329210,452.1,296.25,468.66,302.775,994,2875,1167,2952,1232,1753
6329212,451.86,298.8,468.58,302.775,991,2903,1166,2952,1236,1754
6329214,452.66,298.125,468.34,302.925,1000,2896,1164,2954,1236,1751
6329216,452.34,298.05,467.86,303.45,997,2895,1159,2959,1237,1755
6329218,452.82,298.725,468.34,303.75,1003,2903,1164,2963,1241,1756
6329220,451.78,299.475,468.18,303.6,991,2911,1162,2962,1242,1754
6329222,452.02,298.2,468.02,303.675,995,2897,1162,2963,1240,1755
6329224,452.26,298.725,467.62,304.275,997,2903,1157,2970,1237,1757
6329226,452.82,298.95,467.22,305.25,1004,2907,1153,2981,1240,1753
6329228,451.7,298.2,467.78,304.35,992,2898,1159,2970,1236,1758
6329230,452.26,299.925,466.9,305.775,998,2918,1150,2986,1238,1758
6329232,451.7,300.525,467.06,305.775,992,2923,1152,2986,1244,1757
6329234,451.78,301.125,466.42,306.075,993,2931,1146,2990,1240,1756
6329236,451.86,300.15,466.34,306,994,2920,1145,2989,1243,1757
6329238,451.78,300.975,466.34,306.75,993,2929,1145,2998,1246,1758
6329240,451.38,300.375,466.18,307.05,989,2922,1143,3001,1241,1758
6329242,451.7,301.8,465.86,307.05,993,2938,1140,3001,1240,1760
6329244,452.02,300.75,465.7,307.8,997,2927,1138,3009,1244,1756
6329246,450.74,301.725,465.7,307.35,983,2938,1139,3005,1242,1760
6329248,451.78,301.425,465.94,308.1,995,2935,1141,3012,1242,1755
6329250,451.94,302.7,465.3,308.175,996,2949,1135,3013,1242,1756
6329252,450.82,302.7,465.3,308.85,985,2949,1135,3021,1242,1758
6329254,451.78,301.65,465.22,309.15,995,2938,1134,3024,1242,1751
6329256,451.54,301.875,465.06,308.925,993,2940,1133,3022,1251,1759
6329258,451.54,302.025,465.62,309.225,993,2942,1138,3026,1248,1755
6329260,451.78,302.55,465.38,309,995,2947,1136,3023,1248,1752
6329262,451.22,303.75,465.06,309.975,989,2960,1133,3034,1245,1755
6329264,451.46,303.45,465.14,309.6,991,2958,1133,3030,1242,1756
6329266,451.7,303.075,465.22,309.6,995,2953,1135,3030,1249,1756
6329268,450.98,303.45,464.82,311.1,986,2957,1130,3046,1246,1755
6329270,451.62,304.725,464.74,310.65,993,2972,1130,3041,1246,1753
6329272,451.78,303.6,465.14,311.1,995,2960,1134,3047,1244,1750
6329274,450.74,303.375,464.5,311.025,984,2957,1127,3046,1250,1751
6329276,451.22,304.575,464.74,310.95,989,2970,1129,3045,1243,1752
6329278,451.54,304.575,464.34,310.875,993,2971,1125,3044,1248,1752
6329280,450.5,304.275,464.18,311.175,982,2967,1123,3047,1248,1753
6329282,451.3,305.7,464.18,310.725,989,2983,1124,3043,1244,1748
6329284,450.34,305.175,463.78,311.475,979,2977,1119,3051,1247,1750
6329286,450.9,304.575,463.62,310.875,986,2971,1118,3044,1246,1752
6329288,450.9,304.65,463.78,311.1,986,2971,1119,3046,1244,1750
6329290,450.74,305.175,463.38,310.875,983,2977,1115,3044,1245,1752
6329292,450.5,303.225,463.78,311.025,982,2955,1119,3046,1242,1750
6329294,450.66,304.725,463.62,310.725,983,2972,1117,3042,1240,1752
6329296,451.22,303.525,463.46,311.25,989,2959,1115,3048,1242,1745
6329298,451.06,303.525,463.54,311.4,987,2959,1116,3050,1239,1748
6329300,451.06,304.8,463.3,311.175,986,2973,1114,3047,1238,1744
6329302,450.66,304.575,462.98,310.575,982,2970,1110,3040,1233,1749
6329304,451.22,303.75,462.98,311.175,989,2961,1110,3047,1238,1746
6329306,450.9,303.45,463.06,311.325,985,2958,1110,3048,1235,1747
6329308,450.9,304.65,462.58,310.875,985,2971,1105,3043,1236,1747
6329310,450.82,303.15,462.5,310.875,984,2954,1104,3043,1239,1749
6329312,450.74,303,462.98,310.875,983,2952,1110,3043,1235,1748
6329314,450.58,303.825,462.42,311.1,981,2961,1103,3045,1232,1745
6329316,450.5,303.6,462.26,311.475,980,2959,1102,3049,1234,1747
6329318,450.66,304.2,462.18,311.475,982,2965,1101,3049,1242,1748
6329320,450.58,304.125,461.78,310.95,981,2964,1097,3043,1239,1749
6329322,450.82,304.35,462.66,311.7,984,2967,1106,3052,1232,1745
6329324,450.74,304.125,462.42,311.775,983,2964,1103,3053,1236,1741
6329326,450.9,305.7,462.66,311.7,983,2981,1106,3052,1237,1747
6329328,451.14,304.425,462.34,312.45,987,2967,1102,3060,1237,1743
6329330,451.22,303.225,462.42,312.45,988,2955,1102,3060,1236,1744
6329332,451.3,305.775,462.58,312.9,988,2983,1104,3065,1235,1741
6329334,451.06,304.425,463.14,312,985,2968,1110,3055,1234,1742
6329336,451.38,305.7,462.98,313.05,989,2982,1108,3067,1237,1742
6329338,451.78,305.325,462.66,312.825,993,2978,1104,3064,1238,1740
6329340,451.3,305.775,462.34,312.975,987,2983,1101,3066,1236,1741
6329342,451.22,305.85,462.18,313.65,986,2984,1099,3073,1239,1740
6329344,451.22,306.9,462.66,314.025,986,2995,1104,3078,1240,1739
6329346,451.54,306.75,461.94,313.65,989,2994,1097,3073,1232,1741
6329348,451.46,306.15,461.54,312.975,988,2987,1093,3066,1243,1740
6329350,452.42,307.35,462.26,313.575,998,3001,1100,3073,1240,1738
6329352,451.7,307.8,462.5,312.825,991,3006,1102,3065,1234,1742
6329354,451.54,307.65,462.34,313.425,989,3005,1101,3072,1238,1740
6329356,452.42,307.05,462.34,313.425,998,2998,1101,3072,1245,1742
6329358,451.62,306.75,462.74,313.425,989,2995,1104,3072,1242,1737
6329360,451.54,306.825,462.42,313.575,988,2996,1101,3074,1240,1741
6329362,452.26,307.275,462.74,313.725,996,3002,1104,3076,1241,1739
6329364,453.14,307.425,462.58,313.575,1005,3003,1102,3074,1242,1738
6329366,452.18,307.275,462.1,313.5,995,3002,1097,3074,1240,1739
6329368,452.02,306.6,462.02,313.35,993,2995,1096,3072,1244,1739
6329370,452.1,307.5,462.42,314.025,994,3005,1100,3080,1237,1737
6329372,451.38,307.875,462.02,313.725,986,3009,1096,3077,1242,1739
6329374,452.02,306.75,461.7,313.425,993,2997,1092,3074,1243,1739
6329376,451.78,306.075,461.94,313.575,990,2989,1094,3076,1243,1738
6329378,451.62,306.675,461.94,313.5,988,2997,1094,3075,1239,1737
6329380,452.02,307.875,461.86,313.575,992,3010,1093,3076,1245,1739
6329382,451.94,307.425,462.1,314.025,990,3006,1095,3082,1243,1735
6329384,451.78,306.825,461.38,313.95,989,2999,1088,3081,1243,1736
6329386,451.46,306.825,461.22,313.275,985,2999,1086,3074,1244,1737
6329388,452.34,306.3,461.54,313.95,994,2994,1089,3081,1245,1736
6329390,452.18,307.125,461.38,313.5,992,3004,1087,3077,1244,1738
6329392,452.02,307.725,461.7,313.425,991,3010,1090,3076,1242,1736
6329394,451.7,306.975,461.7,313.65,987,3002,1090,3079,1245,1737
6329396,452.58,307.275,461.06,313.5,996,3006,1083,3077,1239,1736
6329398,451.38,307.875,461.46,313.425,982,3012,1087,3076,1236,1736
6329400,451.62,306.6,461.54,313.8,985,2998,1088,3081,1236,1736
6329402,451.54,307.2,460.98,313.8,984,3005,1081,3081,1236,1736
6329404,451.86,307.725,461.22,313.425,987,3011,1084,3077,1237,1738
6329406,451.46,306.75,461.22,313.8,983,3001,1084,3081,1236,1734
6329408,452.1,305.85,460.9,313.425,990,2991,1080,3077,1239,1736
6329410,450.82,307.95,460.74,314.025,975,3014,1078,3084,1241,1736
6329412,451.06,307.65,460.98,312.9,978,3010,1081,3072,1237,1738
6329414,451.7,309,460.82,313.05,983,3026,1078,3073,1241,1738
6329416,451.38,306.75,460.82,313.425,981,3001,1078,3077,1243,1737
6329418,451.46,309.15,460.9,312.9,980,3027,1079,3071,1240,1735
6329420,450.9,306.975,460.34,313.35,976,3003,1073,3077,1240,1736
6329422,450.82,307.95,460.66,313.35,974,3013,1076,3076,1242,1736
6329424,450.98,307.95,460.18,313.95,976,3013,1070,3083,1240,1735
6329426,450.66,307.575,460.34,314.025,972,3010,1072,3084,1236,1732
6329428,450.58,307.725,460.18,313.2,972,3011,1071,3075,1244,1738
6329430,451.22,308.1,460.58,313.725,978,3016,1074,3081,1237,1737
6329432,451.22,308.625,460.26,314.4,978,3021,1071,3087,1246,1738
6329434,451.54,308.25,460.74,313.8,981,3017,1076,3082,1242,1739
6329436,451.06,308.925,460.02,313.95,976,3024,1068,3083,1246,1738
6329438,450.74,307.2,460.42,313.65,972,3005,1073,3080,1247,1736
6329440,451.3,307.575,460.5,313.5,978,3010,1073,3078,1246,1738
6329442,450.9,307.725,460.34,313.5,974,3011,1071,3078,1248,1740
6329444,451.54,306.825,460.5,313.425,981,3001,1073,3077,1244,1736
6329446,451.86,308.7,460.58,313.575,983,3022,1074,3079,1243,1739
6329448,450.9,308.925,460.5,313.125,973,3023,1073,3073,1243,1740
6329450,451.62,307.725,460.5,313.5,981,3010,1073,3077,1244,1738
6329452,451.7,308.1,460.5,313.35,982,3015,1073,3075,1243,1738
6329454,452.42,307.5,460.74,313.2,990,3008,1075,3074,1245,1737
6329456,451.78,306.975,460.66,312.975,984,3002,1075,3072,1248,1741
6329458,451.78,308.775,460.66,313.2,983,3022,1075,3073,1248,1739
6329460,451.7,307.35,460.82,313.2,982,3006,1077,3074,1253,1739
6329462,452.02,308.025,461.06,313.275,986,3013,1080,3074,1248,1738
6329464,452.18,306.825,460.74,312.6,989,3000,1076,3066,1248,1743
6329466,453.3,308.25,460.82,313.425,1000,3016,1078,3076,1251,1739
6329468,452.9,308.25,460.9,312.675,996,3016,1079,3067,1247,1741
6329470,452.26,307.275,460.98,312.225,990,3005,1080,3062,1248,1744
6329472,451.7,307.275,461.46,312.675,984,3005,1085,3067,1255,1742
6329474,452.42,307.5,461.22,312.6,992,3007,1083,3066,1248,1742
6329476,451.7,307.05,460.98,312.9,984,3002,1080,3069,1251,1742
6329478,452.82,307.425,461.54,312.9,996,3006,1087,3070,1250,1741
6329480,451.86,306.975,461.38,312.75,987,3001,1085,3068,1252,1742
6329482,452.9,307.35,461.3,312.825,998,3005,1084,3068,1249,1741
6329484,452.98,308.1,461.3,312.75,998,3013,1085,3067,1252,1742
6329486,452.82,308.55,460.66,312.525,998,3018,1078,3064,1253,1743
6329488,452.98,307.2,461.14,312.225,1000,3003,1084,3061,1249,1744
6329490,452.82,309.3,461.3,313.05,997,3027,1085,3070,1254,1741
6329492,452.98,308.4,461.62,312.525,1000,3016,1089,3065,1252,1744
6329494,453.22,309.525,461.54,312.375,1003,3028,1089,3063,1253,1745
6329496,453.54,309,461.06,312.15,1006,3023,1084,3061,1251,1744
6329498,453.3,308.475,461.14,312.225,1005,3018,1086,3061,1248,1744
6329500,453.46,308.25,461.46,312.45,1006,3014,1089,3064,1249,1744
6329502,453.14,308.7,461.14,313.5,1003,3020,1087,3075,1256,1739
6329504,453.14,308.4,461.06,312.15,1004,3016,1086,3060,1252,1744
6329506,453.3,307.875,461.3,312.675,1006,3011,1089,3066,1250,1745
6329508,453.06,308.25,461.54,312.6,1004,3015,1092,3065,1249,1746
6329510,453.14,307.725,461.14,312.45,1005,3009,1087,3064,1251,1745
6329512,453.86,306.825,461.38,312.45,1013,2999,1090,3064,1247,1747
6329514,452.58,307.65,460.74,311.775,1000,3008,1085,3056,1248,1746
6329516,453.38,307.725,460.9,312.15,1008,3009,1086,3061,1245,1743
6329518,453.78,308.475,461.06,312.075,1014,3018,1089,3059,1245,1746
6329520,453.06,307.125,460.9,312.075,1006,3002,1087,3060,1252,1746
6329522,452.98,307.875,460.9,311.7,1006,3011,1088,3055,1246,1747
6329524,453.94,307.2,461.38,311.7,1016,3003,1093,3056,1246,1749
6329526,453.14,307.725,460.66,311.55,1008,3009,1086,3054,1248,1745
6329528,453.06,308.4,460.9,311.7,1007,3017,1089,3056,1249,1747
6329530,453.54,308.325,460.9,311.325,1013,3017,1090,3052,1250,1749
6329532,453.14,307.65,460.74,311.4,1009,3009,1088,3053,1257,1748
6329534,452.98,307.95,460.66,312.075,1008,3012,1088,3060,1255,1747
6329536,452.34,306.45,461.14,311.625,1001,2996,1093,3056,1255,1749
6329538,453.14,309.075,460.42,312.3,1010,3025,1085,3063,1255,1747
6329540,452.82,307.95,460.66,311.55,1007,3012,1089,3055,1256,1747
6329542,452.9,308.7,461.06,311.925,1008,3021,1093,3059,1257,1748
6329544,453.06,308.175,460.66,311.325,1010,3015,1089,3052,1250,1748
6329546,453.22,308.25,460.5,311.85,1012,3016,1088,3058,1246,1746
6329548,452.5,308.775,460.82,311.775,1005,3022,1092,3058,1251,1749
6329550,453.14,308.85,460.34,312,1011,3023,1087,3060,1246,1747
6329552,452.74,310.275,460.9,312.375,1007,3039,1092,3064,1251,1745
6329554,452.34,309.15,460.58,312.375,1004,3026,1090,3065,1250,1744
6329556,452.42,308.85,460.42,312.075,1005,3023,1088,3061,1255,1748
6329558,452.1,309.15,460.58,311.925,1002,3026,1090,3060,1253,1747
6329560,452.5,309.075,460.1,312.375,1006,3026,1085,3065,1257,1747
6329562,452.9,308.7,460.1,312.375,1011,3022,1085,3065,1252,1743
6329564,452.34,309.6,460.58,312.15,1004,3032,1090,3063,1253,1748
6329566,452.58,308.925,460.02,312.375,1007,3026,1085,3065,1254,1745
6329568,452.34,309.15,460.02,311.925,1004,3028,1085,3061,1254,1748
6329570,452.26,309.225,460.34,312.075,1004,3029,1088,3063,1254,1746
6329572,452.74,309.675,460.18,311.775,1008,3034,1086,3060,1255,1747
6329574,452.66,308.4,459.94,311.7,1008,3021,1084,3060,1257,1746
6329576,452.18,309.525,459.86,311.775,1003,3033,1083,3060,1255,1747
6329578,452.18,308.85,459.78,311.475,1003,3026,1083,3057,1253,1747
6329580,452.1,308.55,460.18,311.325,1003,3022,1087,3056,1252,1746
6329582,452.42,308.025,459.94,311.4,1006,3017,1084,3057,1253,1748
6329584,452.66,309.075,459.94,311.175,1009,3028,1084,3054,1257,1749
6329586,452.5,308.025,459.7,311.625,1007,3018,1081,3059,1252,1746
6329588,452.5,309.525,459.7,311.025,1006,3034,1081,3053,1254,1748
6329590,451.46,308.625,459.46,311.925,995,3025,1078,3064,1252,1744
6329592,451.7,307.8,459.78,311.25,998,3015,1082,3056,1253,1747
6329594,451.7,308.025,459.62,311.4,998,3018,1080,3058,1250,1746
6329596,451.62,307.575,459.7,310.95,997,3013,1081,3053,1253,1748
6329598,451.54,308.85,459.7,311.25,996,3027,1080,3056,1250,1747
6329600,452.18,308.625,459.94,311.025,1003,3025,1083,3054,1252,1748
6329602,451.62,308.55,459.62,311.7,996,3024,1080,3062,1247,1748
6329604,452.1,307.725,459.54,311.325,1001,3016,1078,3058,1254,1746
6329606,450.98,309.225,459.86,311.475,988,3031,1081,3060,1249,1746
6329608,451.86,308.55,460.02,311.25,998,3024,1083,3057,1253,1747
6329610,451.54,308.475,459.38,311.25,995,3024,1076,3057,1251,1749
6329612,449.7,307.65,459.7,311.1,976,3014,1080,3055,1245,1749
6329614,450.74,308.175,459.62,311.025,986,3020,1079,3054,1244,1749
6329616,450.74,308.325,459.78,311.25,987,3022,1081,3057,1245,1747
6329618,450.74,309,459.7,311.4,986,3029,1080,3058,1244,1747
6329620,450.34,308.475,460.02,311.7,982,3023,1083,3062,1244,1746
6329622,450.9,308.325,459.94,311.175,988,3021,1082,3056,1244,1745
6329624,450.9,307.725,459.7,310.95,988,3015,1080,3053,1247,1749
6329626,450.34,308.55,460.5,311.4,982,3023,1088,3058,1246,1744
6329628,451.3,308.925,459.94,311.1,991,3028,1082,3055,1249,1746
6329630,452.5,308.625,460.18,311.25,1004,3025,1084,3056,1250,1746
6329632,450.98,308.85,459.62,310.95,988,3027,1079,3054,1249,1746
6329634,451.46,308.925,459.78,310.8,993,3028,1080,3052,1249,1747
6329636,451.46,309.075,460.1,311.025,994,3029,1084,3054,1251,1748
6329638,451.86,308.325,460.42,310.875,998,3021,1087,3052,1246,1748
6329640,451.78,308.1,460.34,310.65,998,3019,1087,3049,1250,1747
6329642,451.94,308.325,460.5,311.175,1000,3022,1089,3055,1252,1745
6329644,451.46,309.75,460.5,310.275,994,3037,1089,3045,1245,1749
6329646,451.78,308.1,460.02,310.5,998,3018,1084,3047,1248,1751
6329648,451.14,308.1,460.42,310.65,992,3018,1089,3050,1247,1748
6329650,451.3,308.925,460.26,310.125,993,3028,1087,3043,1247,1748
6329652,451.3,306.975,460.42,310.5,994,3006,1088,3048,1239,1746
6329654,450.9,309,460.18,310.575,989,3028,1086,3048,1243,1747
6329656,451.38,307.875,459.94,310.95,994,3016,1083,3052,1244,1747
6329658,451.62,307.95,460.5,310.5,997,3017,1089,3047,1247,1746
6329660,451.62,308.1,460.58,310.8,997,3018,1091,3050,1246,1747
6329662,450.9,308.1,460.18,310.425,990,3018,1086,3046,1245,1750
6329664,451.06,306.525,460.58,310.35,992,3000,1091,3046,1250,1744
6329666,451.46,308.025,460.34,310.575,996,3017,1088,3047,1246,1746
6329668,450.42,307.95,460.1,310.65,985,3015,1086,3048,1244,1747
6329670,451.38,307.65,460.34,310.875,995,3012,1089,3050,1244,1745
6329672,451.3,308.1,460.5,310.275,995,3017,1090,3044,1250,1748
6329674,451.06,308.325,460.5,310.875,992,3019,1091,3051,1247,1746
6329676,451.06,307.65,460.1,310.425,993,3012,1087,3045,1245,1745
6329678,450.82,307.725,460.18,311.1,991,3012,1088,3053,1241,1744
6329680,450.5,308.175,460.02,310.725,987,3018,1086,3049,1246,1746
6329682,451.14,307.8,460.26,310.875,994,3013,1089,3050,1242,1745
6329684,450.9,309.3,459.94,311.175,991,3030,1085,3053,1246,1742
6329686,450.5,308.4,460.18,310.2,987,3019,1088,3043,1244,1744
6329688,451.06,307.65,460.26,310.875,993,3011,1089,3050,1244,1745
6329690,450.02,308.025,459.94,311.175,982,3015,1085,3053,1243,1744
6329692,450.26,308.1,460.18,310.575,985,3016,1088,3046,1248,1746
6329694,450.34,308.4,460.26,310.95,985,3019,1089,3051,1243,1744
6329696,450.66,307.575,460.02,310.95,989,3010,1087,3050,1244,1746
6329698,450.5,307.725,460.02,311.1,988,3012,1087,3051,1242,1741
6329700,450.02,308.85,459.46,311.175,983,3023,1081,3053,1244,1745
6329702,449.94,307.575,459.94,311.025,982,3010,1087,3051,1245,1741
6329704,450.34,308.325,460.26,310.65,987,3018,1090,3047,1244,1745
6329706,449.94,309.075,459.7,311.775,983,3026,1084,3059,1241,1743
6329708,449.22,307.8,459.94,311.4,976,3012,1087,3055,1243,1743
6329710,449.94,309.225,459.94,311.475,983,3028,1087,3056,1241,1741
6329712,449.7,309.075,459.62,310.65,980,3026,1084,3047,1241,1741
6329714,450.02,308.475,459.78,311.25,983,3019,1086,3053,1241,1742
6329716,449.94,308.625,459.78,311.25,983,3021,1086,3053,1241,1742
6329718,449.86,308.7,459.86,311.325,982,3022,1086,3054,1239,1742
6329720,449.7,308.625,459.62,311.25,980,3021,1084,3053,1240,1739
6329722,449.3,308.55,459.62,311.1,975,3019,1084,3051,1237,1739
6329724,449.14,308.325,459.78,311.7,974,3017,1085,3058,1239,1740
6329726,449.54,308.325,459.94,311.85,978,3017,1086,3059,1240,1738
6329728,449.62,308.775,460.02,311.625,979,3022,1087,3057,1239,1739
6329730,449.22,308.925,459.06,311.85,974,3023,1077,3060,1243,1742
6329732,448.98,306.975,459.78,311.175,972,3002,1085,3052,1244,1740
6329734,449.38,307.875,459.62,311.7,976,3012,1083,3057,1240,1740
6329736,449.54,309.075,459.46,310.65,977,3025,1081,3046,1245,1741
6329738,448.98,308.325,459.86,311.7,971,3017,1084,3057,1243,1739
6329740,449.3,307.875,459.7,311.325,975,3012,1083,3053,1242,1740
6329742,449.06,307.425,459.3,310.8,972,3007,1079,3047,1240,1740
6329744,448.98,306.75,459.38,311.55,971,2999,1079,3056,1243,1736
6329746,449.38,309.075,459.22,311.475,974,3025,1077,3054,1243,1738
6329748,449.06,307.35,459.14,311.175,971,3006,1076,3051,1237,1735
6329750,449.54,308.1,458.66,312.075,975,3014,1070,3060,1233,1733
6329752,448.9,307.35,458.58,311.55,969,3005,1069,3054,1239,1735
6329754,449.22,308.1,459.14,311.85,970,3013,1074,3058,1235,1733
6329756,449.14,308.1,458.74,311.625,969,3013,1070,3055,1241,1735
6329758,449.94,308.925,458.74,311.625,977,3022,1069,3055,1240,1735
6329760,448.9,307.275,459.14,311.55,967,3003,1074,3054,1242,1734
6329762,449.14,308.55,458.9,311.7,968,3018,1070,3056,1235,1733
6329764,448.98,307.575,458.98,311.025,967,3007,1071,3048,1241,1733
6329766,449.78,307.575,459.06,312.225,975,3007,1071,3062,1239,1731
6329768,448.82,308.475,458.98,312.375,964,3016,1070,3063,1237,1734
6329770,449.54,308.25,458.74,311.025,971,3014,1067,3048,1242,1734
6329772,448.74,306.9,458.98,312.15,963,2999,1069,3060,1237,1730
6329774,448.98,307.5,458.66,312.75,964,3005,1065,3066,1237,1731
6329776,449.14,308.85,458.34,312.15,966,3020,1062,3060,1239,1730
6329778,448.74,307.95,458.98,312.15,961,3010,1068,3060,1244,1729
6329780,449.06,308.025,458.74,312,965,3011,1065,3058,1235,1729
6329782,449.14,307.95,458.34,312.525,965,3010,1061,3063,1237,1726
6329784,448.58,306.45,458.9,312.9,960,2993,1066,3067,1237,1727
6329786,448.9,308.325,458.5,313.275,962,3013,1062,3071,1238,1726
6329788,448.42,307.5,458.26,312.225,957,3004,1059,3060,1236,1725
6329790,448.9,307.35,458.74,312.15,961,3002,1064,3059,1238,1727
6329792,448.26,307.575,458.5,312.75,955,3005,1061,3066,1238,1727
6329794,450.02,308.775,458.58,312.9,972,3019,1061,3067,1236,1721
6329796,448.66,306.45,458.18,312.45,959,2992,1058,3062,1238,1724
6329798,449.54,307.275,459.22,311.55,968,3001,1068,3052,1241,1729
6329800,448.9,306.9,458.82,312.825,961,2997,1063,3066,1239,1722
6329802,448.5,307.35,458.66,312.375,957,3002,1062,3061,1235,1723
6329804,449.54,306.225,458.66,312.15,969,2990,1062,3058,1237,1724
6329806,449.3,308.025,458.82,312.375,965,3009,1064,3060,1237,1720
6329808,448.82,306.75,458.74,311.7,960,2996,1063,3053,1236,1722
6329810,448.5,307.65,458.74,312.375,956,3005,1062,3061,1234,1721
6329812,448.98,307.05,458.82,312.6,961,2998,1063,3063,1233,1717
6329814,449.62,307.65,458.42,312.15,968,3005,1059,3057,1227,1720
6329816,448.66,306.975,459.22,311.7,958,2997,1068,3053,1231,1721
6329818,448.9,307.95,459.06,312,960,3008,1066,3056,1229,1718
6329820,449.3,307.125,458.66,312.3,965,2999,1062,3059,1230,1720
6329822,449.62,305.775,458.9,311.85,969,2984,1065,3054,1228,1720
6329824,448.9,306.675,458.98,312.525,961,2994,1065,3062,1235,1718
6329826,449.3,308.4,458.58,312.75,964,3013,1060,3064,1232,1720
6329828,449.94,306.9,459.06,312.825,972,2996,1066,3064,1236,1717
6329830,448.82,307.35,459.14,312.6,960,3000,1067,3062,1235,1717
6329832,449.06,308.55,458.66,312.375,962,3014,1062,3059,1235,1718
6329834,450.18,309,458.98,312.825,974,3019,1065,3064,1237,1715
6329836,449.86,308.025,459.06,313.2,971,3008,1066,3069,1240,1714
6329838,449.06,308.775,458.5,313.2,962,3016,1060,3068,1233,1715
6329840,450.1,308.1,458.98,312.975,974,3009,1066,3065,1233,1715
6329842,450.1,308.175,459.06,312.975,973,3010,1067,3066,1233,1715
6329844,449.94,307.725,459.06,312.45,972,3005,1066,3059,1226,1714
6329846,449.14,307.425,458.98,313.05,964,3001,1066,3066,1227,1713
6329848,450.1,307.65,458.5,312.525,974,3003,1061,3060,1232,1713
6329850,449.06,309.075,458.82,313.35,963,3019,1064,3070,1227,1712
6329852,449.46,308.175,458.9,312.225,968,3010,1065,3058,1229,1714
6329854,449.78,306.9,458.66,312.15,972,2996,1064,3057,1226,1714
6329856,449.3,306.9,458.98,312.9,967,2996,1067,3065,1236,1712
6329858,449.7,307.65,458.98,312.675,971,3004,1068,3062,1234,1711
6329860,449.86,307.575,458.98,311.85,973,3003,1067,3053,1225,1714
6329862,450.26,307.05,458.98,313.125,978,2998,1067,3067,1234,1713
6329864,450.58,306.825,458.98,312.15,981,2995,1068,3057,1233,1710
6329866,449.46,306.975,458.82,312.225,970,2997,1066,3057,1234,1711
6329868,450.58,307.2,458.66,312.675,982,2999,1065,3062,1230,1711
6329870,450.1,306.225,458.74,312.15,977,2989,1066,3056,1227,1711
6329872,450.02,307.2,458.58,312.075,976,2999,1064,3056,1230,1710
6329874,449.46,306.3,458.74,312.225,971,2989,1066,3058,1234,1711
6329876,449.86,304.725,458.82,311.25,976,2972,1067,3047,1226,1711
6329878,450.18,305.475,458.58,311.175,979,2981,1065,3046,1229,1710
6329880,450.1,304.275,458.9,311.55,979,2967,1069,3050,1229,1710
6329882,449.46,305.925,458.74,310.8,972,2985,1067,3042,1233,1706
6329884,449.62,305.775,458.74,311.325,973,2984,1067,3048,1232,1707
6329886,449.38,305.85,458.66,311.175,971,2985,1067,3047,1227,1708
6329888,449.46,305.775,459.14,311.325,972,2984,1072,3048,1229,1708
6329890,449.3,306.825,458.42,311.175,970,2996,1065,3047,1228,1706
6329892,449.54,305.925,458.18,311.1,973,2986,1062,3046,1224,1708
6329894,450.74,305.025,458.98,311.175,986,2977,1071,3047,1231,1704
6329896,450.26,305.4,458.82,311.1,980,2981,1069,3046,1230,1708
6329898,449.3,305.85,458.5,311.625,971,2985,1066,3052,1230,1709
6329900,449.78,306.075,458.9,311.925,976,2988,1070,3056,1230,1709
6329902,450.5,305.625,458.66,312.6,983,2983,1067,3063,1231,1703
6329904,450.26,306.15,458.66,312.075,981,2990,1067,3058,1230,1705
6329906,449.86,306.45,458.9,312.6,976,2993,1070,3063,1230,1705
6329908,449.86,306.3,458.66,312.6,976,2991,1068,3063,1234,1706
6329910,450.02,306.975,458.66,312.825,978,2999,1068,3066,1231,1706
6329912,448.82,307.125,458.9,314.025,966,3000,1070,3079,1225,1704
6329914,450.02,306.525,458.74,313.8,979,2995,1069,3078,1226,1704
6329916,449.3,307.425,458.66,313.425,971,3004,1068,3073,1226,1700
6329918,448.82,307.35,458.98,313.65,966,3004,1071,3076,1226,1701
6329920,449.06,308.625,459.22,314.25,968,3018,1073,3083,1230,1702
6329922,449.78,309.45,458.9,313.95,976,3028,1070,3080,1223,1702
6329924,449.06,308.175,459.06,314.925,968,3013,1071,3091,1232,1703
6329926,449.38,308.55,458.66,314.325,971,3018,1068,3084,1236,1705
6329928,448.58,308.4,459.14,314.025,964,3016,1073,3081,1233,1702
6329930,448.42,308.925,459.62,313.95,961,3022,1078,3081,1234,1702
6329932,448.9,308.325,458.82,313.65,967,3016,1069,3077,1235,1705
6329934,448.42,310.2,459.06,313.35,961,3036,1072,3074,1235,1701
6329936,448.26,307.95,459.06,314.325,960,3012,1072,3085,1237,1704
6329938,448.58,308.25,459.14,313.725,963,3016,1073,3079,1237,1704
6329940,448.42,308.475,458.98,313.65,961,3018,1071,3079,1230,1701
6329942,448.18,308.175,459.3,313.8,959,3015,1075,3081,1233,1701
6329944,447.7,308.775,458.58,313.5,954,3021,1067,3076,1228,1702
6329946,448.1,307.725,458.9,313.875,958,3010,1069,3081,1227,1704
6329948,448.42,308.025,458.98,313.425,961,3013,1070,3076,1224,1698
6329950,448.9,306.45,458.66,313.2,967,2996,1067,3074,1223,1701
6329952,447.38,308.4,458.66,313.2,950,3017,1067,3073,1228,1701
6329954,448.74,306,458.98,313.275,965,2992,1070,3074,1222,1696
6329956,447.86,307.2,458.5,312.975,955,3004,1065,3071,1233,1702
6329958,447.86,307.5,458.18,312.9,955,3007,1062,3070,1230,1701
6329960,447.86,305.625,458.1,312.975,955,2987,1061,3071,1232,1700
6329962,447.3,306.825,458.26,312.375,949,3000,1062,3064,1233,1703
6329964,447.38,305.1,457.78,313.05,950,2981,1057,3072,1233,1699
6329966,446.98,306.6,458.02,312.675,945,2997,1060,3067,1231,1702
6329968,447.06,308.175,458.58,312.825,946,3013,1065,3069,1231,1699
6329970,447.22,306.825,457.78,312.825,947,2998,1056,3068,1229,1702
6329972,447.54,306.45,458.26,313.425,951,2995,1062,3075,1224,1702
6329974,447.86,307.35,458.02,313.5,953,3004,1058,3074,1231,1700
6329976,446.74,305.85,457.86,313.425,942,2987,1056,3074,1229,1700
6329978,447.86,306.525,457.94,313.725,953,2994,1057,3076,1232,1701
6329980,447.94,306.15,458.26,313.8,954,2990,1060,3078,1232,1701
6329982,447.62,307.575,458.18,314.025,950,3005,1060,3080,1227,1702
6329984,447.46,306.9,458.26,313.275,949,2998,1061,3071,1233,1704
6329986,447.14,306.9,458.58,313.95,945,2996,1063,3078,1236,1699
6329988,446.58,306.225,457.94,313.575,939,2989,1056,3074,1237,1700
6329990,447.3,307.425,458.42,313.95,946,3002,1062,3077,1237,1700
6329992,447.78,306.45,458.26,314.175,952,2992,1060,3080,1233,1703
6329994,447.62,308.625,458.02,314.7,950,3015,1057,3085,1229,1698
6329996,446.74,307.275,458.66,314.25,940,2999,1064,3080,1239,1702
6329998,448.58,308.025,458.42,314.25,959,3008,1061,3080,1236,1701
6330000,448.02,308.475,458.74,315.225,953,3013,1064,3090,1232,1700
6330002,447.94,307.65,458.34,315.075,953,3003,1060,3088,1233,1706
6330004,447.62,307.5,458.26,314.1,950,3001,1059,3078,1238,1702
6330006,448.18,308.25,459.62,314.325,956,3009,1074,3080,1229,1704
6330008,448.1,307.35,459.38,314.325,955,2999,1072,3080,1228,1699
6330010,447.78,308.025,459.06,314.475,952,3006,1069,3080,1227,1704
6330012,447.94,308.325,459.22,314.775,953,3010,1070,3084,1226,1696
6330014,448.42,307.8,459.62,315.375,959,3003,1075,3090,1227,1699
6330016,448.26,310.05,459.06,315,957,3028,1069,3086,1230,1702
6330018,448.74,309.45,459.7,314.7,963,3021,1077,3082,1222,1700
6330020,448.34,309.3,459.94,315.225,958,3019,1079,3088,1229,1700
6330022,448.9,307.95,459.86,314.85,966,3004,1079,3084,1229,1700
6330024,448.02,307.5,460.18,314.775,956,2999,1083,3083,1231,1700
6330026,449.14,307.875,459.94,315.45,969,3003,1080,3090,1229,1699
6330028,448.58,308.625,459.86,314.325,962,3011,1079,3078,1240,1704
6330030,448.42,308.55,460.18,315.225,962,3011,1084,3087,1236,1698
6330032,448.58,308.175,460.26,314.85,964,3006,1085,3083,1239,1704
6330034,448.58,308.55,460.02,315.3,964,3010,1083,3088,1238,1701
6330036,448.02,308.7,459.94,314.925,959,3012,1082,3084,1236,1701
6330038,449.62,308.4,460.18,315.3,976,3009,1085,3088,1236,1701
6330040,449.38,309.225,460.26,315,973,3018,1086,3085,1230,1699
6330042,449.38,308.475,460.42,315.45,974,3010,1087,3089,1231,1700
6330044,448.82,308.025,460.34,314.7,968,3004,1087,3081,1230,1700
6330046,448.18,308.925,460.34,314.925,962,3013,1087,3083,1224,1697
6330048,448.34,308.7,460.34,314.925,964,3012,1088,3083,1229,1702
6330050,449.14,308.1,461.38,315.525,972,3004,1099,3091,1228,1700
6330052,448.82,308.7,460.34,314.475,969,3011,1088,3079,1227,1701
6330054,448.82,307.8,460.58,314.85,970,3001,1091,3083,1235,1702
6330056,448.82,308.025,460.34,314.775,970,3003,1089,3082,1237,1709
6330058,448.82,307.425,460.42,315.15,970,2997,1089,3086,1240,1699
6330060,448.74,306.15,460.1,315.225,970,2983,1086,3087,1239,1702
6330062,448.82,309.375,460.5,315.075,969,3019,1091,3085,1236,1704
6330064,447.78,308.25,460.98,315.6,959,3006,1096,3092,1236,1704
6330066,448.18,308.1,460.02,315.375,963,3005,1086,3089,1239,1703
6330068,449.3,308.4,460.58,315.6,976,3008,1091,3091,1237,1706
6330070,448.74,308.625,460.66,314.925,969,3011,1093,3084,1240,1706
6330072,448.1,307.875,460.66,315.825,963,3002,1093,3094,1242,1707
6330074,448.02,306.975,460.82,316.125,963,2992,1094,3097,1239,1707
6330076,448.34,308.25,460.66,315.45,966,3007,1093,3090,1237,1707
6330078,447.7,306.975,460.74,315.6,959,2992,1094,3091,1242,1708
6330080,448.1,307.425,460.74,315.75,963,2997,1094,3094,1240,1711
6330082,448.9,308.025,461.22,315.675,972,3005,1098,3093,1236,1706
6330084,448.42,307.725,460.9,316.125,966,3001,1095,3098,1242,1713
6330086,448.98,308.25,460.9,316.05,972,3007,1095,3098,1239,1709
6330088,447.86,307.2,460.66,315.675,960,2995,1093,3093,1243,1713
6330090,448.5,308.175,461.54,315.9,967,3007,1102,3096,1241,1711
6330092,447.54,306.675,461.06,314.7,957,2990,1097,3083,1244,1709
6330094,447.78,307.05,460.82,314.7,960,2994,1094,3083,1244,1711
6330096,448.66,308.175,460.9,315.075,968,3007,1095,3087,1241,1710
6330098,448.1,307.2,460.42,315,963,2996,1090,3086,1240,1712
6330100,448.58,307.425,460.9,314.7,968,2999,1095,3084,1246,1716
6330102,448.1,306.75,461.22,315.15,963,2991,1098,3089,1245,1714
6330104,448.42,307.875,460.5,315.225,966,3004,1091,3089,1240,1714
6330106,448.26,307.725,460.58,315.375,964,3002,1091,3091,1243,1714
6330108,447.06,308.025,461.3,314.85,951,3006,1099,3085,1233,1715
6330110,447.22,307.125,460.58,315.3,953,2996,1092,3091,1242,1717
6330112,447.94,307.65,460.82,315.525,960,3002,1094,3093,1243,1713
6330114,447.62,308.175,461.3,314.775,957,3008,1099,3085,1238,1716
6330116,447.54,306.975,460.26,314.925,957,2995,1088,3087,1246,1719
6330118,447.7,309.075,461.3,315.375,957,3018,1098,3091,1242,1715
6330120,447.22,308.1,460.9,315.3,952,3007,1094,3091,1243,1719
6330122,447.54,307.275,460.5,315.15,956,2998,1089,3089,1245,1719
6330124,448.02,307.5,460.5,314.7,961,3001,1090,3084,1246,1719
6330126,447.46,308.325,460.42,315.075,954,3010,1088,3088,1247,1721
6330128,446.98,306.525,460.26,314.475,949,2990,1086,3082,1245,1723
6330130,447.7,308.625,460.74,314.925,956,3014,1091,3088,1245,1722
6330132,447.22,307.2,460.5,314.7,952,2997,1089,3085,1252,1723
6330134,447.78,307.05,460.26,314.625,957,2996,1086,3084,1248,1724
6330136,447.86,307.5,460.66,315.075,958,3002,1090,3089,1244,1723
6330138,447.7,308.7,461.06,314.775,955,3015,1094,3086,1247,1722
6330140,447.62,308.475,460.9,314.55,955,3012,1092,3084,1240,1725
6330142,448.1,308.175,460.98,314.775,959,3009,1093,3086,1247,1727
6330144,447.46,309.6,460.58,314.55,952,3025,1089,3083,1245,1724
6330146,447.7,308.175,460.82,314.7,955,3009,1092,3085,1244,1723
6330148,447.94,308.7,460.66,314.925,958,3014,1089,3088,1246,1726
6330150,447.94,306.6,460.82,314.625,958,2991,1091,3084,1247,1725
6330152,447.62,307.275,460.9,314.925,955,2999,1091,3087,1243,1724
6330154,446.98,308.85,460.34,314.55,946,3016,1086,3083,1250,1727
6330156,447.7,308.475,460.26,314.4,955,3012,1085,3082,1248,1726
6330158,447.62,310.05,460.66,315,952,3030,1088,3088,1246,1727
6330160,447.14,308.1,460.26,314.175,948,3008,1085,3079,1248,1729
6330162,448.18,307.65,460.9,313.575,959,3004,1092,3073,1250,1731
6330164,447.54,307.125,460.74,313.8,953,2997,1089,3075,1250,1733
6330166,447.54,308.25,460.82,313.35,952,3010,1091,3070,1250,1735
6330168,447.78,306.9,460.98,312.9,955,2995,1092,3065,1252,1733
6330170,447.46,307.275,461.14,312.525,951,2999,1093,3061,1251,1733
6330172,447.3,307.125,460.66,312.825,950,2997,1089,3064,1255,1737
6330174,447.7,307.05,460.9,312.975,954,2996,1090,3066,1253,1736
6330176,447.62,307.275,460.58,312.975,953,2998,1087,3066,1249,1733
6330178,446.82,307.125,460.82,311.925,944,2996,1090,3054,1256,1737
6330180,447.3,305.7,461.22,311.7,950,2981,1094,3052,1254,1737
6330182,447.86,306.525,461.22,311.4,955,2990,1094,3048,1255,1738
6330184,447.22,306.45,460.98,311.775,948,2989,1092,3052,1257,1738
6330186,447.38,306.6,460.98,311.4,951,2990,1092,3047,1255,1737
6330188,447.46,306.075,461.62,311.25,951,2984,1099,3046,1255,1739
6330190,448.02,305.625,461.46,311.85,957,2979,1097,3052,1253,1739
6330192,446.98,307.5,460.98,311.325,945,2999,1092,3046,1256,1740
6330194,447.86,306.45,461.3,311.4,955,2988,1095,3047,1254,1739
6330196,447.54,306.15,461.46,311.475,952,2985,1097,3048,1254,1741
6330198,447.3,306.975,461.62,311.925,950,2994,1098,3053,1255,1742
6330200,447.94,306.15,461.86,311.4,956,2985,1101,3047,1250,1742
6330202,448.1,306.75,461.94,311.925,958,2991,1102,3052,1249,1739
6330204,447.62,307.575,462.18,311.55,953,3000,1105,3048,1254,1742
6330206,447.86,306.825,462.1,311.7,955,2991,1104,3050,1251,1743
6330208,447.78,307.35,462.1,311.925,955,2997,1104,3053,1253,1744
6330210,448.1,309.825,462.26,312.15,957,3025,1106,3055,1251,1745
6330212,448.26,307.5,462.18,311.85,960,2999,1105,3051,1252,1743
6330214,447.22,308.1,462.02,312.45,950,3005,1103,3058,1253,1743
6330216,447.46,307.95,461.94,312.6,952,3004,1103,3060,1259,1745
6330218,448.1,307.575,462.26,312.75,959,3000,1107,3062,1250,1743
6330220,447.62,307.725,462.26,312.6,954,3001,1107,3060,1253,1745
6330222,447.54,309.975,462.26,313.05,953,3026,1107,3065,1249,1744
6330224,448.18,308.55,462.02,313.5,960,3011,1105,3070,1260,1747
6330226,448.58,309.675,461.94,313.425,965,3024,1104,3070,1256,1747
6330228,448.66,309.675,462.18,312.975,966,3024,1107,3065,1258,1748
6330230,448.18,306.975,461.86,313.35,962,2994,1104,3069,1257,1749
6330232,447.86,309.075,462.02,313.275,958,3018,1105,3068,1264,1744
6330234,448.42,308.775,462.02,313.2,964,3014,1106,3068,1262,1747
6330236,448.18,307.65,461.78,312.6,962,3002,1104,3061,1258,1748
6330238,448.18,308.925,462.18,312.525,963,3016,1109,3061,1261,1750
6330240,448.58,307.575,462.34,312.525,967,3002,1110,3061,1259,1749
6330242,448.66,308.925,462.26,312.45,969,3017,1110,3060,1257,1750
6330244,448.02,307.725,462.1,311.925,962,3003,1109,3054,1260,1751
6330246,448.42,307.5,461.94,312.075,967,3001,1107,3056,1257,1750
6330248,448.74,308.775,461.94,311.625,970,3015,1108,3051,1254,1751
6330250,448.34,306.9,461.86,311.925,966,2995,1107,3054,1259,1749
6330252,448.26,308.325,461.7,312.225,966,3011,1106,3058,1259,1751
6330254,448.9,308.625,461.86,311.25,973,3014,1109,3047,1256,1750
6330256,448.18,308.25,461.38,310.575,965,3010,1104,3040,1262,1755
6330258,448.42,306.9,461.38,311.7,968,2995,1104,3052,1261,1751
6330260,448.82,307.8,461.7,311.775,973,3005,1107,3053,1256,1753
6330262,448.66,307.5,461.7,310.95,971,3002,1107,3044,1262,1754
6330264,447.86,307.725,461.78,311.025,963,3004,1109,3045,1264,1754
6330266,447.7,307.35,461.54,311.55,962,3000,1106,3051,1265,1752
6330268,447.62,307.2,461.7,310.725,961,2998,1108,3042,1265,1760
6330270,447.86,307.95,461.54,312.15,963,3006,1106,3057,1265,1753
6330272,448.66,307.575,461.7,312.3,972,3003,1108,3059,1265,1756
6330274,448.5,308.1,462.26,310.875,971,3009,1115,3043,1268,1764
6330276,448.1,307.275,461.46,312.15,966,2999,1105,3057,1267,1756
6330278,448.1,308.175,461.54,311.7,967,3009,1107,3052,1266,1758
6330280,448.58,308.775,462.26,310.275,972,3016,1115,3037,1270,1768
6330282,447.94,308.325,462.02,312.375,965,3011,1112,3060,1270,1758
6330284,447.54,307.65,462.18,311.7,961,3003,1114,3053,1269,1762
6330286,447.7,308.55,461.78,312,963,3013,1110,3056,1271,1759
6330288,448.02,309.225,461.86,310.725,967,3021,1112,3042,1264,1763
6330290,447.46,306.9,461.78,312.375,962,2995,1110,3060,1267,1760
6330292,448.42,308.1,462.26,310.95,971,3009,1116,3044,1267,1766
6330294,447.78,308.4,461.78,310.575,965,3012,1112,3040,1266,1766
6330296,447.78,308.925,462.26,311.775,965,3017,1117,3054,1268,1761
6330298,447.7,308.175,462.42,310.05,965,3009,1119,3035,1264,1767
6330300,448.34,308.175,462.1,310.35,971,3010,1115,3038,1265,1768
6330302,447.94,308.025,462.26,309.75,967,3007,1117,3031,1267,1768
6330304,447.62,307.95,462.5,309.825,964,3007,1120,3032,1268,1770
6330306,448.18,308.1,462.02,309.975,970,3008,1115,3033,1268,1767
6330308,447.46,306.675,462.42,309.6,963,2992,1120,3029,1267,1770
6330310,448.82,306.975,462.18,309.75,977,2996,1117,3031,1274,1770
6330312,447.94,306.825,462.1,309.15,968,2994,1117,3024,1270,1772
6330314,448.74,306.225,462.42,309.375,977,2987,1121,3027,1265,1770
6330316,447.78,307.425,462.74,308.7,967,3000,1124,3019,1273,1775
6330318,448.18,307.725,462.5,309.075,972,3003,1121,3023,1272,1772
6330320,448.18,306.3,462.74,308.625,972,2988,1124,3019,1267,1775
6330322,448.82,306.675,462.82,309.15,978,2992,1125,3024,1276,1775
6330324,448.5,306.45,462.5,308.7,975,2990,1122,3019,1278,1776
6330326,448.9,306.075,462.66,308.7,980,2985,1124,3019,1278,1776
6330328,448.34,306.6,462.66,309.075,974,2991,1125,3023,1277,1775
6330330,449.14,307.65,462.74,308.925,983,3003,1126,3021,1278,1777
6330332,449.46,305.85,462.9,308.85,987,2983,1128,3021,1280,1776
6330334,448.82,307.2,462.66,308.925,980,2997,1126,3021,1280,1777
6330336,448.5,307.425,462.74,309.375,977,2999,1126,3026,1275,1776
6330338,448.1,307.95,462.58,309.525,973,3005,1125,3027,1276,1779
6330340,448.74,307.65,462.66,308.85,980,3002,1126,3020,1273,1779
6330342,449.22,306.975,463.06,309.6,985,2994,1130,3028,1276,1780
6330344,448.34,306.9,462.74,309.075,976,2994,1127,3022,1273,1778
6330346,448.58,306.825,463.14,309.3,979,2992,1132,3025,1278,1779
6330348,449.38,307.125,462.98,309.45,988,2996,1131,3026,1277,1781
6330350,448.58,307.575,463.14,309.525,980,3001,1133,3027,1273,1779
6330352,448.82,307.425,462.82,309.075,983,2999,1130,3022,1279,1781
6330354,448.58,308.175,463.06,309.675,980,3007,1132,3029,1277,1783
6330356,449.38,307.8,462.98,308.7,989,3003,1132,3017,1276,1784
6330358,449.62,307.725,463.06,309.075,992,3002,1134,3021,1278,1781
6330360,448.34,308.4,463.3,309.525,979,3009,1136,3027,1280,1787
6330362,449.62,307.5,462.66,308.7,993,3000,1130,3017,1286,1785
6330364,448.82,306.75,463.14,309.3,985,2991,1135,3024,1289,1786
6330366,449.3,307.35,462.9,309.15,990,2998,1133,3022,1287,1787
6330368,449.62,307.65,462.74,308.475,994,3001,1132,3014,1285,1790
6330370,449.06,307.5,462.98,309.45,988,2999,1134,3026,1291,1786
6330372,450.02,306.3,462.82,308.475,999,2986,1133,3015,1286,1797
6330374,449.06,306.15,462.74,308.85,989,2985,1133,3019,1288,1789
6330376,448.98,306.45,463.62,308.175,988,2988,1141,3012,1288,1789
6330378,449.7,306.9,462.74,308.55,995,2993,1133,3016,1288,1798
6330380,449.78,306.375,462.66,308.7,997,2987,1132,3017,1288,1792
6330382,449.14,306.3,463.22,309.375,990,2986,1137,3025,1293,1792
6330384,449.3,306.3,462.74,308.025,992,2986,1133,3010,1293,1794
6330386,449.46,306.75,462.5,308.85,994,2991,1131,3019,1291,1793
6330388,449.22,306,462.82,309,992,2983,1134,3021,1294,1794
6330390,449.14,306.975,462.02,308.7,990,2994,1125,3018,1290,1798
6330392,448.98,306.75,462.58,308.85,989,2992,1131,3020,1287,1796
6330394,449.3,307.35,463.06,309.45,992,2999,1136,3026,1288,1796
6330396,450.26,307.275,462.74,307.875,1002,2998,1133,3009,1288,1801
6330398,449.62,305.1,462.34,309.15,996,2974,1129,3022,1288,1800
6330400,449.06,306.3,462.34,309.3,990,2987,1129,3024,1285,1801
6330402,448.66,307.8,462.1,308.85,986,3003,1127,3019,1292,1807
6330404,449.46,306.375,462.42,307.875,994,2988,1130,3008,1291,1799
6330406,449.3,306.6,462.34,308.85,992,2991,1129,3020,1288,1803
6330408,448.5,307.425,462.02,308.25,983,2999,1126,3013,1294,1806
6330410,449.46,306.15,461.94,308.4,994,2986,1124,3015,1292,1808
6330412,449.22,306.75,462.34,308.4,992,2992,1129,3015,1293,1802
6330414,448.82,306.975,462.42,308.325,987,2995,1129,3014,1293,1811
6330416,449.06,306.225,461.78,308.4,990,2986,1123,3015,1290,1809
6330418,449.78,305.925,462.26,308.7,997,2983,1128,3018,1291,1806
6330420,449.06,307.35,461.86,308.625,989,2998,1123,3017,1293,1809
6330422,448.82,305.25,462.1,309.675,987,2975,1126,3028,1293,1808
6330424,448.74,305.1,461.22,308.85,987,2974,1117,3019,1299,1815
6330426,448.74,306.975,461.94,308.475,986,2995,1125,3015,1303,1812
6330428,449.3,306.3,461.38,309,992,2987,1118,3021,1301,1812
6330430,449.62,305.55,461.78,307.95,995,2979,1123,3009,1298,1810
6330432,449.62,306.15,461.22,308.475,995,2986,1117,3015,1298,1815
6330434,449.46,304.5,462.02,308.4,994,2968,1125,3015,1296,1810
6330436,449.14,306.825,461.46,308.25,990,2993,1119,3012,1299,1815
6330438,448.42,307.35,461.86,308.925,982,2998,1123,3020,1297,1815
6330440,449.22,306,461.7,308.4,990,2984,1121,3014,1299,1811
6330442,449.06,305.55,461.7,308.775,989,2979,1121,3018,1302,1819
6330444,448.98,306.525,461.22,309.3,988,2989,1116,3024,1296,1819
6330446,449.78,306.6,461.22,308.25,995,2990,1116,3012,1302,1815
6330448,449.3,307.05,461.7,309.45,990,2995,1120,3026,1304,1819
6330450,448.9,306.375,461.38,309.45,986,2988,1116,3026,1299,1820
6330452,449.06,306.375,461.38,309.75,987,2988,1116,3029,1302,1822
6330454,449.38,308.475,461.7,309.525,990,3012,1119,3028,1301,1821
6330456,448.74,306.45,460.98,310.05,983,2989,1111,3032,1302,1822
6330458,449.22,307.5,461.38,310.125,988,3001,1115,3034,1299,1825
6330460,449.06,308.325,461.86,309.75,986,3010,1120,3030,1306,1826
6330462,449.22,307.05,461.54,309.525,988,2996,1116,3028,1305,1826
6330464,449.78,306.9,461.54,309.825,994,2995,1116,3031,1306,1827
6330466,449.78,307.125,461.46,310.35,993,2998,1115,3037,1308,1823
6330468,449.62,306.675,461.46,309.75,992,2993,1115,3031,1309,1828
6330470,449.54,307.875,460.9,309.6,990,3006,1109,3028,1304,1828
6330472,449.38,306.075,461.22,309.825,988,2986,1113,3031,1308,1830
6330474,449.22,305.4,461.86,309.825,987,2979,1118,3031,1309,1830
6330476,449.62,305.7,461.78,309.225,991,2982,1118,3025,1308,1829
6330478,449.78,306.225,461.38,308.925,992,2989,1113,3022,1308,1832
6330480,449.46,305.85,461.7,309.075,989,2984,1117,3024,1314,1832
6330482,449.14,305.55,461.54,308.85,985,2980,1115,3021,1308,1830
6330484,450.82,305.1,461.86,308.775,1002,2976,1118,3021,1304,1832
6330486,450.42,305.4,461.7,308.775,998,2980,1116,3021,1306,1833
6330488,450.1,304.875,461.7,309.45,994,2974,1116,3028,1307,1832
6330490,450.42,304.5,461.78,308.85,998,2970,1116,3021,1305,1831
6330492,450.5,304.5,461.94,308.55,999,2970,1118,3018,1306,1831
6330494,450.26,304.125,461.94,309,996,2966,1118,3024,1304,1834
6330496,449.94,304.65,461.62,308.55,993,2971,1114,3018,1307,1831
6330498,450.18,305.625,461.78,308.85,995,2982,1116,3021,1309,1833
6330500,450.98,303.6,461.94,309.375,1004,2960,1118,3027,1307,1833
6330502,450.66,304.125,461.94,309.3,1000,2966,1117,3026,1307,1833
6330504,450.9,304.875,461.94,308.85,1003,2974,1118,3021,1308,1832
6330506,450.5,305.025,461.94,309.225,998,2975,1117,3026,1304,1835
6330508,451.22,304.575,461.54,308.85,1006,2971,1114,3021,1310,1835
6330510,450.9,305.7,461.86,309.225,1002,2983,1117,3026,1317,1836
6330512,452.1,304.725,463.3,309.675,1016,2973,1132,3031,1309,1839
6330514,452.74,303.675,463.7,308.85,1023,2961,1137,3022,1305,1840
6330516,452.58,305.625,464.34,308.55,1021,2983,1143,3019,1316,1839
6330518,453.7,303.45,465.06,308.7,1033,2959,1151,3020,1310,1841
6330520,453.86,304.05,466.02,307.575,1035,2965,1161,3008,1315,1839
6330522,453.86,303.6,465.22,307.575,1035,2960,1153,3008,1311,1839
6330524,453.62,302.625,464.9,306.825,1033,2949,1150,3000,1311,1842
6330526,453.3,302.925,464.18,306.675,1029,2953,1143,2998,1306,1841
6330528,452.58,303.975,463.62,306.375,1021,2964,1137,2994,1315,1840
6330530,452.5,303,463.14,307.05,1021,2954,1132,3001,1314,1841
6330532,452.74,304.05,462.9,306.975,1023,2965,1129,3000,1314,1843
6330534,452.9,302.7,462.5,307.275,1025,2950,1125,3004,1312,1841
6330536,452.66,303.6,462.98,306.825,1022,2960,1130,2999,1312,1842
6330538,452.58,303.45,462.34,307.125,1023,2958,1124,3002,1316,1841
6330540,452.26,303.3,461.94,307.725,1019,2956,1119,3008,1314,1841
6330542,452.9,303.825,462.58,307.35,1026,2962,1126,3004,1315,1842
6330544,452.26,304.95,462.34,307.8,1019,2975,1124,3009,1316,1842
6330546,452.9,303.15,462.42,307.95,1026,2955,1124,3011,1313,1846
6330548,452.66,304.725,462.42,307.875,1023,2972,1124,3010,1316,1844
6330550,452.34,304.575,462.66,308.025,1020,2970,1127,3012,1320,1847
6330552,451.94,302.775,462.42,307.725,1016,2951,1125,3009,1314,1847
6330554,452.66,303.15,462.66,307.8,1023,2955,1127,3010,1313,1848
6330556,452.82,303.075,462.58,307.2,1025,2955,1127,3002,1315,1849
6330558,452.74,303.15,462.9,307.5,1025,2955,1130,3006,1315,1850
6330560,452.42,303.75,462.9,307.35,1021,2961,1130,3005,1315,1849
6330562,452.18,304.35,462.5,306.975,1019,2968,1126,3000,1315,1848
6330564,452.26,303.525,462.82,307.425,1019,2959,1129,3006,1317,1852
6330566,452.18,304.05,462.74,307.425,1019,2965,1129,3006,1320,1849
6330568,452.1,304.575,462.5,307.35,1018,2971,1127,3005,1321,1850
6330570,452.42,302.85,462.5,307.8,1022,2952,1126,3010,1322,1853
6330572,452.58,303.675,462.58,307.2,1023,2961,1127,3003,1319,1852
6330574,452.9,303.975,462.66,307.5,1026,2965,1128,3006,1321,1853
6330576,452.18,302.925,462.98,307.8,1019,2952,1131,3010,1321,1855
6330578,452.18,302.25,462.42,308.025,1019,2945,1126,3012,1319,1855
6330580,452.5,304.05,462.82,308.025,1022,2965,1130,3012,1320,1855
6330582,451.38,303.375,462.58,307.95,1011,2957,1128,3011,1327,1856
6330584,452.1,302.85,462.98,307.5,1019,2952,1132,3006,1315,1854
6330586,452.82,302.325,462.74,307.65,1026,2947,1129,3008,1315,1854
6330588,452.9,303.45,462.5,307.275,1026,2959,1126,3004,1319,1854
6330590,452.42,303.9,462.9,307.65,1022,2963,1131,3008,1320,1855
6330592,452.26,303.3,462.66,307.425,1020,2957,1128,3005,1317,1857
6330594,452.66,302.925,462.82,307.125,1025,2953,1131,3003,1318,1857
6330596,451.94,303.15,462.9,307.575,1018,2955,1131,3007,1320,1857
6330598,452.18,302.1,462.58,307.95,1020,2943,1128,3011,1313,1859
6330600,451.7,304.2,462.82,307.5,1015,2966,1130,3006,1317,1857
6330602,452.34,303.3,462.9,306.975,1022,2956,1132,3000,1320,1861
6330604,451.94,304.425,462.42,307.575,1017,2968,1127,3007,1322,1859
6330606,452.18,303.525,463.06,307.65,1021,2959,1133,3007,1319,1859
6330608,452.5,303.675,463.14,307.65,1024,2960,1135,3008,1319,1862
6330610,452.42,302.775,462.74,307.2,1023,2950,1130,3003,1316,1862
6330612,451.94,303.15,462.74,307.35,1018,2954,1131,3004,1322,1864
6330614,452.34,303.9,463.14,307.2,1023,2962,1135,3003,1323,1861
6330616,451.86,302.1,462.58,307.65,1018,2942,1129,3007,1317,1861
6330618,452.5,304.2,462.82,307.875,1025,2966,1132,3009,1320,1860
6330620,452.34,303.75,462.82,307.425,1023,2961,1132,3005,1323,1862
6330622,452.1,303.9,462.5,307.95,1021,2962,1129,3010,1322,1860
6330624,452.1,304.425,462.9,307.65,1021,2968,1133,3007,1324,1862
6330626,452.98,303.675,462.5,307.425,1030,2960,1129,3004,1320,1865
6330628,451.62,304.05,462.58,307.725,1016,2963,1130,3008,1322,1861
6330630,452.42,303.375,462.66,307.575,1025,2956,1132,3006,1318,1863
6330632,452.26,304.2,462.9,307.875,1023,2965,1134,3009,1318,1863
6330634,452.26,304.425,462.34,308.175,1024,2968,1129,3012,1322,1866
6330636,452.26,302.775,462.5,307.425,1024,2949,1131,3003,1318,1864
6330638,452.34,305.925,462.5,308.025,1024,2984,1131,3010,1325,1863
6330640,452.02,304.05,462.74,308.175,1022,2963,1134,3012,1321,1860
6330642,452.26,305.175,462.18,307.575,1025,2976,1128,3005,1327,1864
6330644,452.5,303.6,462.34,307.35,1027,2958,1129,3003,1319,1863
6330646,451.62,304.65,462.42,307.275,1018,2969,1131,3002,1318,1863
6330648,452.1,302.775,462.66,307.35,1023,2949,1133,3003,1321,1865
6330650,451.86,303.3,462.34,307.35,1021,2955,1130,3002,1321,1863
6330652,452.1,304.725,462.42,307.5,1023,2970,1130,3005,1327,1863
6330654,451.7,303,462.34,307.425,1019,2952,1130,3003,1321,1864
6330656,452.5,303.825,462.5,307.125,1028,2961,1132,3000,1322,1865
6330658,451.86,303.525,462.26,307.95,1022,2957,1130,3009,1321,1865
6330660,451.94,302.175,462.02,307.425,1023,2942,1127,3003,1321,1868
6330662,452.42,304.575,462.18,307.275,1027,2969,1129,3002,1322,1864
6330664,451.62,305.25,462.1,306.975,1019,2976,1128,2998,1325,1867
6330666,452.26,302.775,462.18,307.35,1027,2949,1129,3002,1323,1867
6330668,452.02,302.55,462.42,307.35,1024,2946,1131,3002,1323,1868
6330670,451.78,303.225,461.94,306.525,1021,2954,1127,2993,1325,1867
6330672,452.18,302.775,461.86,307.8,1025,2949,1126,3007,1332,1867
6330674,452.74,303.675,461.86,307.725,1031,2959,1126,3007,1326,1867
6330676,451.78,301.575,462.1,307.95,1022,2935,1128,3009,1322,1867
6330678,451.62,303.975,461.7,307.65,1019,2962,1124,3006,1326,1867
6330680,451.7,303.9,462.34,307.125,1020,2962,1131,3000,1324,1869
6330682,451.78,303.6,462.02,308.175,1021,2958,1127,3012,1319,1863
6330684,452.58,303.375,462.1,308.325,1029,2956,1128,3014,1319,1864
6330686,452.34,303.675,461.78,308.625,1027,2960,1124,3017,1322,1867
6330688,452.42,304.2,462.02,307.875,1027,2965,1127,3009,1323,1864
6330690,452.82,303.975,462.02,308.25,1031,2963,1127,3014,1319,1868
6330692,451.7,304.2,461.94,307.95,1020,2966,1126,3010,1327,1865
6330694,452.34,303.9,462.34,308.475,1026,2963,1130,3016,1318,1862
6330696,451.54,304.95,462.5,308.25,1018,2974,1132,3014,1323,1865
6330698,451.46,305.1,462.42,308.7,1017,2976,1131,3019,1328,1863
6330700,452.26,303.975,462.02,308.475,1025,2964,1126,3017,1321,1866
6330702,452.58,304.8,462.18,308.55,1029,2973,1128,3017,1322,1865
6330704,452.02,304.125,462.02,309.15,1023,2965,1127,3024,1326,1866
6330706,452.1,304.2,462.26,308.475,1024,2967,1129,3017,1324,1864
6330708,451.86,304.5,462.1,308.925,1021,2970,1128,3022,1321,1865
6330710,452.26,304.65,462.26,308.85,1025,2971,1130,3021,1320,1864
6330712,452.18,304.425,462.34,308.7,1024,2970,1130,3020,1326,1866
6330714,451.86,304.275,462.1,308.925,1021,2968,1128,3022,1324,1865
6330716,452.74,303.9,462.26,308.85,1031,2964,1130,3022,1320,1864
6330718,452.82,303.825,462.34,308.7,1031,2963,1131,3020,1321,1866
6330720,452.26,304.5,461.94,308.625,1026,2971,1126,3019,1323,1864
6330722,452.5,303.825,461.94,308.7,1028,2964,1126,3020,1321,1866
6330724,452.34,304.125,462.02,308.325,1027,2966,1127,3016,1322,1864
6330726,452.82,303.225,461.78,308.7,1032,2957,1125,3020,1318,1865
6330728,453.14,304.2,461.94,308.7,1035,2968,1126,3020,1321,1866
6330730,452.74,304.65,462.02,308.4,1030,2973,1127,3017,1325,1865
6330732,452.26,303,462.18,308.25,1026,2954,1129,3015,1322,1863
6330734,452.42,303.675,461.78,307.95,1028,2962,1125,3012,1320,1861
6330736,452.26,303.525,462.26,307.575,1026,2960,1130,3008,1324,1863
6330738,452.9,303.15,462.02,308.4,1033,2956,1128,3017,1324,1864
6330740,451.7,303.975,462.02,307.875,1020,2965,1127,3011,1322,1859
6330742,452.26,304.35,461.86,308.4,1026,2969,1126,3016,1323,1863
6330744,451.54,303.375,462.02,307.725,1019,2958,1127,3010,1321,1863
6330746,452.74,302.1,462.34,308.1,1032,2945,1131,3013,1323,1860
6330748,452.1,303,462.02,307.65,1024,2954,1128,3008,1320,1859
6330750,452.98,302.025,462.34,307.65,1033,2944,1130,3009,1322,1859
6330752,452.58,302.475,462.02,308.25,1029,2949,1127,3015,1322,1861
6330754,452.18,303.675,461.94,307.8,1024,2961,1126,3010,1320,1860
6330756,452.42,302.925,462.1,307.95,1027,2953,1127,3012,1322,1861
6330758,452.26,302.325,462.18,307.575,1026,2947,1129,3008,1316,1857
6330760,452.1,302.175,462.18,307.575,1024,2946,1128,3008,1319,1859
6330762,452.34,302.7,462.42,307.875,1027,2951,1131,3012,1319,1859
6330764,453.06,302.175,461.94,307.725,1034,2945,1126,3009,1317,1860
6330766,452.5,303.75,462.18,307.5,1027,2963,1128,3008,1318,1859
6330768,452.58,303.525,462.26,307.95,1028,2960,1129,3012,1321,1862
6330770,452.5,303.375,462.02,308.55,1027,2959,1126,3019,1323,1860
6330772,452.42,304.275,462.34,307.725,1027,2969,1129,3010,1320,1858
6330774,451.78,304.05,462.18,308.025,1019,2967,1128,3013,1319,1861
6330776,452.5,303.375,462.42,309.225,1027,2960,1130,3027,1322,1861
6330778,451.86,303.375,462.66,308.85,1020,2959,1132,3023,1322,1861
6330780,452.42,304.05,462.26,308.325,1025,2967,1128,3017,1322,1859
6330782,452.42,303.225,462.82,309.9,1026,2959,1133,3035,1321,1856
6330784,452.18,302.625,462.5,309.375,1024,2952,1130,3029,1318,1857
6330786,451.38,304.65,462.34,309.525,1014,2974,1128,3032,1320,1858
6330788,451.94,302.775,462.66,309.6,1020,2954,1131,3032,1322,1858
6330790,452.5,303.3,462.34,309.225,1026,2960,1128,3028,1322,1858
6330792,452.58,304.95,462.42,309.6,1026,2978,1128,3033,1324,1855
6330794,453.14,304.05,462.82,309.975,1032,2969,1132,3037,1323,1856
6330796,451.94,304.5,462.58,309.6,1019,2973,1130,3033,1327,1856
6330798,452.34,304.05,462.42,309.525,1024,2969,1128,3033,1319,1855
6330800,452.82,303.075,462.98,309.6,1029,2958,1134,3033,1321,1855
6330802,452.66,304.875,462.66,309.675,1027,2978,1131,3035,1321,1856
6330804,452.1,304.8,462.42,309.525,1021,2977,1128,3033,1321,1855
6330806,453.14,304.275,462.42,310.125,1032,2972,1127,3039,1320,1853
6330808,452.66,305.175,462.58,309.45,1026,2982,1129,3032,1325,1858
6330810,452.5,304.575,462.34,309.45,1024,2975,1127,3032,1319,1855
6330812,452.9,303.6,462.98,309.45,1028,2964,1133,3032,1322,1854
6330814,452.58,303,462.58,309.45,1025,2958,1129,3032,1316,1856
6330816,452.34,304.725,462.42,309.825,1022,2976,1127,3037,1321,1857
6330818,452.66,303.825,463.06,309.075,1026,2967,1134,3028,1324,1853
6330820,452.82,303.45,462.5,309.45,1027,2963,1128,3032,1318,1855
6330822,452.58,305.325,462.26,309.375,1024,2983,1125,3031,1318,1854
6330824,452.58,303.15,462.34,309.45,1025,2959,1126,3032,1317,1855
6330826,451.62,304.2,462.26,309.3,1014,2971,1124,3030,1320,1854
6330828,452.58,303,462.1,309.525,1024,2957,1123,3033,1316,1852
6330830,452.26,304.875,462.42,309.3,1020,2977,1126,3029,1319,1854
6330832,452.1,303.975,461.7,309.45,1019,2968,1118,3031,1318,1847
6330834,452.26,302.625,462.42,309.525,1020,2952,1125,3031,1317,1851
6330836,452.26,303.375,461.38,309.825,1020,2960,1114,3034,1322,1848
6330838,451.86,303.675,461.78,310.125,1015,2963,1118,3037,1316,1851
6330840,451.78,302.625,461.94,309.675,1015,2951,1120,3032,1320,1851
6330842,452.34,302.55,461.54,309.75,1020,2950,1115,3032,1315,1847
6330844,451.62,303.6,461.3,310.05,1012,2961,1112,3036,1318,1847
6330846,452.5,303.525,461.86,309.825,1021,2960,1117,3032,1316,1847
6330848,451.94,304.2,461.62,309.75,1015,2967,1115,3031,1318,1849
6330850,452.26,304.35,461.7,309.825,1017,2968,1115,3031,1316,1846
6330852,452.1,304.125,462.02,309.675,1016,2965,1119,3030,1321,1847
6330854,451.94,303.45,461.7,309.75,1014,2957,1115,3030,1316,1845
6330856,451.7,303.375,461.22,309.45,1011,2957,1109,3026,1315,1844
6330858,452.66,302.85,461.3,310.05,1021,2950,1110,3032,1317,1846
6330860,452.58,302.925,461.3,310.125,1020,2951,1110,3033,1316,1846
6330862,452.5,302.85,461.3,309.375,1019,2949,1109,3024,1314,1842
6330864,452.34,302.475,462.1,309.75,1017,2945,1118,3028,1316,1842
6330866,452.66,303.6,461.86,309.525,1020,2956,1115,3025,1314,1841
6330868,452.42,304.5,461.7,309.3,1017,2967,1113,3022,1318,1842
6330870,453.14,303.3,462.26,309.75,1025,2952,1119,3026,1319,1841
6330872,452.82,304.05,462.26,309.45,1022,2960,1119,3023,1321,1842
6330874,453.06,303.45,461.78,310.2,1023,2953,1114,3030,1317,1842
6330876,452.66,302.175,461.86,309.525,1020,2939,1115,3023,1311,1843
6330878,452.66,303.75,462.1,309.75,1019,2955,1117,3024,1316,1841
6330880,452.74,302.475,462.18,309.825,1021,2941,1117,3025,1313,1842
6330882,452.98,303.75,462.34,309.525,1023,2955,1119,3021,1313,1837
6330884,453.46,303,462.5,309.675,1028,2947,1121,3023,1315,1843
6330886,453.14,303.75,462.1,310.05,1025,2954,1116,3027,1312,1841
6330888,453.22,304.425,462.9,310.125,1025,2961,1125,3028,1316,1838
6330890,453.38,304.425,462.98,310.65,1027,2961,1126,3033,1315,1841
6330892,453.06,304.5,462.9,310.425,1024,2961,1125,3030,1313,1839
6330894,453.7,305.175,463.22,310.275,1030,2969,1128,3028,1317,1836
6330896,453.54,303.15,462.82,310.65,1029,2946,1124,3032,1313,1839
6330898,453.7,304.8,463.3,310.2,1030,2964,1129,3027,1312,1836
6330900,453.06,304.425,463.14,310.275,1023,2960,1128,3028,1314,1833
6330902,453.86,305.025,463.62,310.725,1031,2966,1132,3032,1313,1840
6330904,453.54,304.425,463.46,311.025,1028,2959,1131,3035,1314,1840
6330906,452.82,304.35,463.94,311.175,1021,2957,1136,3037,1314,1837
6330908,454.02,304.425,463.7,311.025,1033,2959,1134,3035,1313,1838
6330910,453.14,304.5,463.7,311.775,1025,2959,1134,3043,1313,1836
6330912,453.86,305.325,464.1,311.4,1032,2969,1139,3039,1314,1835
6330914,453.86,305.625,463.78,311.925,1033,2972,1135,3044,1312,1840
6330916,454.02,304.65,464.18,311.7,1035,2961,1139,3042,1312,1834
6330918,453.86,305.175,464.1,311.7,1033,2966,1139,3042,1309,1834
6330920,454.66,304.65,463.94,312.075,1042,2961,1137,3046,1315,1836
6330922,453.7,305.55,464.34,312.15,1032,2971,1142,3046,1319,1835
6330924,453.54,304.725,463.86,311.4,1031,2961,1137,3038,1311,1838
6330926,453.86,304.8,464.18,311.325,1034,2963,1140,3038,1311,1837
6330928,454.18,306.525,464.1,311.7,1037,2982,1140,3042,1314,1834
6330930,454.26,304.2,464.02,312.15,1038,2956,1139,3047,1310,1838
6330932,454.18,306,464.1,311.7,1037,2976,1139,3042,1312,1832
6330934,453.54,305.175,464.26,311.475,1031,2967,1141,3040,1312,1833
6330936,454.02,304.65,464.18,311.325,1036,2961,1141,3038,1313,1834
6330938,454.02,305.625,464.58,311.475,1036,2972,1145,3040,1309,1833
6330940,453.86,303.9,464.5,311.25,1035,2953,1145,3037,1311,1835
6330942,455.22,303.3,464.26,310.65,1049,2947,1142,3031,1310,1836
6330944,453.06,303.6,464.42,311.025,1027,2949,1144,3035,1313,1833
6330946,453.78,305.025,464.58,310.725,1034,2965,1147,3032,1313,1831
6330948,454.34,304.05,464.26,310.575,1041,2955,1143,3030,1310,1836
6330950,453.7,304.65,463.86,310.05,1035,2962,1139,3024,1308,1837
6330952,453.78,303.75,464.42,310.575,1036,2952,1145,3030,1307,1835
6330954,453.94,304.2,464.34,310.5,1038,2957,1145,3030,1311,1835
6330956,453.94,303.75,464.18,310.725,1037,2952,1144,3032,1311,1835
6330958,454.02,305.1,463.78,310.5,1038,2967,1139,3030,1310,1836
6330960,453.06,303,464.58,310.2,1029,2944,1148,3027,1316,1836
6330962,453.14,303.6,464.26,310.05,1029,2951,1144,3025,1312,1836
6330964,453.3,304.5,464.02,309.975,1031,2960,1142,3024,1313,1834
6330966,454.42,302.475,464.18,309.975,1043,2939,1144,3024,1309,1835
6330968,452.9,305.25,463.94,310.575,1027,2969,1142,3031,1312,1836
6330970,454.1,304.05,464.26,310.65,1039,2957,1145,3033,1309,1836
6330972,453.14,303.6,464.1,310.95,1029,2951,1143,3036,1312,1837
6330974,454.18,303.825,464.26,310.8,1041,2954,1145,3035,1312,1837
6330976,453.3,304.8,464.18,310.425,1032,2965,1144,3030,1309,1835
6330978,452.9,304.2,463.94,310.05,1028,2958,1142,3026,1311,1836
6330980,453.62,304.2,463.7,311.025,1035,2959,1139,3037,1309,1836
6330982,452.9,304.275,463.86,310.425,1028,2959,1141,3031,1309,1838
6330984,453.3,304.575,463.54,310.575,1031,2963,1137,3033,1308,1836
6330986,454.1,305.025,464.1,311.1,1039,2969,1143,3039,1309,1838
6330988,454.26,305.1,463.94,310.875,1041,2970,1141,3036,1313,1837
6330990,452.98,306,463.86,311.325,1027,2980,1140,3041,1312,1834
6330992,453.78,305.025,464.18,311.475,1036,2969,1143,3043,1315,1835
6330994,453.22,306.075,463.54,312.225,1029,2980,1136,3051,1311,1838
6330996,452.9,305.775,463.7,311.625,1026,2977,1138,3045,1312,1837
6330998,453.3,305.475,463.38,312.225,1030,2975,1134,3052,1310,1839
6331000,453.78,305.325,463.62,312.15,1036,2973,1136,3051,1310,1838
6331002,452.9,306.75,463.7,311.4,1025,2989,1138,3043,1313,1836
6331004,452.1,306.075,463.38,312.075,1017,2981,1134,3051,1313,1840
6331006,453.06,304.95,463.14,312.675,1027,2969,1131,3058,1312,1843
6331008,453.22,306.225,463.3,312.3,1029,2984,1133,3054,1309,1840
6331010,453.22,306.15,463.3,312.15,1029,2983,1132,3052,1312,1840
6331012,452.26,305.925,462.5,312.525,1019,2980,1124,3057,1311,1846
6331014,452.74,306.975,463.3,311.175,1023,2992,1133,3042,1315,1842
6331016,452.98,304.575,462.66,311.925,1026,2966,1126,3050,1312,1843
6331018,453.46,305.475,463.38,311.475,1031,2976,1134,3045,1310,1846
6331020,452.58,304.2,463.14,310.95,1022,2961,1131,3040,1316,1845
6331022,453.14,305.1,462.74,310.8,1027,2971,1126,3038,1313,1850
6331024,453.06,304.275,463.3,309.525,1027,2963,1133,3024,1312,1839
6331026,453.22,304.05,462.9,309.9,1028,2960,1128,3028,1309,1844
6331028,452.26,304.725,462.74,309.3,1018,2967,1127,3021,1309,1845
6331030,452.74,304.65,463.06,309.525,1023,2966,1130,3023,1313,1840
6331032,452.58,303.45,463.06,309.375,1021,2953,1130,3022,1310,1844
6331034,452.58,304.5,463.06,308.85,1021,2965,1130,3016,1310,1845
6331036,453.22,303.375,462.82,308.7,1028,2952,1127,3014,1309,1841
6331038,453.38,303.225,462.98,309,1029,2950,1129,3017,1308,1846
6331040,453.38,303.375,463.06,308.625,1030,2952,1130,3013,1311,1844
6331042,452.74,302.85,462.66,308.475,1023,2946,1125,3011,1308,1844
6331044,453.3,303.075,462.9,308.55,1028,2949,1127,3012,1311,1845
6331046,452.82,302.625,462.9,308.775,1023,2943,1128,3014,1311,1841
6331048,452.9,303.375,463.3,308.25,1024,2951,1131,3008,1309,1844
6331050,453.38,302.775,463.14,308.775,1028,2944,1129,3013,1312,1847
6331052,453.14,302.925,462.66,309.15,1026,2945,1124,3017,1311,1848
6331054,453.06,303.525,462.66,308.625,1024,2952,1124,3011,1307,1845
6331056,453.38,302.625,462.82,308.925,1028,2942,1125,3015,1312,1849
6331058,453.06,303.675,463.3,308.775,1024,2953,1130,3013,1312,1846
6331060,452.5,304.05,463.06,308.475,1018,2957,1128,3009,1310,1848
6331062,453.38,302.85,462.9,309.525,1027,2944,1125,3021,1309,1852
6331064,453.46,304.425,462.98,309,1027,2961,1126,3015,1312,1846
6331066,453.14,303.9,463.06,308.475,1024,2955,1127,3008,1309,1851
6331068,453.22,304.425,462.9,309.3,1024,2961,1125,3018,1315,1850
6331070,453.22,303.6,463.3,309.975,1025,2952,1129,3025,1308,1853
6331072,452.66,304.275,463.14,309.075,1019,2959,1127,3015,1309,1851
6331074,453.7,304.2,463.54,309.75,1029,2958,1131,3022,1315,1851
6331076,453.22,303.9,463.14,309.75,1024,2954,1127,3023,1309,1853
6331078,453.7,304.95,463.54,309.675,1028,2966,1130,3022,1313,1851
6331080,453.38,303.825,463.14,309.6,1026,2954,1126,3021,1312,1852
6331082,454.26,303.975,463.54,309.825,1034,2956,1131,3023,1313,1852
6331084,453.46,304.2,463.86,309.975,1026,2958,1133,3025,1311,1851
6331086,452.82,304.65,463.62,309.375,1019,2964,1132,3019,1312,1848
6331088,453.86,303.825,464.26,309.45,1031,2954,1138,3020,1312,1852
6331090,453.46,303,463.62,309.45,1026,2946,1132,3020,1313,1850
6331092,454.42,304.8,464.1,309.45,1036,2966,1136,3020,1309,1850
6331094,453.78,304.8,463.78,309.375,1029,2966,1133,3019,1313,1852
6331096,454.18,304.05,464.34,309.225,1033,2958,1139,3018,1310,1854
6331098,454.1,303.45,464.1,309.45,1033,2952,1137,3021,1307,1852
6331100,454.5,304.95,464.34,309.15,1037,2968,1140,3017,1309,1850
6331102,453.7,303.45,464.18,309.225,1029,2952,1138,3019,1309,1852
6331104,453.7,304.575,464.34,309.225,1029,2964,1139,3019,1312,1853
6331106,454.82,303.975,464.18,309.15,1041,2958,1138,3018,1307,1855
6331108,454.42,303.9,464.18,308.55,1037,2957,1138,3012,1307,1857
6331110,454.34,303.9,464.74,308.55,1037,2957,1145,3012,1309,1853
6331112,454.74,303.3,464.34,309.375,1041,2951,1140,3021,1308,1858
6331114,454.26,304.8,464.34,309.375,1036,2967,1141,3022,1308,1856
6331116,453.7,303.9,464.34,308.775,1031,2958,1141,3015,1313,1856
6331118,454.58,304.2,464.42,309.6,1040,2962,1142,3024,1312,1858
6331120,454.02,304.275,465.14,309,1034,2962,1149,3017,1309,1860
6331122,453.14,303.9,464.74,309.375,1025,2957,1146,3021,1313,1857
6331124,453.3,304.575,464.98,308.7,1027,2965,1149,3015,1310,1861
6331126,453.78,304.425,465.3,308.175,1033,2964,1152,3009,1314,1861
6331128,454.02,303.675,464.58,308.925,1035,2956,1145,3017,1311,1857
6331130,453.38,304.425,465.06,308.4,1029,2963,1150,3011,1311,1857
6331132,453.46,304.275,464.58,308.325,1029,2962,1145,3011,1312,1854
6331134,453.3,303.9,464.42,308.7,1028,2958,1144,3014,1314,1856
6331136,453.46,303.9,464.42,308.7,1029,2959,1143,3014,1309,1855
6331138,453.38,304.5,464.58,308.325,1028,2965,1145,3011,1313,1856
6331140,454.5,302.925,464.58,309.225,1040,2948,1145,3020,1308,1857
6331142,452.98,303.15,464.18,309,1025,2950,1141,3018,1313,1858
6331144,452.9,304.725,464.18,308.7,1023,2967,1141,3015,1316,1856
6331146,453.14,302.925,464.58,308.85,1027,2948,1145,3017,1311,1858
6331148,453.14,304.425,464.18,309.15,1026,2964,1141,3020,1311,1860
6331150,452.74,303.675,464.18,308.475,1022,2956,1140,3013,1313,1861
6331152,453.22,303.15,464.26,309.3,1027,2951,1141,3022,1314,1859
6331154,453.3,303.9,464.26,308.475,1027,2959,1142,3013,1309,1859
6331156,452.98,303.15,464.18,308.7,1025,2951,1141,3015,1311,1858
6331158,453.3,304.2,464.1,308.85,1027,2962,1140,3017,1312,1860
6331160,453.06,303.675,464.26,308.55,1025,2957,1141,3013,1311,1860
6331162,453.3,304.125,464.26,308.1,1027,2962,1141,3009,1311,1857
6331164,452.58,304.725,463.86,308.85,1019,2968,1136,3017,1316,1858
6331166,453.46,303.15,464.42,308.175,1029,2951,1143,3010,1314,1860
6331168,452.82,303.45,464.66,308.775,1022,2954,1145,3016,1316,1859
6331170,452.34,303.375,464.02,308.025,1017,2954,1138,3008,1312,1861
6331172,452.9,303.075,464.66,308.4,1023,2950,1145,3013,1315,1861
6331174,452.9,303,464.58,308.925,1022,2950,1144,3019,1309,1861
6331176,453.46,302.85,464.26,307.95,1028,2948,1140,3008,1311,1862
6331178,452.42,303.375,464.58,308.25,1017,2954,1144,3011,1315,1862
6331180,453.14,303.15,464.34,308.4,1025,2951,1141,3013,1311,1864
6331182,452.82,303.75,464.18,307.35,1021,2958,1139,3002,1312,1860
6331184,452.82,302.85,464.66,307.725,1020,2948,1144,3005,1313,1863
6331186,452.82,303,464.74,308.925,1020,2950,1144,3019,1311,1863
6331188,452.5,303.15,464.5,308.1,1017,2952,1141,3010,1316,1858
6331190,453.14,302.925,464.58,309.15,1023,2949,1142,3021,1316,1859
6331192,452.74,303.225,464.98,308.7,1019,2952,1146,3016,1314,1862
6331194,452.9,304.05,464.18,307.875,1020,2961,1138,3007,1312,1861
6331196,453.46,303.15,464.34,308.7,1026,2951,1139,3016,1317,1861
6331198,452.58,303.3,465.14,309.225,1016,2953,1147,3022,1312,1864
6331200,453.46,303.45,464.34,308.925,1025,2954,1138,3018,1315,1864
6331202,452.98,303.075,464.66,308.925,1020,2950,1141,3018,1316,1862
6331204,452.82,302.85,464.9,309.3,1019,2947,1144,3022,1313,1867
6331206,453.38,303.825,465.14,308.775,1024,2958,1146,3016,1312,1859
6331208,453.14,302.55,464.98,309.375,1021,2943,1144,3023,1316,1866
6331210,453.3,304.05,464.34,309.45,1022,2960,1137,3024,1314,1864
6331212,453.06,303.825,464.74,308.175,1020,2958,1142,3009,1312,1864
6331214,452.74,303.3,464.9,308.85,1016,2951,1143,3017,1312,1864
6331216,453.7,303.525,465.06,308.625,1026,2954,1144,3015,1314,1866
6331218,453.46,302.775,464.82,309.15,1024,2946,1142,3020,1317,1863
6331220,453.3,303.45,464.5,309.225,1022,2953,1138,3021,1312,1864
6331222,452.9,302.925,464.82,308.1,1018,2947,1142,3008,1313,1863
6331224,453.38,303.525,464.82,308.475,1022,2954,1142,3012,1316,1863
6331226,453.22,303.75,464.58,308.925,1021,2956,1139,3017,1313,1860
6331228,452.98,302.775,464.58,307.95,1018,2945,1139,3005,1311,1862
6331230,452.9,303.3,464.26,308.4,1017,2950,1135,3010,1317,1865
6331232,453.46,303.15,465.14,308.1,1024,2949,1145,3007,1313,1861
6331234,452.9,303.3,464.18,307.95,1017,2950,1135,3005,1313,1861
6331236,452.98,303.675,465.14,308.7,1018,2954,1144,3014,1317,1865
6331238,453.38,303.45,464.82,308.025,1022,2952,1141,3006,1314,1865
6331240,452.9,303.3,464.18,307.725,1017,2950,1134,3003,1316,1860
6331242,452.98,302.25,464.66,308.475,1018,2938,1139,3011,1318,1861
6331244,453.06,302.55,464.42,308.55,1019,2942,1137,3011,1315,1861
6331246,452.34,303,464.58,308.1,1011,2946,1138,3006,1316,1862
6331248,452.98,302.625,464.82,308.1,1018,2942,1140,3006,1320,1865
6331250,453.54,303.075,464.82,308.475,1023,2947,1140,3010,1315,1862
6331252,452.82,302.55,464.5,307.2,1015,2941,1137,2996,1315,1861
6331254,453.38,303.15,464.66,308.475,1021,2948,1138,3010,1315,1864
6331256,453.46,302.625,464.9,308.4,1022,2942,1140,3010,1311,1860
6331258,453.22,303.975,464.66,307.95,1019,2957,1138,3004,1311,1862
6331260,452.1,302.025,464.74,308.775,1008,2935,1139,3014,1319,1861
6331262,453.38,302.85,464.9,308.175,1021,2944,1141,3007,1316,1861
6331264,453.3,303,464.42,308.175,1020,2946,1135,3007,1312,1861
6331266,453.22,303.675,464.74,307.65,1019,2953,1139,3000,1319,1867
6331268,452.66,303,465.14,308.175,1013,2946,1142,3007,1315,1865
6331270,452.42,303.75,465.06,309.15,1010,2954,1141,3017,1319,1866
6331272,452.98,304.65,464.74,307.8,1016,2963,1139,3002,1319,1865
6331274,453.22,302.775,465.06,307.725,1019,2944,1141,3001,1319,1862
6331276,453.22,302.925,464.5,308.475,1018,2945,1135,3010,1318,1868
6331278,453.7,304.275,464.5,307.95,1022,2960,1135,3004,1316,1863
6331280,453.7,303.675,464.5,307.725,1023,2953,1136,3002,1316,1863
6331282,453.22,303.375,465.46,308.4,1018,2950,1145,3009,1318,1864
6331284,453.38,303.9,465.06,307.875,1020,2956,1141,3003,1319,1864
6331286,453.22,302.55,464.9,307.875,1018,2941,1139,3004,1319,1866
6331288,453.3,302.7,465.06,307.125,1019,2943,1141,2995,1317,1864
6331290,452.74,302.85,464.5,306.9,1013,2944,1135,2993,1318,1863
6331292,453.22,302.4,464.9,307.65,1018,2939,1139,3001,1319,1867
6331294,453.62,303.825,465.06,307.425,1022,2955,1141,2998,1315,1864
6331296,453.14,302.925,464.9,307.35,1017,2945,1139,2998,1313,1863
6331298,453.22,302.475,464.74,307.95,1018,2941,1138,3004,1321,1865
6331300,453.54,302.4,465.14,307.875,1021,2940,1142,3004,1315,1870
6331302,454.34,302.85,465.22,307.65,1030,2944,1143,3001,1317,1867
6331304,453.06,302.025,464.98,307.5,1016,2936,1140,2999,1321,1868
6331306,453.38,303.975,464.9,308.1,1019,2957,1139,3006,1319,1873
6331308,453.38,302.25,464.58,307.575,1020,2938,1136,3000,1321,1867
6331310,453.54,302.7,465.06,308.025,1021,2943,1140,3006,1319,1870
6331312,452.42,303.075,465.22,308.25,1010,2946,1142,3008,1317,1872
6331314,453.38,302.85,465.14,308.775,1019,2944,1141,3014,1322,1872
6331316,453.62,302.4,464.5,307.5,1022,2939,1135,2999,1317,1865
6331318,452.9,303,464.74,308.025,1015,2946,1137,3005,1319,1866
6331320,452.1,303.15,465.3,307.875,1007,2947,1143,3004,1323,1868
6331322,451.86,304.2,465.22,308.4,1003,2959,1143,3010,1322,1871
6331324,452.26,303.975,464.58,308.25,1007,2957,1136,3007,1323,1867
6331326,453.3,303.6,464.74,308.7,1018,2952,1137,3012,1321,1866
6331328,452.42,301.5,464.42,308.175,1009,2929,1134,3007,1321,1863
6331330,452.82,304.575,464.58,308.325,1012,2963,1135,3008,1326,1866
6331332,452.26,302.175,465.14,307.95,1007,2937,1141,3005,1322,1869
6331334,452.34,302.85,464.98,308.85,1008,2944,1139,3014,1323,1867
6331336,451.7,302.325,464.9,308.625,1001,2938,1139,3012,1325,1871
6331338,452.9,302.7,465.06,308.475,1014,2943,1139,3011,1323,1870
6331340,453.14,303.825,464.98,308.85,1015,2956,1139,3015,1327,1870
6331342,451.78,304.2,464.98,308.7,1002,2959,1139,3013,1327,1869
6331344,452.58,303,464.74,308.475,1010,2946,1136,3010,1327,1871
6331346,452.82,304.05,464.58,308.325,1012,2958,1135,3009,1321,1871
6331348,451.94,302.25,464.98,307.8,1003,2938,1139,3004,1322,1870
6331350,451.94,303.3,464.58,308.625,1003,2950,1134,3013,1325,1867
6331352,452.42,303.6,464.66,308.475,1008,2953,1135,3011,1324,1870
6331354,451.38,302.55,463.86,308.175,996,2942,1126,3008,1325,1869
6331356,452.58,302.25,464.58,308.175,1009,2939,1134,3008,1330,1869
6331358,452.58,303.675,464.5,307.725,1008,2954,1133,3003,1322,1873
6331360,451.46,303.375,464.26,307.65,997,2951,1130,3002,1327,1872
6331362,452.02,303.45,464.1,307.275,1002,2952,1128,2998,1325,1869
6331364,452.18,302.925,464.82,308.325,1005,2947,1135,3010,1329,1872
6331366,452.18,304.05,464.82,308.025,1003,2959,1135,3007,1327,1876
6331368,451.54,302.775,464.98,307.35,997,2945,1137,3000,1326,1872
6331370,452.66,302.625,464.42,307.275,1009,2944,1131,2999,1323,1873
6331372,452.58,302.025,464.9,307.875,1008,2937,1136,3006,1328,1875
6331374,451.54,302.475,464.66,307.2,997,2943,1133,2999,1329,1876
6331376,452.34,301.65,464.74,307.5,1005,2934,1134,3002,1328,1875
6331378,451.78,301.725,464.58,307.575,1000,2934,1133,3003,1327,1879
6331380,451.14,302.775,464.34,306.9,992,2945,1130,2995,1332,1876
6331382,452.26,301.2,464.74,307.575,1005,2929,1134,3003,1328,1878
6331384,452.18,302.625,464.5,307.725,1003,2944,1131,3004,1328,1877
6331386,451.38,302.7,464.1,307.2,994,2945,1127,2999,1327,1878
6331388,451.86,303.45,464.42,307.5,999,2953,1130,3002,1325,1876
6331390,452.34,302.775,464.98,307.65,1004,2946,1135,3004,1324,1877
6331392,450.5,301.65,464.66,307.35,985,2933,1132,3001,1331,1880
6331394,452.18,301.5,464.9,306.975,1002,2932,1134,2997,1329,1876
6331396,452.74,302.25,464.42,307.575,1008,2941,1129,3002,1330,1882
6331398,452.02,302.175,464.82,307.275,1000,2939,1133,2999,1332,1879
6331400,452.5,302.175,464.66,307.2,1005,2939,1131,2999,1328,1880
6331402,452.5,302.775,464.98,306.975,1005,2946,1135,2996,1330,1878
6331404,451.38,301.425,464.5,307.125,993,2931,1130,2998,1330,1881
6331406,452.82,301.65,464.66,306.975,1009,2933,1132,2996,1329,1879
6331408,451.78,302.1,464.9,307.125,997,2938,1134,2998,1332,1881
6331410,451.7,301.425,464.58,307.65,997,2930,1131,3003,1330,1881
6331412,451.62,302.85,464.66,307.2,996,2946,1132,2998,1334,1882
6331414,451.54,304.05,464.98,307.35,994,2959,1135,3000,1334,1879
6331416,451.86,302.925,464.66,307.05,998,2946,1132,2996,1338,1879
6331418,452.26,301.95,464.58,307.275,1002,2936,1131,2998,1329,1880
6331420,451.46,302.625,464.9,306.675,994,2943,1134,2992,1332,1878
6331422,452.42,302.025,464.66,307.275,1004,2936,1131,2998,1334,1880
6331424,451.94,302.55,464.98,306.975,999,2942,1135,2995,1334,1877
6331426,452.5,301.875,465.14,307.125,1006,2935,1137,2996,1333,1879
6331428,452.74,302.025,464.5,306.9,1008,2936,1130,2994,1333,1880
6331430,452.82,302.85,464.58,307.5,1009,2944,1131,3000,1338,1880
6331432,451.86,301.95,464.74,306.75,999,2934,1133,2992,1335,1880
6331434,452.42,302.325,464.74,307.35,1005,2938,1133,2998,1336,1879
6331436,451.94,302.625,464.9,307.2,1000,2942,1135,2996,1334,1880
6331438,452.18,301.8,464.9,306.75,1003,2932,1135,2991,1335,1881
6331440,452.18,300.975,464.74,306.675,1003,2923,1133,2990,1336,1880
6331442,451.86,301.35,465.22,306.75,1000,2927,1139,2991,1338,1881
6331444,452.26,302.1,464.66,306.675,1004,2935,1133,2990,1337,1882
6331446,452.18,302.625,464.42,306.975,1004,2941,1131,2993,1337,1882
6331448,451.78,301.275,464.9,306.9,1000,2926,1136,2992,1335,1883
6331450,451.46,302.325,464.9,307.05,997,2937,1136,2994,1338,1881
6331452,452.26,302.25,464.58,306.45,1005,2936,1133,2987,1336,1884
6331454,452.58,301.725,464.42,306.975,1009,2930,1132,2992,1335,1883
6331456,452.26,301.875,464.34,306.675,1005,2932,1131,2989,1340,1883
6331458,452.74,301.65,464.74,307.05,1010,2930,1135,2994,1337,1882
6331460,452.02,302.7,464.58,306.675,1003,2941,1133,2989,1339,1882
6331462,452.1,302.25,464.74,307.125,1004,2936,1135,2994,1335,1883
6331464,452.02,302.175,464.34,307.05,1003,2935,1131,2993,1341,1884
6331466,452.42,302.025,464.34,307.275,1007,2934,1131,2995,1337,1883
6331468,452.58,302.025,464.66,307.125,1009,2934,1135,2994,1337,1880
6331470,451.86,303.975,464.34,306.975,1001,2955,1131,2992,1342,1886
6331472,451.46,303.225,464.26,307.2,997,2947,1131,2994,1342,1884
6331474,452.1,301.725,464.9,306.975,1005,2930,1137,2992,1335,1885
6331476,451.78,303,464.42,307.125,1000,2944,1132,2994,1342,1887
6331478,451.94,303.15,464.58,307.35,1002,2946,1134,2996,1342,1884
6331480,451.38,303.75,464.1,307.65,996,2952,1129,3000,1342,1884
6331482,452.34,303.375,464.02,307.2,1007,2949,1128,2995,1344,1886
6331484,451.7,301.725,463.94,307.35,1000,2930,1127,2996,1339,1887
6331486,451.94,302.85,464.18,307.875,1002,2943,1130,3002,1339,1885
6331488,452.26,303.45,464.18,306.675,1005,2949,1130,2989,1340,1885
6331490,451.94,302.85,464.26,307.35,1002,2943,1130,2996,1341,1886
6331492,451.86,303.3,463.86,307.275,1001,2948,1126,2995,1337,1886
6331494,451.78,301.575,463.86,307.575,1000,2929,1126,2999,1340,1886
6331496,451.7,303,464.18,307.275,999,2944,1129,2996,1340,1886
6331498,452.26,302.325,464.02,307.125,1005,2937,1128,2994,1339,1887
6331500,451.78,303.45,463.94,307.5,1000,2949,1127,2998,1342,1885
6331502,451.78,302.85,464.02,307.5,1000,2942,1128,2997,1343,1885
6331504,452.02,302.025,463.94,307.875,1003,2933,1126,3002,1339,1889
6331506,451.46,303.45,464.1,307.575,997,2948,1128,2998,1346,1887
6331508,451.7,302.55,464.18,307.2,1000,2939,1129,2994,1345,1885
6331510,451.62,302.475,464.1,307.2,999,2938,1129,2994,1342,1889
6331512,451.7,301.65,464.02,307.425,1000,2928,1128,2997,1341,1890
6331514,452.26,301.875,464.1,306.75,1006,2931,1129,2989,1339,1887
6331516,451.7,301.425,464.1,306.675,1000,2926,1129,2988,1343,1889
6331518,452.34,301.8,464.34,306.525,1007,2930,1131,2986,1343,1885
6331520,451.46,302.1,463.62,305.7,997,2933,1124,2977,1342,1891
6331522,452.34,301.5,463.94,306.3,1007,2926,1127,2983,1338,1889
6331524,452.42,301.5,464.18,306.075,1007,2926,1130,2981,1342,1890
6331526,452.66,302.175,463.78,306.15,1010,2934,1126,2981,1344,1890
6331528,452.5,302.7,464.26,305.55,1008,2939,1131,2975,1347,1893
6331530,452.1,300.6,464.1,306.375,1005,2916,1129,2983,1344,1887
6331532,452.5,302.25,463.86,305.85,1009,2934,1127,2977,1347,1888
6331534,452.66,302.55,464.1,305.85,1010,2937,1129,2977,1342,1886
6331536,452.1,300.225,464.02,305.325,1005,2911,1129,2971,1343,1892
6331538,452.42,302.175,463.86,305.4,1008,2932,1127,2972,1343,1891
6331540,452.5,301.725,463.94,305.325,1009,2927,1128,2971,1341,1890
6331542,452.18,302.025,464.5,305.925,1006,2930,1134,2978,1344,1892
6331544,452.02,302.175,464.58,305.85,1004,2932,1135,2977,1349,1890
6331546,451.94,302.55,464.5,305.325,1004,2936,1135,2971,1346,1892
6331548,453.06,301.575,464.26,306.15,1016,2926,1132,2980,1340,1895
6331550,452.5,302.325,464.18,306.675,1010,2934,1131,2985,1346,1892
6331552,452.02,302.475,464.26,306.6,1005,2935,1132,2984,1348,1894
6331554,452.5,301.8,464.66,307.05,1010,2928,1136,2989,1341,1892
6331556,452.9,302.175,464.02,306.975,1015,2931,1130,2988,1346,1890
6331558,452.18,303.9,464.34,307.125,1006,2950,1133,2990,1343,1892
6331560,452.1,303,464.74,306.525,1006,2940,1138,2984,1344,1896
6331562,452.42,301.2,464.34,307.725,1010,2920,1133,2997,1342,1890
6331564,452.02,303.525,464.66,307.05,1005,2946,1137,2989,1347,1893
6331566,452.5,302.775,464.34,307.65,1011,2938,1135,2996,1347,1892
6331568,452.74,302.55,464.18,308.1,1014,2936,1132,3001,1345,1893
6331570,452.58,302.7,464.34,307.125,1012,2938,1135,2990,1340,1895
6331572,452.42,302.175,464.18,307.35,1011,2932,1133,2993,1345,1894
6331574,452.58,302.55,464.58,306.975,1013,2936,1137,2989,1349,1896
6331576,452.18,303.525,464.18,306.9,1008,2946,1133,2988,1343,1897
6331578,452.5,302.775,464.5,307.275,1012,2939,1137,2992,1347,1895
6331580,452.34,303.225,464.18,307.2,1010,2943,1134,2991,1346,1893
6331582,452.1,302.55,464.42,307.05,1008,2936,1136,2990,1344,1894
6331584,453.06,302.85,463.86,306.6,1018,2940,1130,2985,1348,1893
6331586,452.18,302.175,463.62,306.45,1010,2932,1128,2983,1342,1895
6331588,452.5,301.8,464.1,306.075,1013,2928,1133,2979,1343,1897
6331590,452.66,302.175,464.1,306.15,1015,2932,1133,2980,1341,1897
6331592,452.34,300.6,464.34,305.925,1012,2915,1136,2978,1348,1899
6331594,452.42,301.65,464.26,305.025,1013,2927,1136,2968,1345,1898
6331596,452.42,301.35,464.1,305.175,1013,2923,1134,2969,1339,1899
6331598,452.5,301.05,463.86,305.025,1014,2919,1132,2967,1345,1896
6331600,452.02,300.525,463.46,305.475,1009,2913,1128,2972,1345,1899
6331602,452.66,301.35,463.86,305.25,1016,2922,1132,2969,1342,1899
6331604,452.58,300.75,464.02,305.025,1015,2916,1134,2967,1345,1899
6331606,452.82,301.5,463.94,305.175,1018,2924,1134,2968,1344,1898
6331608,452.58,298.2,464.18,304.65,1016,2888,1136,2962,1349,1897
6331610,452.58,301.2,463.62,304.875,1015,2920,1130,2965,1348,1895
6331612,452.74,302.4,463.78,304.725,1016,2933,1132,2963,1346,1896
6331614,452.5,299.775,464.02,304.725,1014,2904,1134,2963,1345,1896
6331616,453.22,302.4,463.3,305.4,1021,2933,1127,2969,1346,1896
6331618,452.42,301.8,463.62,304.35,1013,2926,1130,2958,1345,1898
6331620,452.26,300.15,463.86,304.95,1012,2908,1133,2964,1349,1897
6331622,452.9,301.35,463.62,305.175,1019,2921,1131,2967,1346,1897
6331624,452.02,301.95,463.94,305.25,1010,2928,1133,2968,1346,1899
6331626,452.82,300.675,463.86,305.55,1018,2914,1132,2971,1347,1898
6331628,452.66,302.325,463.54,305.925,1015,2931,1129,2975,1346,1896
6331630,452.66,302.325,463.38,305.925,1016,2932,1127,2975,1344,1901
6331632,451.86,301.35,463.22,305.775,1007,2921,1126,2973,1343,1898
6331634,452.58,301.575,463.38,306.375,1015,2924,1127,2980,1342,1897
6331636,451.86,302.1,463.3,305.925,1007,2929,1126,2975,1344,1900
6331638,452.5,303.3,463.14,306.6,1013,2943,1124,2983,1345,1899
6331640,452.9,302.4,463.62,306.975,1018,2933,1128,2987,1343,1900
6331642,451.3,303.225,463.54,306.75,1000,2941,1127,2985,1348,1898
6331644,451.38,302.7,462.74,307.875,1001,2936,1119,2997,1342,1901
6331646,451.86,303.675,463.54,307.575,1005,2947,1127,2994,1347,1899
6331648,450.66,304.575,463.62,307.65,993,2957,1128,2995,1348,1901
6331650,451.38,304.2,463.46,308.25,1000,2953,1125,3002,1346,1902
6331652,451.7,304.125,463.54,308.325,1003,2953,1126,3003,1342,1902
6331654,450.82,305.7,463.94,308.25,992,2970,1130,3003,1351,1898
6331656,450.74,305.25,463.86,308.025,992,2965,1129,3000,1348,1899
6331658,451.78,304.05,463.78,308.55,1003,2953,1128,3007,1346,1901
6331660,451.22,304.875,463.54,307.275,997,2962,1126,2992,1348,1902
6331662,451.14,305.175,463.62,307.575,995,2966,1125,2997,1348,1902
6331664,451.38,303.75,463.54,307.8,998,2950,1125,2999,1345,1905
6331666,451.46,304.35,463.62,307.5,998,2957,1125,2996,1343,1903
6331668,451.54,303.75,463.78,306.975,999,2951,1126,2991,1345,1900
6331670,450.82,304.575,463.38,308.025,990,2960,1121,3002,1349,1900
6331672,450.98,304.275,463.06,306.975,991,2957,1117,2991,1349,1901
6331674,451.3,303.9,463.22,307.425,994,2952,1119,2995,1350,1902
6331676,451.14,302.7,462.98,306.6,993,2940,1116,2987,1347,1901
6331678,450.98,303.45,462.58,306.675,991,2948,1112,2988,1346,1900
6331680,451.94,302.4,463.14,306.6,1000,2937,1117,2987,1344,1907
6331682,451.38,302.25,462.58,306,994,2934,1110,2980,1342,1901
6331684,451.46,303,462.02,306.375,994,2943,1105,2983,1344,1905
6331686,451.3,303.675,462.26,305.85,992,2950,1106,2978,1350,1904
6331688,451.46,302.025,462.26,306.3,994,2932,1107,2983,1345,1904
6331690,451.46,302.625,461.94,305.85,993,2938,1102,2977,1344,1904
6331692,451.54,303.075,462.66,305.7,994,2943,1110,2976,1348,1902
6331694,451.3,302.25,462.34,306,991,2933,1106,2978,1348,1902
6331696,451.3,302.25,462.18,306.15,991,2933,1105,2980,1344,1905
6331698,451.38,303.75,462.5,306.225,991,2949,1107,2980,1348,1902
6331700,451.06,302.4,462.26,306.3,988,2934,1105,2981,1347,1905
6331702,451.46,302.325,462.1,305.925,992,2933,1102,2975,1340,1904
6331704,451.22,302.475,462.18,306.15,989,2934,1103,2978,1348,1906
6331706,450.66,302.25,462.5,306.075,983,2930,1107,2976,1347,1903
6331708,451.7,302.625,462.58,306.225,994,2934,1107,2978,1346,1903
6331710,451.14,301.65,462.66,307.125,988,2922,1107,2986,1343,1905
6331712,451.94,303.3,462.1,306.675,996,2940,1101,2981,1345,1903
6331714,450.34,304.95,462.82,306.825,979,2957,1109,2982,1348,1903
6331716,451.06,302.55,462.26,306.525,987,2931,1103,2979,1349,1905
6331718,451.06,303.675,462.42,306.825,986,2942,1105,2980,1348,1904
6331720,450.82,303.9,462.82,306.9,983,2945,1109,2982,1349,1903
6331722,451.46,302.625,463.06,307.2,991,2930,1111,2984,1343,1903
6331724,451.38,303.6,463.14,307.725,989,2940,1111,2990,1349,1906
6331726,450.74,305.1,462.98,307.425,982,2956,1110,2985,1350,1904
6331728,451.78,303.375,463.38,307.875,993,2938,1114,2991,1346,1906
6331730,451.54,304.5,463.14,308.1,990,2949,1111,2993,1349,1905
6331732,451.38,304.05,463.94,307.725,989,2944,1120,2989,1344,1904
6331734,451.22,304.125,463.62,308.4,987,2944,1117,2995,1346,1906
6331736,451.78,305.025,463.22,307.65,993,2954,1113,2987,1346,1903
6331738,451.78,304.725,463.78,307.95,993,2950,1118,2990,1346,1905
6331740,452.42,304.5,463.7,307.725,1000,2948,1117,2987,1343,1902
6331742,452.5,304.575,463.38,308.175,1001,2948,1114,2992,1345,1905
6331744,451.78,303.75,463.94,308.025,994,2939,1120,2990,1342,1902
6331746,452.58,303.75,464.18,308.325,1002,2939,1122,2994,1345,1905
6331748,452.34,305.625,464.18,308.25,999,2960,1123,2993,1346,1903
6331750,452.1,305.4,464.42,308.025,996,2957,1126,2990,1343,1899
6331752,452.58,304.425,464.58,308.4,1002,2946,1127,2994,1345,1903
6331754,452.5,305.325,464.34,308.55,1001,2956,1124,2995,1346,1903
6331756,452.5,304.5,464.5,308.25,1001,2947,1127,2992,1345,1900
6331758,452.5,304.2,464.74,307.65,1002,2944,1129,2986,1343,1901
6331760,452.74,302.55,465.22,308.55,1005,2926,1134,2996,1343,1900
6331762,452.26,304.275,464.82,309.075,999,2945,1130,3002,1343,1904
6331764,451.94,304.2,464.98,308.325,996,2944,1132,2994,1346,1899
6331766,452.9,304.05,465.14,308.55,1007,2943,1134,2996,1341,1903
6331768,452.42,304.05,465.14,308.55,1002,2943,1134,2996,1343,1901
6331770,452.1,303.825,464.66,307.425,999,2940,1130,2984,1341,1903
6331772,452.26,303.75,464.66,308.1,1001,2939,1130,2992,1343,1905
6331774,452.18,305.4,465.14,308.625,1000,2958,1136,2997,1342,1900
6331776,452.5,304.275,464.66,307.725,1004,2946,1130,2987,1345,1901
6331778,452.9,303.975,465.14,308.925,1009,2942,1135,3001,1338,1904
6331780,452.1,303.825,465.06,307.65,1000,2940,1135,2987,1339,1904
6331782,452.02,303.3,465.14,308.55,1000,2935,1137,2997,1345,1899
6331784,453.14,303.15,465.62,308.625,1012,2933,1142,2998,1342,1900
6331786,452.5,302.775,465.22,308.175,1005,2929,1138,2993,1342,1900
6331788,452.02,304.875,464.34,307.8,1000,2952,1128,2989,1343,1900
6331790,452.5,303.075,465.06,308.625,1006,2932,1136,2998,1341,1899
6331792,452.42,303.375,465.06,308.025,1005,2936,1137,2992,1339,1901
6331794,452.98,304.65,464.74,308.4,1010,2950,1133,2996,1339,1902
6331796,452.58,303.825,464.66,308.775,1007,2941,1132,3000,1338,1902
6331798,452.1,303.375,464.98,308.625,1001,2936,1136,2998,1339,1901
6331800,452.74,304.125,465.14,308.175,1008,2944,1138,2994,1340,1898
6331802,452.9,304.575,465.3,308.475,1010,2949,1139,2997,1343,1901
6331804,451.86,303.675,464.82,308.25,999,2939,1134,2994,1345,1900
6331806,452.58,303.6,464.9,308.775,1007,2939,1136,3000,1341,1901
6331808,451.7,304.2,465.06,308.475,998,2945,1137,2997,1345,1903
6331810,452.66,304.35,465.3,308.4,1009,2947,1140,2996,1346,1901
6331812,452.74,304.275,465.3,308.625,1010,2947,1140,2999,1339,1902
6331814,452.18,304.35,464.74,308.325,1004,2947,1134,2995,1343,1900
6331816,451.94,304.125,465.14,308.325,1001,2944,1139,2995,1339,1902
6331818,452.26,303.825,464.98,308.85,1005,2941,1137,3001,1340,1902
6331820,453.06,303.75,465.3,308.4,1013,2941,1140,2997,1336,1902
6331822,452.26,304.65,465.22,309,1005,2951,1140,3003,1343,1903
6331824,452.82,305.475,465.3,308.775,1010,2960,1141,3001,1342,1903
6331826,453.14,304.5,465.14,308.1,1014,2950,1139,2994,1338,1901
6331828,451.7,304.2,464.98,308.55,999,2947,1137,2999,1342,1901
6331830,452.42,304.2,465.06,308.925,1007,2947,1138,3003,1343,1903
6331832,452.42,304.95,464.66,308.325,1006,2955,1134,2996,1342,1898
6331834,451.94,304.35,465.06,308.475,1001,2949,1138,2999,1344,1899
6331836,452.98,304.05,465.14,308.55,1013,2946,1139,2999,1337,1903
6331838,452.1,304.35,465.14,307.95,1003,2949,1139,2993,1345,1903
6331840,452.18,304.575,465.14,308.325,1004,2951,1139,2997,1338,1903
6331842,452.9,304.275,464.66,308.625,1012,2949,1134,3001,1339,1903
6331844,452.34,304.8,464.98,308.1,1006,2954,1138,2995,1337,1902
6331846,451.54,305.25,464.5,307.8,997,2960,1133,2992,1346,1900
6331848,452.42,303.3,464.9,308.25,1007,2938,1136,2997,1338,1902
6331850,452.26,303.675,465.22,308.325,1005,2943,1139,2999,1338,1899
6331852,452.18,303.675,464.66,308.775,1004,2942,1134,3003,1338,1905
6331854,452.42,304.05,465.38,307.425,1006,2947,1141,2989,1339,1905
6331856,452.5,303,464.58,307.95,1007,2935,1133,2995,1336,1904
6331858,452.1,303.3,465.38,307.35,1002,2940,1140,2989,1340,1904
6331860,452.1,303.825,465.14,307.875,1002,2945,1137,2994,1341,1906
6331862,451.7,304.275,464.98,308.25,996,2950,1135,2999,1340,1903
6331864,452.26,303.525,464.98,308.325,1003,2942,1135,3000,1337,1900
6331866,451.46,303.45,465.3,307.5,994,2941,1138,2991,1340,1903
6331868,452.1,303.525,464.82,307.8,1001,2942,1133,2994,1340,1906
6331870,452.1,303.975,464.9,308.55,1000,2948,1133,3002,1335,1903
6331872,452.02,303.225,464.5,306.525,999,2940,1130,2980,1339,1908
6331874,452.18,303.45,464.82,307.65,1000,2942,1132,2992,1341,1905
6331876,452.42,303.15,465.54,306.825,1003,2939,1140,2984,1337,1910
6331878,451.38,303.375,465.06,306.225,992,2941,1134,2978,1336,1904
6331880,451.78,303.15,464.58,306.825,996,2939,1130,2984,1339,1908
6331882,451.94,303.3,464.82,305.1,997,2941,1132,2965,1338,1910
6331884,452.02,302.625,464.58,305.775,998,2933,1130,2972,1337,1909
6331886,452.58,302.1,464.74,305.85,1003,2928,1131,2973,1336,1907
6331888,452.26,302.175,464.42,304.65,1000,2929,1128,2960,1336,1909
6331890,451.78,302.325,464.66,305.25,994,2930,1129,2966,1337,1908
6331892,452.34,302.625,464.66,305.475,1000,2933,1129,2969,1340,1909
6331894,451.86,302.4,464.74,305.025,995,2931,1129,2965,1338,1912
6331896,452.02,302.775,464.98,305.175,997,2935,1133,2966,1339,1909
6331898,452.5,301.725,464.5,304.95,1002,2923,1127,2963,1336,1910
6331900,452.1,301.5,464.66,304.725,998,2921,1128,2961,1336,1912
6331902,452.34,301.35,464.5,304.875,1001,2919,1127,2962,1339,1912
6331904,452.66,302.25,464.98,304.725,1003,2929,1133,2960,1336,1907
6331906,451.38,302.925,465.14,304.575,990,2935,1134,2959,1336,1906
6331908,451.38,300.15,464.9,304.35,992,2905,1132,2957,1337,1910
6331910,452.02,301.425,464.74,304.275,997,2919,1130,2955,1335,1909
6331912,451.86,301.575,465.14,304.875,996,2920,1134,2961,1333,1910
6331914,452.1,300.975,465.62,304.875,999,2914,1140,2961,1335,1912
6331916,452.18,302.4,465.3,305.175,999,2929,1136,2964,1335,1913
6331918,452.34,302.025,465.14,304.95,1000,2925,1134,2962,1338,1911
6331920,452.34,302.55,465.38,304.875,1001,2931,1137,2961,1337,1915
6331922,452.5,301.575,465.14,305.025,1003,2920,1135,2962,1333,1914
6331924,452.58,302.55,465.94,304.2,1003,2931,1143,2954,1336,1916
6331926,452.18,301.875,466.1,304.8,1000,2923,1145,2961,1335,1916
6331928,452.42,301.8,465.62,304.875,1002,2923,1140,2961,1331,1912
6331930,452.74,302.25,466.18,305.25,1005,2928,1146,2965,1335,1915
6331932,452.66,302.625,466.26,304.725,1005,2932,1147,2959,1341,1917
6331934,452.9,301.8,466.02,304.65,1008,2923,1145,2958,1338,1914
6331936,452.42,302.175,465.94,305.25,1002,2927,1144,2965,1336,1916
6331938,452.9,302.4,465.94,305.1,1008,2929,1144,2964,1337,1916
6331940,452.9,302.1,465.94,304.8,1008,2926,1144,2960,1334,1915
6331942,452.5,301.95,466.34,304.95,1005,2924,1149,2962,1336,1917
6331944,452.9,302.325,466.1,304.725,1008,2928,1147,2960,1336,1919
6331946,452.98,303.225,465.94,304.725,1010,2938,1145,2960,1331,1917
6331948,452.26,302.25,466.58,304.5,1002,2928,1152,2957,1336,1917
6331950,452.66,302.925,466.58,304.2,1006,2935,1152,2954,1338,1918
6331952,452.9,302.625,466.18,304.125,1008,2932,1148,2953,1336,1920
6331954,452.74,302.475,466.58,304.65,1007,2931,1152,2959,1333,1918
6331956,452.66,302.775,466.42,304.35,1006,2934,1150,2956,1340,1919
6331958,453.22,302.475,466.1,304.725,1012,2931,1147,2961,1337,1918
6331960,452.74,301.95,465.7,304.2,1007,2925,1143,2955,1336,1919
6331962,451.94,303.675,466.34,304.725,998,2944,1150,2961,1340,1919
6331964,452.58,301.65,466.42,304.575,1006,2922,1151,2960,1337,1918
6331966,452.58,301.35,466.26,304.425,1007,2919,1149,2958,1337,1919
6331968,452.42,302.25,466.5,304.275,1004,2929,1152,2956,1336,1919
6331970,452.18,302.55,466.26,304.05,1002,2933,1150,2954,1337,1922
6331972,451.94,302.025,465.86,304.2,1000,2927,1145,2955,1334,1925
6331974,451.94,301.35,466.26,303.9,999,2919,1150,2953,1333,1922
6331976,452.18,301.35,465.86,303.75,1002,2919,1145,2951,1335,1925
6331978,451.54,301.35,465.94,303.3,995,2919,1146,2946,1335,1924
6331980,451.78,301.65,465.46,303.375,998,2922,1142,2947,1337,1924
6331982,452.42,301.575,465.54,302.925,1004,2922,1142,2942,1335,1926
6331984,452.18,301.875,465.22,302.7,1002,2926,1139,2939,1337,1924
6331986,451.46,301.95,465.22,303.225,994,2926,1139,2945,1334,1925
6331988,452.1,300.825,465.46,302.55,1002,2914,1141,2938,1332,1929
6331990,451.94,301.65,465.46,302.625,999,2923,1141,2939,1333,1925
6331992,451.62,302.175,464.98,302.25,996,2929,1136,2934,1341,1930
6331994,452.26,301.575,465.14,302.625,1002,2922,1137,2938,1334,1927
6331996,450.9,300.9,464.98,302.4,989,2915,1136,2936,1337,1928
6331998,451.06,301.275,465.38,302.325,989,2919,1140,2935,1337,1928
6332000,452.1,301.425,465.3,302.625,1001,2920,1139,2938,1336,1925
6332002,451.62,301.65,465.14,302.925,995,2922,1137,2941,1337,1927
6332004,451.3,301.5,465.14,302.475,992,2921,1137,2937,1339,1928
6332006,451.54,301.95,465.14,302.85,994,2925,1137,2940,1336,1927
6332008,451.06,301.275,465.14,303.075,989,2918,1136,2943,1336,1929
6332010,451.62,301.725,464.66,302.625,994,2923,1131,2937,1336,1930
6332012,452.1,301.8,463.94,302.4,999,2924,1124,2935,1336,1931
6332014,450.9,302.55,464.74,302.475,987,2931,1132,2935,1338,1929
6332016,450.82,301.725,464.9,302.775,986,2922,1133,2939,1340,1933
6332018,451.22,302.025,464.58,303.225,990,2926,1130,2943,1333,1929
6332020,451.62,302.25,464.9,303.45,994,2928,1133,2946,1338,1930
6332022,451.38,300.9,464.18,303.225,992,2913,1125,2943,1339,1930
6332024,450.82,301.875,464.18,303,985,2923,1125,2941,1341,1934
6332026,451.3,302.325,464.18,303.15,990,2928,1125,2942,1334,1936
6332028,451.54,302.25,464.58,303.675,992,2927,1129,2948,1339,1932
6332030,451.14,302.625,464.58,303.6,988,2932,1129,2947,1337,1928
6332032,451.46,302.7,464.26,303.375,992,2933,1126,2944,1338,1932
6332034,451.46,302.925,464.74,302.775,991,2935,1131,2938,1342,1936
6332036,450.98,302.025,464.26,303.675,986,2924,1125,2948,1338,1933
6332038,451.54,303.075,464.26,303.675,992,2937,1125,2948,1341,1934
6332040,451.62,302.175,464.58,303.225,993,2927,1129,2943,1340,1935
6332042,451.78,302.55,464.66,303.3,994,2931,1129,2943,1339,1933
6332044,451.62,302.025,465.06,303.075,993,2925,1134,2941,1340,1932
6332046,451.7,302.25,464.66,302.4,994,2927,1129,2934,1341,1937
6332048,451.38,302.625,464.74,302.925,990,2932,1130,2939,1343,1937
6332050,452.1,302.55,464.34,302.925,997,2931,1126,2939,1337,1936
6332052,451.38,302.625,464.5,303.15,989,2932,1127,2942,1341,1934
6332054,451.62,301.8,464.18,302.625,993,2923,1124,2936,1343,1936
6332056,451.54,303,464.82,302.55,991,2935,1131,2936,1343,1937
6332058,451.46,303.15,464.82,302.775,991,2937,1131,2938,1345,1935
6332060,451.14,302.175,464.42,302.325,988,2926,1127,2933,1343,1936
6332062,451.46,302.25,464.1,302.55,990,2928,1123,2935,1342,1936
6332064,451.86,303.075,464.58,302.625,995,2937,1129,2937,1341,1936
6332066,451.78,301.425,464.98,302.025,994,2919,1133,2930,1340,1937
6332068,452.1,301.8,464.9,302.175,998,2923,1132,2932,1338,1936
6332070,451.14,301.65,464.82,302.1,987,2922,1131,2931,1340,1936
6332072,451.06,301.35,464.66,302.55,987,2918,1129,2936,1341,1938
6332074,451.46,302.025,464.34,302.4,991,2926,1126,2935,1341,1939
6332076,451.94,302.475,464.82,302.325,995,2931,1131,2933,1339,1937
6332078,451.7,300.75,464.58,302.025,993,2912,1129,2930,1340,1939
6332080,451.94,301.8,464.26,302.025,995,2923,1125,2930,1338,1938
6332082,452.42,302.175,465.06,302.025,1000,2928,1133,2930,1341,1937
6332084,452.02,300.975,464.9,302.55,996,2915,1132,2936,1342,1939
6332086,452.18,302.25,464.9,302.1,997,2928,1131,2931,1340,1938
6332088,451.46,301.95,464.66,302.1,990,2925,1128,2931,1340,1939
6332090,451.86,302.4,464.9,302.4,995,2930,1131,2934,1341,1938
6332092,452.1,302.1,464.66,302.7,997,2926,1129,2937,1337,1940
6332094,451.86,301.95,464.82,302.025,995,2925,1131,2930,1341,1938
6332096,452.66,301.8,465.22,302.25,1003,2923,1135,2933,1341,1937
6332098,451.62,301.875,464.9,302.775,992,2923,1131,2938,1341,1937
6332100,452.26,301.275,464.74,302.475,999,2917,1130,2935,1341,1938
6332102,453.38,301.65,464.98,302.55,1011,2921,1132,2936,1342,1938
6332104,452.58,301.65,465.06,302.775,1002,2921,1133,2938,1342,1939
6332106,452.66,301.725,464.74,302.4,1003,2922,1130,2933,1341,1938
6332108,453.3,302.025,465.62,303.45,1009,2925,1139,2945,1341,1941
6332110,453.3,301.2,465.06,302.775,1010,2916,1134,2937,1343,1938
6332112,453.38,302.625,464.9,302.775,1010,2931,1132,2937,1348,1942
6332114,453.14,300.975,464.98,302.25,1009,2913,1132,2931,1339,1939
6332116,452.9,301.05,465.22,302.85,1006,2914,1135,2938,1345,1940
6332118,453.06,300.9,465.14,302.625,1009,2912,1135,2935,1345,1943
6332120,454.66,301.875,465.06,303,1024,2923,1134,2939,1345,1940
6332122,453.22,302.025,464.9,302.625,1010,2924,1133,2935,1347,1940
6332124,453.62,301.2,465.38,302.7,1014,2916,1137,2936,1339,1943
6332126,453.94,301.95,464.5,301.95,1018,2924,1129,2928,1343,1940
6332128,453.62,301.65,465.06,303.3,1015,2921,1135,2942,1342,1938
6332130,453.22,301.5,464.98,302.85,1011,2918,1134,2937,1344,1941
6332132,454.34,301.95,464.74,302.1,1023,2924,1132,2929,1349,1944
6332134,454.26,301.65,464.74,302.55,1022,2920,1132,2934,1344,1940
6332136,452.98,302.1,464.9,302.85,1009,2924,1134,2937,1348,1939
6332138,453.62,301.35,464.34,302.325,1016,2917,1128,2931,1347,1941
6332140,453.86,301.575,464.74,302.625,1018,2919,1132,2934,1348,1940
6332142,454.5,300.75,464.82,302.85,1026,2910,1134,2937,1344,1941
6332144,453.78,301.35,465.3,302.85,1018,2917,1139,2937,1348,1944
6332146,453.46,301.725,464.42,302.7,1015,2921,1130,2935,1346,1941
6332148,454.02,300.825,464.58,302.475,1021,2911,1131,2932,1344,1942
6332150,454.82,302.25,464.74,302.85,1029,2927,1134,2937,1347,1941
6332152,453.86,301.5,464.74,302.85,1019,2919,1134,2937,1347,1947
6332154,453.62,301.65,464.58,302.55,1017,2920,1132,2934,1347,1940
6332156,453.46,302.025,464.42,302.925,1016,2924,1131,2938,1351,1943
6332158,453.78,303.225,464.5,302.925,1019,2937,1132,2938,1350,1945
6332160,453.78,302.175,464.42,302.7,1019,2926,1130,2936,1355,1943
6332162,454.02,301.5,464.18,303.375,1022,2919,1128,2943,1353,1943
6332164,453.46,303,464.26,302.325,1015,2935,1129,2931,1354,1946
6332166,454.42,303.15,464.42,302.25,1025,2937,1130,2931,1355,1941
6332168,453.3,300.975,464.1,303.225,1013,2913,1126,2941,1347,1944
6332170,453.54,302.325,464.1,303.375,1015,2928,1126,2943,1351,1944
6332172,454.26,302.25,464.1,303.225,1023,2927,1126,2942,1350,1943
6332174,452.82,301.65,464.34,303.6,1008,2920,1128,2946,1347,1943
6332176,453.22,301.425,464.5,303.375,1012,2918,1130,2944,1346,1946
6332178,452.98,302.625,463.94,303.525,1008,2931,1124,2945,1352,1944
6332180,453.62,302.1,463.78,302.925,1015,2926,1122,2938,1352,1944
6332182,453.3,301.575,464.1,303.75,1012,2920,1124,2948,1350,1943
6332184,453.62,301.8,463.78,303.45,1015,2923,1121,2944,1348,1945
6332186,452.82,301.8,464.1,303.3,1006,2923,1124,2944,1348,1944
6332188,453.46,301.425,464.18,303,1013,2919,1125,2940,1350,1944
6332190,453.06,301.05,463.78,302.475,1009,2915,1121,2935,1351,1944
6332192,453.86,300.825,463.86,303.525,1017,2913,1121,2946,1348,1943
6332194,453.38,301.425,463.78,303.15,1011,2919,1120,2942,1352,1942
6332196,453.94,300,463.62,303.3,1018,2905,1119,2944,1352,1944
6332198,453.62,301.95,463.86,303.75,1013,2926,1121,2949,1351,1944
6332200,453.54,302.025,463.7,302.625,1012,2926,1119,2936,1357,1945
6332202,452.98,300.3,463.7,302.85,1007,2907,1119,2939,1352,1946
6332204,453.22,301.125,463.54,302.55,1009,2917,1117,2936,1354,1939
6332206,453.7,301.5,463.7,302.175,1014,2920,1119,2931,1355,1945
6332208,452.82,301.125,463.94,303.075,1005,2916,1121,2941,1355,1945
6332210,453.3,300.975,463.46,301.725,1010,2914,1117,2926,1355,1946
6332212,453.94,302.1,463.54,301.575,1016,2926,1117,2925,1355,1949
6332214,452.98,300.525,464.02,303,1007,2909,1122,2940,1354,1947
6332216,452.98,300.45,464.02,302.25,1006,2908,1122,2932,1353,1946
6332218,453.3,300.75,464.02,302.85,1010,2911,1121,2938,1353,1941
6332220,453.14,301.575,463.7,302.25,1008,2921,1118,2931,1358,1949
6332222,454.02,301.275,463.94,301.95,1017,2917,1121,2928,1353,1947
6332224,453.62,302.1,463.54,301.8,1013,2926,1117,2927,1358,1947
6332226,453.22,300.975,463.7,302.4,1008,2914,1118,2933,1356,1948
6332228,453.7,301.2,463.7,302.475,1014,2916,1118,2934,1352,1948
6332230,454.42,302.025,463.54,302.4,1020,2925,1116,2932,1359,1946
6332232,453.78,300.375,463.7,302.925,1014,2907,1118,2938,1357,1946
6332234,453.38,301.35,463.46,302.325,1010,2917,1115,2932,1356,1949
6332236,454.34,302.1,463.78,302.4,1020,2926,1119,2932,1357,1948
6332238,453.62,299.85,463.94,302.325,1013,2901,1121,2931,1357,1948
6332240,453.7,301.2,463.86,302.475,1013,2915,1120,2933,1356,1947
6332242,454.26,302.1,463.38,302.625,1019,2925,1114,2935,1358,1949
6332244,454.42,301.425,463.62,301.875,1020,2918,1117,2926,1356,1954
6332246,453.54,300.3,463.7,302.7,1012,2905,1118,2935,1361,1948
6332248,453.62,301.275,464.26,302.4,1012,2916,1123,2932,1361,1947
6332250,454.66,302.55,463.78,301.875,1022,2931,1119,2926,1360,1948
6332252,453.62,301.05,463.78,302.775,1012,2914,1119,2936,1363,1948
6332254,454.74,301.05,464.02,301.95,1024,2914,1121,2928,1356,1949
6332256,454.58,303.225,464.1,302.475,1021,2938,1121,2934,1366,1948
6332258,454.02,300.6,464.18,301.875,1016,2909,1122,2927,1365,1953
6332260,453.62,300.75,463.94,302.475,1012,2911,1120,2933,1367,1950
6332262,454.18,302.55,464.26,301.725,1016,2931,1123,2925,1366,1951
6332264,453.94,300.825,464.42,302.325,1015,2912,1125,2932,1360,1950
6332266,455.06,301.275,464.58,302.4,1027,2917,1126,2933,1362,1948
6332268,454.1,301.5,464.34,302.175,1016,2919,1124,2930,1358,1949
6332270,454.82,300.825,464.82,301.8,1024,2912,1129,2927,1363,1948
6332272,454.82,301.125,464.74,302.475,1024,2916,1128,2934,1364,1950
6332274,454.9,301.725,464.18,302.25,1025,2922,1122,2931,1362,1950
6332276,454.74,300.15,464.34,301.725,1023,2905,1124,2926,1363,1953
6332278,454.82,301.425,464.42,302.25,1024,2919,1125,2931,1362,1946
6332280,455.7,303.6,464.5,302.325,1033,2943,1126,2932,1362,1952
6332282,454.9,300.9,464.42,302.625,1025,2913,1125,2936,1363,1951
6332284,454.74,301.275,464.26,302.925,1024,2918,1123,2939,1362,1951
6332286,455.06,300.825,464.74,301.725,1027,2913,1129,2926,1366,1952
6332288,454.58,300.675,464.5,301.65,1023,2911,1127,2925,1368,1956
6332290,455.14,301.2,464.18,302.475,1028,2917,1123,2934,1369,1952
6332292,454.74,301.725,464.66,301.575,1024,2922,1128,2924,1362,1955
6332294,455.3,301.05,464.42,301.5,1030,2914,1126,2923,1363,1954
6332296,454.98,301.2,464.34,301.5,1027,2916,1125,2923,1364,1955
6332298,454.9,300.075,464.26,301.275,1026,2904,1125,2920,1371,1955
6332300,455.62,302.325,464.5,300.675,1033,2928,1127,2913,1367,1956
6332302,455.22,301.725,464.5,301.8,1030,2922,1127,2926,1367,1951
6332304,454.9,301.125,464.5,301.5,1026,2915,1127,2922,1369,1954
6332306,455.62,302.025,464.1,300.975,1034,2925,1123,2916,1367,1956
6332308,455.78,301.725,464.34,301.65,1035,2921,1125,2924,1368,1953
6332310,454.26,299.475,464.26,301.575,1021,2896,1125,2922,1369,1954
6332312,454.82,300,464.1,300.975,1027,2902,1124,2916,1373,1954
6332314,454.82,302.025,463.78,301.35,1026,2923,1121,2919,1370,1956
6332316,454.9,298.95,464.18,300.75,1027,2890,1125,2913,1376,1960
6332318,453.7,301.275,464.34,301.575,1014,2915,1126,2922,1368,1959
6332320,454.74,301.725,463.86,301.2,1025,2920,1121,2917,1379,1958
6332322,454.18,300.3,463.54,301.35,1020,2903,1118,2918,1372,1958
6332324,454.66,300.9,463.54,301.125,1025,2911,1118,2916,1373,1957
6332326,455.94,301.575,463.38,301.125,1038,2918,1117,2915,1373,1958
6332328,454.9,298.575,463.06,300.9,1028,2885,1114,2913,1375,1959
6332330,454.66,301.8,463.46,301.275,1025,2920,1117,2917,1381,1958
6332332,454.1,302.475,463.54,301.2,1018,2927,1118,2916,1375,1961
6332334,454.42,300.975,463.06,301.275,1022,2911,1113,2916,1378,1963
6332336,454.58,300.825,462.74,300.975,1024,2908,1110,2913,1376,1963
6332338,453.94,301.575,462.98,301.35,1017,2916,1113,2917,1377,1959
6332340,454.1,299.475,462.34,301.425,1020,2894,1106,2917,1377,1960
6332342,455.06,299.025,462.9,301.425,1030,2888,1112,2918,1377,1959
6332344,453.54,301.8,462.82,300.9,1013,2918,1111,2912,1377,1963
6332346,454.02,300.225,462.82,301.2,1019,2901,1112,2915,1381,1962
6332348,453.54,300.15,462.66,300.525,1015,2900,1110,2907,1377,1965
6332350,454.26,300.6,462.58,301.05,1022,2905,1109,2913,1378,1963
6332352,454.58,302.475,462.18,300.825,1024,2926,1105,2910,1378,1964
6332354,454.5,300.6,463.06,301.125,1025,2906,1114,2914,1383,1962
6332356,453.54,302.4,462.82,301.275,1014,2925,1111,2916,1382,1967
6332358,454.34,301.275,462.9,301.65,1023,2912,1113,2920,1387,1963
6332360,454.42,300.9,463.3,301.05,1024,2909,1117,2913,1385,1968
6332362,453.78,301.05,463.06,301.425,1017,2910,1115,2918,1382,1967
6332364,453.78,301.875,463.3,302.175,1017,2919,1117,2925,1383,1963
6332366,455.46,300.6,463.22,301.35,1035,2906,1117,2917,1385,1965
6332368,455.46,300.75,463.3,301.35,1036,2907,1117,2917,1383,1965
6332370,455.06,301.725,463.06,301.575,1031,2918,1116,2919,1382,1964
6332372,454.82,299.175,464.26,301.35,1029,2891,1128,2917,1384,1967
6332374,455.22,299.775,463.7,301.35,1034,2897,1123,2918,1384,1969
6332376,455.3,302.025,463.94,301.65,1034,2922,1125,2921,1386,1967
6332378,455.94,299.175,464.1,301.65,1042,2891,1127,2921,1387,1968
6332380,455.14,300.15,464.1,301.65,1033,2901,1127,2921,1383,1971
6332382,455.38,302.7,463.94,301.875,1036,2930,1126,2924,1387,1964
6332384,455.54,302.475,463.78,301.8,1037,2927,1124,2923,1390,1969
6332386,455.54,300.15,464.42,302.55,1039,2902,1131,2932,1387,1965
6332388,454.98,300.825,463.94,301.35,1033,2910,1127,2918,1391,1969
6332390,456.1,300.6,464.58,301.8,1045,2908,1134,2924,1386,1972
6332392,456.1,301.65,464.1,302.1,1045,2919,1129,2927,1388,1969
6332394,456.42,300.225,464.74,302.4,1050,2903,1137,2931,1385,1973
6332396,455.7,300.15,464.26,301.5,1043,2902,1132,2921,1391,1974
6332398,456.26,303.075,464.74,302.55,1049,2935,1138,2932,1385,1970
6332400,456.18,300.9,464.98,301.5,1049,2911,1141,2921,1383,1973
6332402,456.42,299.475,464.66,301.125,1053,2896,1139,2917,1396,1973
6332404,457.06,300.9,465.22,299.85,1059,2911,1145,2903,1388,1974
6332406,456.5,297.75,464.34,299.85,1056,2877,1137,2903,1393,1975
6332408,456.1,296.025,464.42,298.35,1052,2858,1139,2887,1392,1973
6332410,456.26,296.25,462.66,297.525,1055,2861,1121,2877,1385,1973
6332412,456.1,294.825,462.34,297.3,1054,2845,1119,2875,1397,1968
6332414,456.1,295.05,462.5,296.325,1055,2848,1122,2864,1397,1970
6332416,456.42,294.525,461.94,295.2,1059,2842,1117,2852,1394,1968
6332418,456.58,293.775,462.74,294.6,1062,2835,1127,2846,1393,1971
6332420,456.34,292.575,462.5,294.375,1060,2821,1124,2843,1399,1973
6332422,457.06,293.7,462.34,294.375,1069,2833,1124,2843,1395,1971
6332424,456.66,292.575,462.34,294.825,1065,2821,1124,2848,1399,1973
6332426,456.98,293.7,462.1,295.35,1069,2834,1122,2853,1393,1972
6332428,457.46,294.6,462.34,295.275,1073,2844,1125,2853,1396,1972
6332430,457.62,294.75,462.42,296.175,1077,2845,1127,2863,1393,1972
6332432,456.9,292.575,462.34,295.65,1070,2821,1127,2857,1401,1975
6332434,457.06,293.775,462.26,296.025,1073,2835,1127,2861,1396,1977
6332436,457.14,293.775,462.58,295.725,1074,2835,1130,2858,1401,1979
6332438,456.74,294.3,462.18,295.8,1071,2840,1127,2858,1398,1976
6332440,456.9,293.25,463.14,296.25,1073,2829,1138,2864,1399,1977
6332442,456.82,293.925,462.42,295.425,1073,2837,1131,2855,1401,1979
6332444,457.3,293.775,462.18,295.65,1078,2835,1129,2857,1399,1980
6332446,456.74,293.475,462.58,294.9,1073,2832,1134,2850,1401,1982
6332448,456.18,294.525,462.26,295.65,1067,2843,1130,2857,1403,1981
6332450,457.38,293.775,461.94,295.8,1080,2835,1127,2859,1399,1978
6332452,456.5,293.85,461.7,295.575,1071,2836,1125,2857,1400,1978
6332454,456.34,293.025,462.02,296.4,1071,2827,1129,2866,1401,1980
6332456,456.26,293.775,461.78,296.1,1070,2835,1126,2862,1400,1978
6332458,456.02,293.775,461.78,296.475,1068,2835,1127,2867,1400,1978
6332460,455.86,294.075,461.54,295.95,1065,2838,1125,2862,1401,1982
6332462,456.42,294,461.3,296.625,1072,2839,1123,2869,1401,1979
6332464,455.7,293.325,461.38,296.55,1064,2831,1123,2868,1405,1978
6332466,455.46,294.975,461.22,297.3,1062,2849,1121,2877,1404,1983
6332468,455.62,294.075,460.9,297.45,1064,2840,1118,2878,1402,1981
6332470,455.86,294.3,460.9,297.6,1066,2842,1119,2880,1396,1978
6332472,455.06,296.025,460.98,297.45,1057,2861,1119,2879,1405,1980
6332474,455.78,295.05,460.74,297.525,1065,2851,1116,2880,1399,1982
6332476,454.74,295.35,460.9,297.225,1055,2854,1119,2877,1404,1982
6332478,455.3,296.025,460.9,297.525,1060,2862,1118,2881,1401,1980
6332480,454.98,294.675,460.66,298.05,1057,2847,1116,2886,1405,1979
6332482,454.66,294.9,460.58,297.45,1054,2851,1115,2881,1399,1976
6332484,454.74,296.175,460.42,297.825,1054,2864,1113,2884,1399,1976
6332486,455.3,294.975,460.58,297.975,1060,2852,1114,2887,1399,1978
6332488,454.82,295.95,460.66,297.6,1054,2862,1115,2882,1400,1978
6332490,454.74,294.975,460.5,297.675,1054,2852,1113,2884,1398,1979
6332492,454.02,297,460.26,298.2,1046,2874,1111,2889,1406,1978
6332494,453.78,297.075,460.02,298.5,1043,2875,1108,2893,1406,1975
6332496,454.26,295.65,460.5,297.675,1048,2859,1113,2884,1399,1979
6332498,453.78,296.775,460.1,298.125,1043,2872,1109,2889,1404,1977
6332500,453.7,295.125,459.94,298.2,1043,2854,1107,2890,1407,1976
6332502,453.78,295.575,459.78,297.9,1042,2859,1104,2886,1402,1974
6332504,453.3,295.35,459.46,297,1037,2856,1102,2877,1410,1976
6332506,453.54,296.7,459.54,297.45,1040,2871,1102,2881,1406,1978
6332508,454.5,295.65,459.86,297.375,1050,2860,1105,2881,1403,1974
6332510,453.46,295.95,459.78,297.375,1038,2863,1105,2881,1408,1974
6332512,453.38,296.475,459.38,297,1037,2868,1100,2877,1403,1976
6332514,453.7,296.175,459.46,296.925,1041,2865,1101,2875,1401,1977
6332516,453.38,295.2,459.54,297.225,1037,2854,1102,2878,1405,1975
6332518,452.98,296.025,459.62,297.825,1033,2863,1102,2885,1405,1975
6332520,452.66,295.95,459.38,297.225,1029,2862,1100,2878,1405,1978
6332522,453.46,295.275,459.54,297.525,1038,2854,1101,2881,1401,1972
6332524,452.82,295.2,459.46,297.45,1031,2853,1100,2880,1400,1976
6332526,453.54,294.75,459.54,297,1039,2848,1101,2875,1402,1975
6332528,453.06,295.35,459.14,297.45,1034,2854,1097,2879,1404,1972
6332530,452.66,295.875,459.22,297.225,1029,2859,1097,2876,1405,1970
6332532,453.86,294.375,459.14,297,1042,2843,1097,2873,1402,1977
6332534,453.22,295.8,459.38,297.225,1036,2858,1099,2876,1399,1972
6332536,452.18,295.95,458.5,297.45,1024,2859,1090,2878,1403,1967
6332538,453.14,296.4,458.98,298.275,1034,2864,1095,2886,1405,1970
6332540,453.62,295.2,459.38,297,1039,2851,1100,2873,1399,1971
6332542,452.98,294.825,459.22,297.9,1032,2846,1098,2882,1403,1972
6332544,453.38,295.35,459.06,297.975,1036,2852,1095,2883,1400,1970
6332546,453.46,295.275,459.3,298.05,1038,2851,1098,2882,1404,1970
6332548,452.74,296.475,459.38,297.975,1030,2863,1099,2882,1399,1966
6332550,452.34,296.1,459.14,298.2,1025,2858,1096,2883,1404,1966
6332552,453.38,295.425,459.7,298.725,1037,2851,1102,2889,1398,1970
6332554,453.3,296.175,459.22,298.2,1036,2859,1098,2883,1397,1968
6332556,452.66,297.15,458.98,298.8,1029,2869,1095,2889,1407,1965
6332558,453.7,296.25,459.14,298.95,1040,2859,1097,2891,1401,1967
6332560,452.98,298.275,459.14,299.55,1033,2881,1097,2897,1400,1968
6332562,452.98,298.725,458.98,299.1,1032,2885,1096,2892,1401,1968
6332564,453.3,297,459.62,299.175,1036,2867,1102,2893,1399,1966
6332566,453.3,295.8,459.14,299.775,1037,2853,1097,2898,1397,1965
6332568,453.06,295.875,459.22,299.25,1035,2854,1098,2893,1401,1963
6332570,453.94,296.55,459.7,298.95,1044,2861,1104,2890,1394,1964
6332572,453.3,297.75,460.02,298.725,1037,2875,1107,2887,1398,1960
6332574,453.86,297.3,459.94,300,1043,2869,1106,2901,1398,1957
6332576,454.1,296.175,460.1,299.625,1046,2857,1108,2896,1394,1957
6332578,453.86,297.075,460.02,300.3,1044,2867,1108,2904,1398,1955
6332580,454.82,296.925,459.86,299.1,1054,2865,1107,2891,1397,1957
6332582,454.82,295.875,460.34,300.075,1056,2854,1112,2902,1396,1954
6332584,454.02,296.625,460.66,299.475,1047,2861,1116,2895,1393,1954
6332586,454.42,296.925,460.9,300.3,1052,2864,1119,2904,1392,1952
6332588,454.5,297.525,460.58,300.675,1053,2871,1116,2908,1395,1950
6332590,453.46,297.75,461.22,300.15,1043,2873,1124,2902,1393,1951
6332592,454.82,297.15,461.06,299.775,1057,2867,1122,2898,1395,1954
6332594,454.34,296.475,460.98,300.075,1054,2859,1122,2901,1391,1950
6332596,454.58,297.6,462.18,300.225,1056,2872,1135,2903,1399,1947
6332598,454.5,296.7,462.02,300.9,1057,2862,1134,2910,1393,1945
6332600,454.34,297.15,462.02,300.675,1055,2866,1134,2908,1392,1944
6332602,454.82,297.675,461.62,301.875,1061,2872,1132,2920,1394,1939
6332604,454.98,296.55,462.02,300.975,1063,2860,1136,2911,1392,1941
6332606,454.98,298.575,462.18,301.125,1064,2882,1139,2912,1393,1941
6332608,454.5,296.475,461.94,301.275,1059,2859,1136,2914,1391,1942
6332610,454.02,296.55,462.34,302.025,1056,2859,1142,2922,1396,1938
6332612,454.18,297.375,462.26,301.95,1058,2868,1141,2921,1389,1940
6332614,455.3,299.55,461.94,301.875,1071,2893,1140,2920,1385,1935
6332616,454.34,296.775,462.02,301.575,1061,2862,1140,2917,1389,1936
6332618,454.5,296.475,461.62,301.575,1065,2859,1138,2917,1384,1936
6332620,454.82,298.725,461.54,302.1,1067,2883,1137,2922,1384,1936
6332622,454.74,297.675,462.1,302.025,1069,2871,1144,2922,1386,1933
6332624,455.14,296.925,461.46,302.325,1073,2863,1138,2925,1384,1933
6332626,455.14,298.65,461.7,302.175,1073,2883,1141,2924,1385,1935
6332628,455.38,296.7,462.02,302.85,1076,2861,1145,2931,1388,1932
6332630,455.46,297.45,461.86,302.475,1079,2870,1144,2927,1386,1931
6332632,454.82,297.15,461.94,302.55,1073,2866,1146,2928,1386,1930
6332634,455.06,297.3,462.5,302.25,1076,2869,1153,2925,1384,1929
6332636,454.82,298.5,462.42,302.925,1074,2881,1152,2932,1387,1927
6332638,454.5,298.275,462.18,303.3,1072,2879,1151,2937,1382,1922
6332640,455.3,299.1,462.34,302.925,1080,2888,1153,2933,1377,1925
6332642,455.3,297.3,462.9,303.15,1082,2869,1160,2935,1382,1923
6332644,454.74,299.4,462.1,303.075,1076,2892,1152,2935,1380,1921
6332646,455.78,299.7,462.58,303.3,1088,2896,1159,2938,1380,1921
6332648,454.82,296.925,462.42,303.225,1078,2865,1157,2936,1383,1921
6332650,455.14,297.675,462.26,303.675,1083,2874,1156,2943,1378,1919
6332652,454.1,300.225,462.26,303.675,1071,2901,1155,2942,1376,1916
6332654,454.58,298.575,462.5,303.9,1078,2884,1159,2945,1380,1918
6332656,454.98,297.15,462.5,303.9,1082,2868,1159,2945,1384,1918
6332658,454.9,299.25,461.94,303.975,1081,2892,1154,2947,1378,1916
6332660,453.94,299.625,462.42,303.825,1071,2896,1158,2945,1375,1915
6332662,454.9,298.875,462.02,304.425,1082,2889,1155,2952,1378,1913
6332664,454.98,298.275,461.7,304.425,1083,2882,1152,2952,1375,1913
6332666,454.34,298.05,461.62,304.2,1077,2880,1152,2949,1381,1912
6332668,455.06,297.75,461.46,304.125,1085,2877,1150,2948,1376,1912
6332670,454.26,298.725,461.22,304.425,1076,2888,1148,2952,1370,1911
6332672,454.5,298.5,461.54,304.05,1078,2885,1151,2948,1375,1909
6332674,454.1,298.875,461.7,304.5,1074,2889,1152,2953,1370,1907
6332676,453.94,298.95,461.06,304.35,1072,2890,1145,2951,1371,1908
6332678,453.94,297.975,461.54,304.35,1072,2880,1150,2952,1372,1907
6332680,453.54,297.6,461.06,304.275,1068,2875,1145,2951,1370,1905
6332682,453.7,298.8,460.9,303.825,1069,2889,1143,2946,1371,1903
6332684,453.38,298.95,461.06,304.875,1066,2890,1144,2958,1372,1902
6332686,453.14,299.925,460.74,304.2,1062,2901,1140,2951,1363,1901
6332688,453.7,297.525,460.82,304.725,1069,2875,1141,2956,1368,1900
6332690,454.02,299.625,460.74,304.725,1070,2898,1139,2957,1367,1901
6332692,452.74,300,460.58,304.8,1056,2901,1137,2957,1363,1899
6332694,453.7,298.2,460.42,304.275,1066,2883,1135,2951,1364,1900
6332696,453.54,299.7,460.42,304.275,1064,2899,1135,2951,1360,1896
6332698,453.14,299.775,460.82,304.275,1058,2899,1138,2951,1359,1895
6332700,453.3,298.95,460.58,304.125,1061,2890,1135,2949,1364,1897
6332702,453.38,300.3,460.5,304.35,1060,2905,1133,2951,1360,1891
6332704,453.54,299.925,460.5,303.9,1061,2901,1134,2947,1359,1894
6332706,453.46,298.65,460.58,304.2,1060,2886,1133,2950,1360,1892
6332708,452.66,299.25,460.5,304.125,1051,2893,1133,2949,1356,1890
6332710,452.58,300,460.26,304.425,1049,2901,1128,2952,1356,1891
6332712,452.58,299.175,460.5,303.825,1049,2892,1131,2946,1360,1890
6332714,453.06,299.775,460.82,304.725,1053,2898,1133,2955,1354,1886
6332716,452.26,300.225,460.34,303.825,1045,2903,1128,2945,1353,1887
6332718,453.38,298.575,460.18,303.975,1056,2885,1125,2946,1361,1888
6332720,452.66,299.7,460.34,303.9,1047,2897,1127,2946,1352,1882
6332722,452.66,300.225,460.18,304.2,1046,2902,1124,2949,1353,1882
6332724,453.54,299.775,460.26,303.525,1056,2898,1125,2941,1357,1883
6332726,454.34,300.525,459.94,304.275,1062,2906,1120,2949,1351,1881
6332728,452.02,299.7,460.18,303.45,1039,2896,1123,2940,1351,1880
6332730,453.38,299.475,460.34,305.175,1052,2894,1123,2959,1348,1877
6332732,453.62,298.95,460.26,304.35,1054,2888,1123,2949,1351,1878
6332734,453.38,299.55,460.5,304.575,1051,2895,1124,2952,1348,1877
6332736,452.98,299.925,460.5,304.125,1047,2899,1124,2947,1351,1879
6332738,451.94,298.8,460.34,304.5,1035,2886,1121,2951,1345,1875
6332740,451.94,299.1,460.18,305.325,1034,2889,1119,2961,1341,1872
6332742,452.26,300,460.66,304.725,1037,2899,1124,2954,1346,1873
6332744,452.58,300.45,460.26,304.8,1040,2904,1120,2954,1342,1874
6332746,452.26,299.775,460.1,305.4,1036,2896,1117,2961,1339,1869
6332748,451.86,299.925,460.02,305.025,1032,2898,1116,2957,1342,1866
6332750,451.14,300.675,460.34,305.625,1023,2906,1118,2964,1335,1867
6332752,451.62,299.625,460.34,305.775,1028,2895,1118,2966,1342,1870
6332754,452.66,300.6,460.34,305.775,1039,2906,1117,2965,1339,1870
6332756,452.42,299.7,460.66,306.225,1036,2896,1121,2970,1341,1868
6332758,452.9,300.975,461.14,306.225,1040,2910,1125,2971,1339,1866
6332760,453.22,301.8,460.82,306.075,1043,2919,1121,2969,1338,1865
6332762,452.66,301.725,461.22,306.225,1036,2919,1125,2971,1337,1865
6332764,452.5,300.75,461.54,305.925,1035,2908,1128,2968,1332,1864
6332766,453.06,300.45,461.62,305.775,1040,2905,1129,2967,1331,1861
6332768,452.9,300.975,461.62,306,1039,2911,1128,2969,1337,1863
6332770,452.74,301.8,462.34,306.3,1036,2920,1135,2973,1332,1858
6332772,453.86,300.375,461.94,305.4,1048,2905,1132,2963,1330,1856
6332774,452.98,302.025,462.26,306.075,1037,2923,1134,2971,1331,1850
6332776,453.3,301.125,462.58,305.325,1041,2913,1137,2963,1323,1850
6332778,453.54,299.85,462.5,304.95,1044,2900,1136,2959,1326,1848
6332780,452.9,300.9,463.06,305.1,1037,2911,1142,2961,1330,1847
6332782,453.7,300.675,463.3,305.175,1045,2909,1144,2962,1322,1846
6332784,453.7,300.75,463.54,305.55,1045,2911,1146,2967,1324,1841
6332786,453.78,300.6,463.46,305.1,1045,2909,1146,2962,1325,1843
6332788,454.26,300.375,463.94,305.625,1050,2907,1150,2968,1322,1841
6332790,454.9,300.15,463.94,305.925,1056,2905,1150,2971,1321,1840
6332792,454.58,300.15,463.54,305.625,1054,2905,1146,2968,1318,1839
6332794,453.38,300.45,463.62,305.55,1041,2908,1147,2967,1319,1839
6332796,454.02,301.125,463.7,304.725,1047,2916,1148,2959,1320,1837
6332798,455.06,300.075,463.22,304.95,1059,2905,1143,2961,1315,1834
6332800,454.1,300.525,463.06,304.725,1049,2910,1142,2958,1322,1833
6332802,454.66,300.6,462.5,305.4,1054,2911,1135,2966,1317,1829
6332804,454.9,300.6,463.46,303.975,1056,2911,1145,2951,1318,1830
6332806,455.06,300.675,463.14,306,1058,2912,1142,2973,1316,1826
6332808,454.18,299.775,463.22,305.025,1049,2901,1143,2962,1316,1828
6332810,454.58,299.775,462.9,304.725,1053,2902,1139,2959,1313,1824
6332812,455.3,300.375,463.14,305.325,1061,2909,1141,2965,1309,1825
6332814,454.42,300.675,462.58,304.8,1051,2912,1136,2960,1311,1820
6332816,455.14,300.3,462.82,304.425,1059,2908,1138,2956,1311,1817
6332818,454.26,300.75,462.66,304.275,1049,2913,1136,2954,1311,1816
6332820,454.5,300.3,462.66,305.325,1052,2908,1136,2966,1313,1821
6332822,454.66,301.2,462.74,303.525,1053,2918,1137,2947,1308,1813
6332824,454.26,300.675,462.66,303.825,1049,2912,1136,2949,1307,1814
6332826,453.86,300.15,462.82,305.475,1045,2906,1137,2968,1305,1817
6332828,454.42,301.05,462.5,304.8,1051,2916,1134,2960,1309,1811
6332830,453.94,300.9,462.66,305.1,1045,2914,1135,2963,1308,1810
6332832,454.1,301.275,462.5,304.875,1047,2919,1134,2961,1307,1811
6332834,453.62,300.825,462.42,304.95,1041,2913,1132,2962,1306,1808
6332836,452.98,301.35,463.22,304.125,1034,2919,1141,2953,1308,1804
6332838,453.38,300.975,462.5,304.575,1038,2915,1133,2958,1304,1805
6332840,453.22,300.825,462.34,304.575,1037,2914,1131,2958,1302,1805
6332842,453.22,300.825,462.58,304.575,1036,2914,1133,2958,1300,1805
6332844,453.22,301.05,462.58,305.025,1036,2916,1133,2963,1303,1802
6332846,453.06,299.775,462.5,304.125,1034,2902,1132,2953,1299,1801
6332848,453.22,300.9,462.58,304.65,1036,2914,1133,2959,1302,1797
6332850,453.86,300.375,462.66,303.3,1042,2909,1133,2944,1299,1797
6332852,453.46,299.925,462.34,303.75,1038,2904,1130,2949,1300,1798
6332854,453.46,300.975,462.74,304.05,1037,2916,1134,2952,1296,1798
6332856,452.42,301.575,462.66,303.675,1026,2922,1133,2949,1303,1797
6332858,452.9,300.525,462.66,304.65,1030,2910,1132,2959,1301,1794
6332860,452.98,300.75,462.26,304.425,1032,2913,1128,2956,1301,1794
6332862,453.78,301.875,462.18,304.05,1038,2926,1127,2953,1302,1791
6332864,453.22,300.45,462.5,303.6,1034,2910,1130,2948,1297,1792
6332866,452.98,301.425,462.9,303.975,1030,2920,1134,2952,1298,1789
6332868,453.22,300.225,462.58,304.275,1033,2908,1130,2955,1296,1791
6332870,453.46,298.875,462.98,303.9,1035,2893,1134,2952,1291,1784
6332872,453.3,300.3,462.42,304.275,1033,2909,1128,2955,1298,1785
6332874,453.22,299.925,463.54,304.125,1032,2904,1139,2954,1293,1784
6332876,453.54,299.1,462.74,304.05,1035,2895,1131,2953,1298,1783
6332878,453.3,299.85,463.22,304.35,1032,2904,1135,2956,1295,1783
6332880,453.22,300.6,463.46,303.975,1031,2912,1138,2952,1293,1780
6332882,453.3,300.75,463.78,304.5,1031,2913,1140,2958,1293,1779
6332884,453.38,300.825,463.06,304.65,1032,2914,1133,2960,1294,1781
6332886,453.54,299.1,463.86,305.025,1034,2895,1141,2963,1290,1780
6332888,453.54,301.35,463.62,303.75,1033,2920,1138,2950,1293,1777
6332890,453.38,300.225,463.94,305.25,1032,2907,1141,2966,1294,1776
6332892,453.06,300,463.94,305.025,1028,2904,1141,2964,1297,1774
6332894,454.18,300.975,464.1,304.875,1039,2916,1143,2962,1291,1775
6332896,453.78,300.15,464.18,304.8,1036,2907,1143,2961,1291,1773
6332898,453.78,298.8,464.26,304.725,1036,2892,1144,2961,1286,1774
6332900,453.78,300.3,463.86,304.725,1035,2908,1139,2960,1287,1774
6332902,454.26,299.625,464.1,305.175,1040,2901,1141,2965,1287,1773
6332904,454.5,300.225,463.7,305.475,1042,2907,1137,2968,1290,1765
6332906,453.7,300.225,464.02,304.35,1033,2907,1140,2956,1289,1767
6332908,454.58,300.6,463.94,304.95,1042,2912,1139,2963,1287,1768
6332910,453.7,299.25,464.42,305.025,1033,2896,1144,2963,1286,1765
6332912,454.26,300.9,464.42,304.8,1039,2915,1144,2961,1289,1765
6332914,454.34,300.825,464.02,305.55,1039,2913,1140,2969,1289,1761
6332916,454.26,300.45,464.42,305.1,1039,2910,1144,2964,1286,1757
6332918,454.66,300.225,464.26,305.4,1043,2907,1142,2967,1286,1758
6332920,454.26,300.225,463.7,305.775,1039,2907,1137,2971,1286,1762
6332922,454.58,299.4,464.26,305.85,1042,2898,1143,2972,1285,1756
6332924,454.66,300.6,464.26,305.475,1043,2912,1142,2968,1284,1756
6332926,454.9,299.775,464.34,305.85,1045,2903,1143,2973,1286,1754
6332928,454.18,300,464.34,305.925,1038,2905,1143,2973,1285,1756
6332930,454.42,299.4,464.66,306.3,1041,2898,1146,2978,1283,1758
6332932,455.06,299.625,464.26,305.25,1047,2901,1142,2966,1283,1751
6332934,455.62,300.15,464.1,305.775,1052,2907,1140,2972,1280,1754
6332936,454.66,300.675,464.18,305.55,1043,2912,1141,2969,1286,1754
6332938,454.66,300.3,464.26,305.325,1043,2908,1142,2967,1282,1749
6332940,454.66,298.5,464.1,305.55,1043,2888,1140,2970,1279,1751
6332942,455.46,299.25,464.34,305.1,1051,2897,1143,2964,1280,1748
6332944,455.46,299.85,464.18,304.875,1051,2903,1141,2962,1281,1749
6332946,454.9,299.25,464.66,304.95,1046,2897,1146,2962,1279,1748
6332948,454.9,298.95,464.58,305.175,1045,2894,1145,2965,1282,1747
6332950,454.5,299.775,464.26,305.1,1041,2903,1142,2965,1278,1748
6332952,455.38,300.375,464.58,304.875,1050,2909,1146,2962,1281,1748
6332954,455.22,300,464.18,304.875,1048,2905,1141,2962,1280,1749
6332956,454.42,300.15,464.42,305.325,1040,2906,1144,2967,1281,1747
6332958,455.22,300.225,464.66,305.475,1048,2907,1146,2969,1278,1747
6332960,454.98,298.95,464.5,305.175,1046,2894,1145,2965,1280,1747
6332962,455.14,300,464.5,305.625,1048,2905,1144,2970,1282,1746
6332964,454.98,298.275,464.5,305.4,1046,2886,1144,2968,1279,1742
6332966,456.1,298.425,464.26,305.175,1058,2889,1142,2966,1276,1746
6332968,454.74,299.775,464.1,304.65,1043,2903,1141,2959,1278,1743
6332970,454.66,298.8,464.34,305.775,1043,2893,1143,2972,1272,1741
6332972,455.14,298.725,464.34,305.55,1048,2892,1143,2970,1276,1743
6332974,454.74,298.95,464.42,306.15,1044,2894,1144,2977,1277,1742
6332976,454.66,300.075,464.42,305.775,1042,2906,1143,2972,1272,1743
6332978,454.66,299.175,464.34,306,1042,2897,1142,2975,1275,1741
6332980,454.98,300.3,464.34,306.075,1046,2909,1142,2976,1276,1740
6332982,454.9,300.225,464.34,306,1045,2909,1142,2975,1277,1741
6332984,454.42,299.025,464.74,306.525,1040,2896,1146,2981,1273,1740
6332986,454.42,299.1,464.1,306.15,1040,2896,1140,2977,1270,1740
6332988,454.34,299.925,464.34,306,1039,2905,1142,2975,1274,1741
6332990,454.66,300.825,464.34,306.375,1043,2915,1142,2980,1271,1738
6332992,454.42,300.15,464.34,306.225,1039,2908,1142,2978,1273,1739
6332994,454.5,301.35,464.34,306.225,1040,2921,1142,2978,1269,1740
6332996,454.98,300.675,464.74,306.9,1045,2914,1147,2986,1271,1738
6332998,454.58,299.85,464.18,307.125,1041,2905,1140,2988,1275,1738
6333000,454.9,299.625,464.58,306.3,1045,2902,1145,2979,1274,1739
6333002,453.86,300.9,464.42,306.225,1034,2917,1143,2979,1268,1735
6333004,454.42,300.225,464.02,305.85,1040,2909,1139,2974,1268,1734
6333006,454.42,301.125,464.74,306.75,1040,2919,1146,2984,1268,1736
6333008,454.5,301.125,464.74,306.9,1041,2919,1146,2986,1269,1734
6333010,454.82,299.55,464.18,306.45,1044,2902,1140,2981,1268,1733
6333012,455.22,299.025,464.82,306.6,1049,2897,1147,2983,1271,1734
6333014,454.98,299.925,464.26,306.3,1047,2906,1142,2980,1269,1729
6333016,455.06,299.475,464.74,306.225,1048,2902,1147,2979,1269,1731
6333018,455.38,298.35,465.22,306.15,1051,2889,1152,2979,1268,1731
6333020,455.14,300,464.74,306.225,1048,2908,1147,2979,1272,1729
6333022,454.82,299.625,464.5,306,1045,2903,1145,2977,1268,1729
6333024,454.26,299.475,464.9,306.075,1040,2901,1149,2977,1266,1731
6333026,454.5,299.625,464.58,306.375,1042,2903,1146,2980,1267,1727
6333028,455.14,299.7,465.14,306,1049,2904,1152,2977,1272,1728
6333030,454.9,299.85,464.9,305.775,1046,2905,1150,2974,1267,1728
6333032,455.7,299.55,465.54,305.7,1056,2902,1156,2974,1271,1725
6333034,454.74,299.775,465.3,305.625,1046,2905,1155,2973,1269,1728
6333036,454.66,299.175,465.06,305.7,1045,2898,1152,2974,1266,1725
6333038,455.46,299.7,465.3,305.775,1053,2904,1155,2975,1268,1726
6333040,454.74,299.4,465.3,305.625,1046,2901,1155,2972,1268,1725
6333042,455.14,299.325,465.22,306.375,1051,2900,1155,2981,1268,1721
6333044,454.66,299.775,465.54,306.3,1046,2904,1158,2980,1263,1725
6333046,455.14,300.6,465.3,306.825,1052,2914,1156,2986,1267,1721
6333048,454.34,300,464.9,306.075,1043,2907,1153,2977,1266,1722
6333050,455.62,299.4,465.78,306.45,1057,2901,1162,2981,1270,1720
6333052,455.46,299.4,465.22,306.525,1056,2900,1156,2982,1266,1723
6333054,455.06,299.475,465.54,306.225,1053,2901,1161,2979,1268,1721
6333056,454.98,300.975,465.46,306.075,1052,2918,1160,2977,1269,1722
6333058,455.14,300.45,464.9,306.45,1054,2912,1155,2981,1271,1721
6333060,455.62,301.5,465.46,306.825,1059,2924,1160,2986,1268,1718
6333062,455.22,300.525,465.38,306.225,1056,2913,1161,2979,1271,1720
6333064,455.14,299.4,465.46,305.4,1056,2901,1162,2970,1269,1720
6333066,454.9,299.175,465.3,305.775,1054,2898,1161,2974,1263,1715
6333068,454.98,299.775,465.38,305.925,1054,2905,1162,2976,1268,1719
6333070,455.3,299.775,465.54,305.775,1058,2905,1164,2974,1268,1716
6333072,455.54,299.25,465.86,305.55,1061,2899,1168,2972,1269,1715
6333074,455.38,299.7,465.78,305.7,1060,2904,1168,2973,1270,1717
6333076,454.74,299.4,465.22,305.7,1053,2901,1162,2973,1265,1711
6333078,454.98,298.875,465.94,305.475,1057,2894,1170,2971,1268,1711
6333080,455.06,299.7,465.78,305.925,1058,2904,1169,2976,1265,1712
6333082,454.18,298.65,465.54,305.4,1049,2892,1167,2970,1264,1714
6333084,454.9,298.875,465.94,305.925,1057,2895,1171,2976,1269,1716
6333086,454.98,299.4,465.22,306.225,1059,2900,1164,2979,1266,1712
6333088,455.46,300.375,465.78,306.375,1063,2911,1170,2981,1267,1712
6333090,455.14,300,466.18,306.3,1061,2907,1175,2981,1268,1712
6333092,455.38,299.85,465.38,306.975,1063,2905,1167,2988,1262,1710
6333094,454.74,299.7,465.3,306.375,1058,2904,1167,2981,1268,1713
6333096,454.98,299.55,465.94,305.775,1060,2902,1174,2974,1268,1712
6333098,455.14,299.325,465.46,306.375,1063,2900,1169,2981,1260,1707
6333100,454.66,299.7,465.3,306.225,1058,2904,1168,2979,1265,1709
6333102,454.98,299.625,465.46,306.15,1062,2903,1170,2978,1267,1708
6333104,454.74,300,465.46,306.3,1060,2907,1170,2980,1263,1708
6333106,454.74,300.75,465.38,306.6,1060,2916,1170,2984,1262,1708
6333108,454.58,299.7,465.86,306.15,1059,2904,1175,2979,1265,1705
6333110,454.18,300.675,465.22,306.15,1055,2914,1169,2979,1264,1705
6333112,454.1,299.325,465.22,306.675,1055,2900,1169,2984,1262,1706
6333114,454.02,300.6,465.38,305.925,1054,2914,1172,2976,1264,1704
6333116,454.58,300.675,465.06,307.5,1060,2915,1168,2993,1264,1702
6333118,454.18,301.275,465.06,306.75,1056,2922,1169,2986,1265,1706
6333120,454.98,300.15,465.3,306.9,1065,2909,1172,2987,1266,1704
6333122,454.02,300.975,465.14,307.125,1055,2919,1170,2990,1265,1704
6333124,453.7,300.825,464.9,307.35,1053,2917,1168,2992,1263,1703
6333126,453.3,301.125,464.9,306.975,1048,2920,1169,2988,1261,1703
6333128,452.9,300.3,465.3,306.6,1045,2911,1173,2984,1263,1705
6333130,454.34,300.975,465.22,306.6,1060,2919,1172,2985,1266,1701
6333132,453.78,300.675,464.82,306.525,1054,2916,1168,2984,1265,1701
6333134,453.94,300.225,465.22,306.525,1056,2911,1173,2984,1261,1700
6333136,453.94,300.225,464.98,306.975,1056,2911,1170,2989,1261,1703
6333138,453.78,300.375,465.06,306.9,1055,2913,1171,2989,1262,1699
6333140,453.46,299.85,464.9,306.45,1052,2907,1170,2984,1265,1699
6333142,453.78,300.45,464.98,306.525,1055,2914,1171,2984,1263,1700
6333144,453.3,299.625,464.5,306.825,1050,2904,1166,2988,1262,1700
6333146,454.02,301.275,464.82,306.525,1057,2923,1169,2985,1260,1701
6333148,453.78,301.35,464.98,306.825,1055,2924,1171,2988,1264,1701
6333150,453.06,298.95,464.9,306.675,1048,2898,1170,2987,1258,1701
6333152,453.94,299.775,464.74,306.15,1057,2907,1168,2981,1263,1701
6333154,454.58,301.425,464.98,307.35,1064,2926,1171,2994,1264,1698
6333156,453.54,300.3,465.06,306.375,1053,2913,1172,2984,1263,1700
6333158,453.94,300.675,465.06,308.025,1057,2918,1172,3002,1262,1697
6333160,454.26,301.875,465.54,307.575,1060,2931,1177,2997,1266,1699
6333162,453.46,301.275,465.06,307.125,1053,2924,1173,2993,1262,1698
6333164,453.22,300,464.82,307.35,1050,2910,1170,2995,1262,1698
6333166,453.38,300.825,465.46,308.025,1052,2920,1177,3003,1263,1695
6333168,452.74,298.725,464.82,306.975,1046,2897,1170,2991,1257,1695
6333170,453.7,300.75,464.82,307.275,1055,2919,1171,2995,1263,1696
6333172,453.62,300.825,464.9,306.9,1055,2920,1171,2991,1260,1700
6333174,453.22,300.3,465.46,307.05,1051,2914,1177,2993,1260,1698
6333176,453.14,301.8,464.66,307.35,1049,2931,1169,2997,1263,1694
6333178,453.3,299.85,465.3,306.825,1052,2910,1176,2991,1259,1698
6333180,453.38,299.25,465.38,307.425,1053,2903,1176,2997,1261,1694
6333182,453.62,300.675,464.74,307.125,1056,2920,1171,2994,1262,1696
6333184,453.54,301.05,465.46,306.825,1054,2923,1178,2991,1258,1697
6333186,453.14,299.85,465.3,307.125,1051,2910,1177,2995,1257,1696
6333188,453.62,300.975,464.82,306.3,1055,2923,1172,2986,1262,1700
6333190,453.62,300.675,465.46,306.15,1056,2920,1179,2984,1261,1696
6333192,453.22,300.975,465.38,306,1052,2923,1178,2983,1257,1695
6333194,453.7,300.6,465.22,306.9,1057,2919,1177,2992,1262,1694
6333196,452.5,298.275,465.62,305.55,1045,2893,1181,2978,1259,1694
6333198,453.14,298.5,465.94,306.9,1052,2896,1184,2993,1261,1693
6333200,454.18,299.625,465.38,305.925,1063,2908,1179,2982,1261,1693
6333202,453.86,299.4,465.7,305.4,1060,2906,1182,2976,1260,1694
6333204,453.14,298.425,466.26,305.475,1053,2895,1188,2977,1259,1691
6333206,453.94,299.175,465.46,306.075,1061,2903,1180,2983,1260,1692
6333208,453.86,300.075,465.78,306.075,1060,2913,1184,2984,1257,1695
6333210,453.3,297.675,465.94,305.775,1055,2887,1185,2980,1255,1691
6333212,453.54,299.475,465.62,304.65,1057,2907,1182,2968,1258,1696
6333214,453.78,299.55,465.94,304.95,1060,2907,1186,2971,1259,1694
6333216,453.86,298.575,466.1,305.175,1061,2896,1188,2973,1260,1690
6333218,454.1,297.975,465.86,304.425,1065,2889,1186,2965,1254,1693
6333220,452.98,297.9,465.7,304.35,1053,2889,1184,2964,1258,1693
6333222,453.62,298.125,466.18,304.725,1060,2891,1190,2968,1260,1692
6333224,453.46,298.35,466.18,304.65,1058,2894,1190,2967,1258,1696
6333226,454.34,298.125,466.02,305.475,1068,2891,1188,2976,1256,1689
6333228,453.06,299.1,465.7,304.35,1054,2901,1185,2964,1260,1696
6333230,453.22,297.075,465.86,304.5,1057,2879,1188,2965,1256,1690
6333232,454.42,298.725,466.34,304.875,1069,2897,1192,2969,1262,1691
6333234,453.3,298.275,465.78,305.25,1058,2892,1187,2973,1257,1692
6333236,453.38,298.575,465.86,304.65,1059,2895,1188,2966,1267,1692
6333238,453.22,298.95,466.34,304.425,1058,2900,1194,2964,1263,1693
6333240,454.42,298.875,466.02,304.125,1071,2899,1191,2961,1258,1696
6333242,453.14,297.225,466.02,304.875,1058,2881,1191,2969,1263,1693
6333244,453.38,299.625,465.94,305.1,1060,2907,1191,2971,1261,1692
6333246,453.62,298.65,465.38,305.025,1064,2896,1185,2970,1252,1694
6333248,453.14,298.65,465.54,304.8,1058,2896,1187,2968,1264,1693
6333250,453.54,300.225,465.62,305.1,1062,2914,1188,2971,1256,1694
6333252,454.18,300.075,465.38,304.95,1069,2912,1185,2969,1258,1696
6333254,453.7,299.325,466.1,304.875,1064,2904,1193,2969,1260,1693
6333256,454.26,300.3,465.7,305.025,1070,2915,1188,2970,1265,1697
6333258,453.14,301.875,465.46,305.25,1058,2932,1186,2973,1263,1696
6333260,453.14,299.7,465.46,305.625,1059,2908,1186,2977,1266,1696
6333262,453.3,300.525,465.86,305.475,1060,2917,1191,2976,1263,1696
6333264,452.98,299.175,465.22,304.65,1057,2902,1185,2967,1262,1700
6333266,452.98,299.1,465.94,305.025,1057,2901,1192,2971,1263,1696
6333268,453.38,299.25,465.94,304.425,1062,2904,1192,2965,1267,1694
6333270,453.54,298.875,465.38,304.725,1064,2900,1186,2968,1261,1695
6333272,453.06,297.15,465.94,304.575,1059,2881,1192,2966,1260,1696
6333274,452.58,298.875,465.06,304.05,1053,2900,1183,2961,1262,1699
6333276,453.46,298.35,465.3,304.125,1062,2894,1185,2962,1266,1700
6333278,454.18,298.125,465.06,303.675,1070,2893,1183,2957,1257,1700
6333280,452.98,299.625,464.74,304.575,1057,2908,1179,2967,1255,1698
6333282,453.14,299.7,466.02,303.675,1058,2909,1192,2957,1263,1697
6333284,452.82,297,464.9,303.9,1056,2879,1181,2959,1261,1700
6333286,452.5,298.725,464.98,304.05,1052,2898,1181,2961,1262,1700
6333288,452.66,298.2,464.58,303.375,1054,2892,1177,2954,1265,1698
6333290,453.3,298.8,464.5,303.6,1060,2900,1176,2956,1263,1700
6333292,452.9,298.425,464.74,303.375,1055,2895,1179,2954,1263,1703
6333294,452.58,298.425,465.06,303.3,1052,2895,1182,2953,1262,1700
6333296,453.54,296.625,465.22,303.15,1063,2876,1183,2951,1260,1700
6333298,452.66,297.675,464.42,302.925,1052,2887,1174,2949,1262,1702
6333300,452.98,297.825,464.34,302.925,1056,2889,1174,2949,1263,1705
6333302,452.66,297.225,464.18,302.55,1053,2882,1172,2945,1259,1701
6333304,452.42,297.675,464.26,303.225,1050,2887,1173,2952,1259,1703
6333306,452.58,296.925,463.86,302.475,1052,2879,1169,2944,1262,1702
6333308,452.02,296.625,463.78,302.325,1046,2875,1168,2942,1258,1705
6333310,453.06,297.375,464.42,302.475,1056,2884,1174,2944,1259,1704
6333312,453.14,296.925,463.54,302.775,1057,2880,1165,2948,1262,1705
6333314,452.9,296.85,463.46,303.075,1054,2879,1163,2951,1257,1704
6333316,452.58,297.3,463.46,302.775,1051,2884,1163,2948,1260,1705
6333318,452.74,297.225,463.3,302.925,1052,2883,1162,2949,1263,1704
6333320,452.02,297.375,463.94,303,1044,2885,1168,2951,1260,1707
6333322,452.5,296.925,463.86,303.15,1049,2880,1167,2953,1263,1708
6333324,452.26,298.275,464.18,303,1046,2895,1170,2950,1263,1708
6333326,452.82,296.85,464.18,303.225,1053,2880,1170,2953,1260,1709
6333328,452.58,298.65,463.7,303.525,1050,2899,1165,2957,1264,1708
6333330,452.26,296.925,464.26,303.075,1046,2881,1170,2952,1262,1708
6333332,452.42,297.3,464.02,303.375,1048,2885,1168,2956,1261,1709
6333334,452.58,298.2,463.94,304.05,1049,2895,1166,2963,1260,1709
6333336,452.66,299.55,463.7,303.75,1049,2910,1164,2960,1263,1711
6333338,452.66,298.05,464.26,303.75,1049,2894,1170,2961,1266,1712
6333340,452.1,298.95,464.26,303.3,1043,2903,1170,2956,1261,1711
6333342,452.18,299.7,464.1,303.75,1043,2912,1167,2961,1267,1714
6333344,452.9,298.05,464.02,303.45,1051,2894,1166,2957,1268,1714
6333346,453.06,299.775,464.1,303.975,1052,2914,1166,2964,1268,1713
6333348,452.02,297.6,463.86,303.9,1041,2890,1164,2963,1264,1712
6333350,452.66,298.575,464.26,303.45,1048,2901,1168,2959,1267,1713
6333352,453.14,300.15,464.34,304.275,1052,2918,1169,2968,1272,1715
6333354,453.22,298.5,463.94,303.525,1053,2901,1163,2960,1268,1714
6333356,452.58,300.3,464.26,304.275,1046,2920,1167,2968,1272,1717
6333358,453.38,299.925,464.1,303.75,1053,2917,1165,2962,1269,1715
6333360,452.98,300.15,463.94,303.975,1049,2919,1163,2964,1271,1716
6333362,452.34,298.575,464.1,304.05,1042,2901,1164,2966,1271,1720
6333364,453.3,299.175,464.34,303.6,1052,2908,1167,2961,1273,1717
6333366,452.9,299.775,464.02,303.9,1047,2915,1162,2964,1271,1716
6333368,452.66,299.1,463.94,303.825,1044,2908,1162,2963,1268,1721
6333370,452.82,299.55,463.62,303.3,1046,2912,1158,2957,1270,1720
6333372,452.42,299.25,464.02,303.9,1042,2909,1162,2964,1273,1725
6333374,452.98,299.55,463.62,303.45,1047,2912,1157,2959,1267,1725
6333376,452.5,298.65,463.7,303.6,1042,2903,1158,2961,1264,1722
6333378,452.82,298.275,463.86,303.675,1045,2898,1159,2961,1269,1728
6333380,452.66,298.875,463.94,303.375,1043,2904,1160,2958,1269,1725
6333382,452.02,299.175,463.46,303.45,1036,2907,1155,2958,1270,1727
6333384,452.18,299.4,464.02,303.075,1038,2909,1161,2954,1276,1729
6333386,452.1,298.725,464.02,303.3,1037,2901,1161,2956,1270,1726
6333388,451.94,299.325,463.22,302.925,1035,2908,1152,2951,1274,1731
6333390,453.3,299.475,464.26,303.075,1049,2909,1163,2953,1271,1728
6333392,452.1,299.025,463.86,303.225,1036,2904,1159,2954,1272,1729
6333394,452.82,298.2,463.7,303.15,1045,2894,1157,2953,1270,1732
6333396,452.42,298.725,463.7,302.7,1040,2900,1157,2948,1272,1731
6333398,452.66,299.1,464.1,303.45,1042,2903,1162,2955,1270,1730
6333400,452.02,298.875,463.94,302.85,1035,2900,1160,2948,1272,1731
6333402,453.3,297.675,464.02,303.45,1050,2887,1161,2954,1268,1730
6333404,452.5,298.275,464.34,303.15,1041,2894,1164,2951,1275,1734
6333406,452.74,297.225,463.54,303.225,1044,2881,1156,2951,1270,1734
6333408,452.42,297,464.5,303.075,1041,2879,1166,2949,1275,1736
6333410,453.06,297.975,464.34,302.925,1047,2888,1164,2947,1272,1734
6333412,452.58,298.875,464.42,302.7,1042,2898,1165,2944,1272,1736
6333414,453.06,298.8,464.26,303.3,1047,2897,1164,2950,1276,1739
6333416,453.14,299.7,464.58,303.375,1048,2906,1167,2951,1279,1737
6333418,452.18,299.1,464.34,303.9,1039,2898,1165,2955,1275,1737
6333420,452.9,299.55,464.42,303,1046,2904,1166,2946,1275,1740
6333422,453.06,299.4,464.5,304.05,1048,2901,1167,2957,1276,1738
6333424,453.7,299.55,464.82,303.825,1055,2903,1170,2954,1279,1738
6333426,452.9,299.7,464.5,303.75,1047,2904,1167,2952,1280,1739
6333428,454.34,299.85,464.58,303.9,1062,2907,1168,2954,1280,1741
6333430,454.34,300,464.66,304.575,1062,2908,1170,2962,1279,1739
6333432,453.86,300.075,465.06,304.275,1057,2908,1174,2958,1277,1738
6333434,453.14,299.1,464.9,304.35,1050,2897,1172,2959,1283,1741
6333436,453.46,300.15,464.82,304.575,1053,2909,1171,2961,1283,1741
6333438,454.5,300.9,464.74,304.95,1064,2917,1171,2965,1277,1741
6333440,453.54,301.275,464.74,304.575,1054,2921,1171,2960,1281,1741
6333442,454.1,300.225,464.58,304.875,1061,2908,1170,2963,1279,1742
6333444,454.26,300.825,464.42,305.55,1063,2915,1168,2971,1282,1746
6333446,453.94,299.775,464.66,304.425,1061,2903,1172,2959,1278,1741
6333448,453.78,300.9,464.66,304.35,1059,2916,1172,2958,1283,1745
6333450,454.5,300.3,464.74,304.2,1067,2909,1174,2956,1283,1744
6333452,454.18,300.525,465.06,304.725,1064,2911,1177,2961,1282,1749
6333454,454.02,301.8,464.98,305.55,1063,2925,1176,2970,1284,1745
6333456,454.5,302.175,464.9,305.175,1068,2930,1176,2967,1290,1750
6333458,453.38,300.675,465.22,304.275,1057,2913,1180,2957,1285,1750
6333460,454.1,301.65,465.22,305.55,1064,2924,1180,2971,1283,1752
6333462,454.34,301.125,465.78,305.625,1068,2918,1187,2972,1285,1750
6333464,453.7,301.275,465.38,305.325,1061,2920,1182,2968,1284,1754
6333466,454.42,301.275,465.54,304.875,1069,2920,1185,2964,1283,1754
6333468,454.34,301.5,465.38,304.875,1068,2922,1183,2964,1282,1749
6333470,453.94,300.75,465.06,305.85,1066,2914,1181,2974,1282,1754
6333472,453.78,300.525,466.18,305.775,1063,2912,1192,2974,1284,1757
6333474,453.78,301.575,465.3,305.55,1064,2924,1184,2972,1285,1756
6333476,453.54,300.675,465.22,306,1062,2913,1183,2976,1286,1757
6333478,454.02,301.725,464.98,306.15,1068,2925,1182,2978,1283,1757
6333480,453.38,300.3,464.66,306.225,1062,2909,1179,2979,1284,1759
6333482,453.86,301.65,464.98,306.225,1067,2925,1182,2979,1283,1756
6333484,454.5,301.2,465.3,305.775,1074,2920,1186,2974,1285,1761
6333486,453.14,301.125,464.74,305.85,1060,2919,1180,2975,1282,1760
6333488,453.86,302.325,464.98,306.3,1068,2932,1183,2980,1285,1759
6333490,453.62,301.575,465.14,305.925,1065,2924,1185,2976,1287,1762
6333492,452.9,301.125,464.66,305.85,1058,2919,1180,2975,1289,1760
6333494,453.94,302.55,464.9,305.85,1068,2936,1183,2976,1284,1762
6333496,453.14,301.875,464.98,305.7,1061,2928,1184,2974,1286,1761
6333498,452.5,300.9,464.58,305.7,1054,2917,1180,2974,1285,1764
6333500,452.66,301.5,464.66,305.55,1056,2924,1181,2972,1288,1763
6333502,452.66,301.8,464.42,305.7,1056,2927,1179,2974,1290,1766
6333504,452.42,300.75,464.58,305.7,1054,2916,1180,2974,1287,1762
6333506,453.3,301.425,465.14,305.85,1063,2924,1186,2977,1286,1765
6333508,452.98,300.6,464.82,305.4,1060,2915,1183,2971,1288,1766
6333510,453.3,301.125,464.66,306.45,1064,2920,1181,2983,1282,1764
6333512,453.14,301.35,464.26,306.15,1062,2923,1177,2980,1289,1765
6333514,453.14,300.525,464.66,305.325,1062,2914,1182,2971,1286,1767
6333516,453.06,300.675,464.58,305.85,1061,2916,1181,2977,1287,1764
6333518,452.18,301.275,464.18,306.075,1052,2923,1176,2980,1291,1765
6333520,453.22,301.275,464.26,304.875,1062,2923,1177,2967,1288,1767
6333522,452.82,301.725,464.58,305.1,1058,2928,1181,2970,1288,1768
6333524,452.42,301.575,464.34,305.925,1054,2927,1177,2978,1288,1767
6333526,453.06,300.9,464.66,305.85,1060,2919,1181,2978,1290,1766
6333528,453.38,302.7,464.42,306.3,1063,2940,1178,2983,1292,1769
6333530,452.34,301.8,464.42,306.3,1052,2930,1178,2983,1293,1771
6333532,452.34,301.2,464.34,305.775,1053,2923,1177,2978,1293,1770
6333534,452.5,301.125,464.18,305.4,1054,2923,1176,2974,1293,1774
6333536,452.02,300.975,464.5,305.175,1049,2920,1179,2971,1292,1771
6333538,451.86,301.95,464.82,305.325,1047,2931,1182,2973,1293,1772
6333540,452.82,301.125,464.5,305.475,1057,2923,1179,2975,1288,1772
6333542,452.18,301.35,464.26,305.025,1050,2925,1176,2970,1289,1775
6333544,451.3,301.725,464.74,306.15,1041,2929,1181,2982,1294,1773
6333546,452.5,302.7,464.42,305.7,1053,2940,1178,2977,1293,1774
6333548,452.42,301.725,464.66,305.85,1053,2929,1180,2979,1291,1774
6333550,452.18,301.95,464.66,306.225,1050,2932,1180,2983,1294,1775
6333552,452.5,302.4,464.26,305.325,1053,2937,1176,2973,1292,1779
6333554,452.42,301.725,464.34,306.75,1052,2929,1176,2989,1293,1776
6333556,451.7,302.55,464.9,306.45,1044,2938,1181,2986,1296,1776
6333558,452.34,302.1,464.42,306.15,1050,2934,1176,2983,1295,1778
6333560,451.86,302.175,464.02,304.95,1045,2935,1173,2969,1292,1781
6333562,452.18,302.55,464.1,306.225,1048,2939,1173,2984,1294,1778
6333564,452.5,302.325,464.34,305.775,1052,2937,1175,2979,1294,1780
6333566,452.34,301.425,464.42,306.075,1050,2928,1176,2983,1294,1776
6333568,452.34,302.1,464.1,305.325,1049,2935,1172,2974,1295,1782
6333570,453.38,302.625,464.42,305.7,1060,2941,1175,2979,1293,1780
6333572,452.66,301.95,464.1,305.025,1053,2933,1172,2971,1296,1780
6333574,451.86,302.325,464.34,305.175,1044,2937,1174,2973,1295,1782
6333576,451.62,301.5,463.94,304.5,1042,2928,1170,2965,1296,1784
6333578,452.5,303,463.94,305.025,1050,2945,1170,2971,1294,1781
6333580,452.58,301.8,464.02,304.65,1051,2931,1170,2967,1293,1781
6333582,452.02,301.8,464.1,304.875,1044,2931,1171,2969,1293,1786
6333584,452.18,302.025,463.78,304.575,1046,2933,1168,2966,1297,1784
6333586,451.86,302.025,464.42,305.025,1043,2933,1173,2971,1295,1781
6333588,451.7,300.975,463.46,304.5,1041,2922,1164,2964,1294,1784
6333590,452.5,301.575,463.7,304.5,1049,2928,1166,2965,1298,1785
6333592,452.34,300.525,463.94,304.575,1048,2917,1168,2966,1298,1784
6333594,452.66,301.05,463.7,304.575,1050,2923,1165,2965,1293,1785
6333596,452.58,300.6,463.78,303.9,1050,2917,1167,2958,1294,1785
6333598,452.34,299.7,464.02,304.35,1047,2908,1169,2963,1296,1783
6333600,452.26,300.3,463.86,304.275,1047,2914,1167,2962,1293,1787
6333602,452.5,300.3,463.86,304.275,1049,2914,1168,2961,1295,1784
6333604,452.5,300.6,463.78,303.6,1049,2917,1166,2954,1295,1786
6333606,452.82,300,464.42,303.6,1052,2910,1174,2953,1291,1789
6333608,452.98,300.225,463.78,303.75,1054,2912,1166,2955,1294,1788
6333610,452.98,299.325,464.18,303.9,1054,2902,1171,2956,1292,1788
6333612,452.26,300.075,464.1,303.825,1047,2910,1170,2955,1293,1789
6333614,453.46,300.075,464.1,303.75,1059,2910,1170,2954,1300,1788
6333616,452.9,299.925,464.5,304.125,1054,2908,1174,2958,1297,1789
6333618,453.06,300.6,464.5,304.275,1055,2915,1174,2960,1296,1787
6333620,452.82,301.125,464.42,304.35,1052,2921,1173,2961,1296,1790
6333622,452.9,301.65,464.66,304.65,1053,2926,1175,2963,1298,1791
6333624,453.3,301.8,465.14,305.025,1056,2928,1180,2968,1294,1791
6333626,452.9,300.975,465.06,304.125,1053,2919,1180,2958,1293,1791
6333628,453.86,300.975,465.14,304.65,1063,2919,1181,2964,1296,1792
6333630,453.06,301.5,465.14,304.875,1055,2925,1181,2966,1291,1789
6333632,454.42,301.875,464.82,304.65,1069,2929,1177,2964,1296,1790
6333634,453.94,302.025,465.14,304.875,1064,2931,1181,2967,1296,1790
6333636,454.9,301.875,465.38,304.875,1074,2930,1183,2967,1296,1791
6333638,454.42,301.8,465.3,304.8,1069,2929,1183,2966,1294,1791
6333640,454.18,301.95,465.14,304.875,1067,2931,1181,2967,1297,1790
6333642,454.42,301.725,465.62,304.875,1070,2929,1187,2967,1297,1791
6333644,454.74,302.25,465.94,304.425,1073,2934,1190,2962,1303,1791
6333646,454.58,302.85,465.3,304.575,1071,2941,1183,2964,1300,1791
6333648,453.62,302.475,465.14,305.025,1061,2937,1181,2969,1297,1790
6333650,454.5,302.55,465.46,304.725,1071,2938,1185,2966,1295,1790
6333652,453.86,302.25,465.3,304.875,1064,2935,1183,2967,1299,1791
6333654,454.18,302.85,465.14,304.875,1067,2942,1182,2968,1297,1790
6333656,453.7,303.45,465.46,304.65,1062,2948,1185,2965,1308,1794
6333658,453.86,302.55,465.06,304.5,1064,2939,1181,2964,1305,1792
6333660,453.7,303.225,465.22,304.5,1062,2946,1183,2964,1301,1793
6333662,453.7,303.15,464.9,304.5,1062,2946,1179,2965,1300,1791
6333664,454.26,302.775,464.82,304.275,1068,2942,1178,2962,1298,1794
6333666,454.1,303.15,465.3,304.65,1066,2947,1183,2967,1296,1793
6333668,453.3,302.55,465.06,304.35,1057,2939,1180,2964,1301,1791
6333670,454.1,303.375,465.06,304.8,1065,2950,1180,2969,1299,1791
6333672,454.34,301.65,464.82,304.2,1069,2930,1178,2962,1303,1794
6333674,453.62,301.65,465.06,304.2,1060,2930,1180,2962,1302,1791
6333676,453.38,302.25,464.98,304.65,1058,2937,1179,2967,1305,1791
6333678,454.42,301.65,464.66,304.05,1069,2931,1176,2961,1308,1793
6333680,453.7,301.5,464.26,303.9,1061,2929,1171,2959,1304,1790
6333682,453.78,301.8,464.98,304.2,1062,2932,1178,2963,1301,1792
6333684,453.86,300.9,464.34,304.125,1063,2923,1172,2962,1303,1793
6333686,453.7,301.425,464.34,303.975,1061,2929,1172,2960,1303,1790
6333688,453.14,301.2,464.34,303.975,1055,2926,1172,2960,1302,1792
6333690,453.7,301.575,464.02,303.75,1060,2930,1168,2958,1305,1790
6333692,453.06,301.65,463.94,304.125,1054,2931,1167,2962,1303,1787
6333694,452.5,301.65,464.1,303.9,1047,2930,1168,2960,1301,1787
6333696,453.62,302.1,464.1,304.05,1059,2936,1168,2961,1306,1789
6333698,452.82,301.05,463.78,304.725,1050,2924,1165,2968,1302,1788
6333700,452.9,301.65,464.1,304.275,1051,2931,1167,2964,1298,1790
6333702,452.82,301.2,463.94,303.75,1049,2925,1166,2958,1298,1789
6333704,452.82,301.575,464.1,304.35,1050,2930,1167,2964,1297,1788
6333706,453.14,301.95,464.42,304.275,1052,2934,1171,2963,1301,1789
6333708,453.06,302.175,463.86,304.275,1051,2936,1164,2963,1298,1787
6333710,453.38,302.4,463.94,304.125,1054,2938,1165,2961,1296,1786
6333712,453.14,302.25,463.94,304.125,1052,2937,1165,2961,1296,1786
6333714,452.42,301.5,463.7,303.75,1045,2928,1162,2957,1296,1786
6333716,453.06,302.475,463.7,304.575,1051,2939,1162,2966,1298,1784
6333718,453.38,303.675,463.94,304.725,1053,2952,1164,2968,1299,1784
6333720,454.02,303.075,463.7,304.8,1060,2946,1162,2968,1297,1783
6333722,454.1,303.45,463.46,305.175,1061,2950,1158,2972,1296,1782
6333724,453.3,301.275,463.46,304.35,1053,2925,1159,2963,1294,1785
6333726,453.06,302.025,464.42,304.65,1050,2934,1169,2967,1299,1783
6333728,453.3,302.625,463.62,304.5,1053,2940,1160,2965,1301,1785
6333730,453.22,302.25,463.94,304.8,1052,2936,1164,2968,1300,1782
6333732,453.7,302.175,463.86,304.95,1057,2936,1163,2970,1297,1781
6333734,453.86,303.075,464.02,304.95,1058,2945,1165,2970,1298,1784
6333736,454.34,303.075,464.18,304.95,1063,2946,1166,2970,1296,1783
6333738,453.86,302.775,463.94,305.025,1059,2942,1164,2970,1297,1782
6333740,454.58,302.55,463.78,305.1,1066,2940,1163,2971,1297,1780
6333742,453.54,302.475,464.1,305.025,1056,2939,1166,2971,1297,1782
6333744,454.18,302.1,464.34,305.025,1062,2935,1168,2971,1294,1784
6333746,454.34,302.025,463.94,304.425,1064,2933,1165,2963,1299,1780
6333748,453.54,302.175,464.5,305.025,1056,2935,1171,2970,1298,1779
6333750,454.34,301.95,464.74,304.725,1065,2933,1174,2967,1295,1784
6333752,454.74,302.7,464.66,305.175,1069,2941,1172,2971,1300,1780
6333754,454.34,302.925,464.74,304.875,1065,2943,1174,2968,1302,1780
6333756,454.9,302.475,464.74,304.725,1072,2938,1174,2966,1306,1779
6333758,454.58,302.4,464.58,305.025,1069,2937,1173,2969,1307,1779
6333760,454.74,302.325,464.98,304.275,1070,2936,1178,2962,1302,1780
6333762,455.46,302.55,464.58,304.8,1078,2939,1174,2967,1299,1781
6333764,454.66,301.5,464.74,304.575,1070,2927,1175,2964,1302,1778
6333766,455.3,302.325,464.42,304.875,1078,2936,1172,2967,1300,1776
6333768,455.78,302.25,464.82,304.875,1082,2935,1177,2967,1302,1776
6333770,456.1,302.475,464.82,304.875,1087,2937,1178,2967,1301,1776
6333772,455.94,302.775,465.14,304.8,1085,2940,1181,2967,1303,1778
6333774,455.7,302.325,465.3,305.175,1084,2936,1184,2970,1300,1775
6333776,455.62,302.55,465.14,305.25,1083,2938,1182,2971,1300,1774
6333778,455.78,303.6,464.82,304.95,1085,2949,1179,2967,1302,1776
6333780,455.62,302.025,465.22,305.1,1083,2932,1183,2969,1300,1774
6333782,455.78,303,464.98,304.875,1086,2942,1181,2966,1303,1776
6333784,455.94,302.325,465.54,305.7,1087,2935,1187,2976,1301,1773
6333786,456.02,303.075,465.38,305.625,1088,2943,1186,2974,1301,1774
6333788,456.02,303.15,465.46,305.85,1089,2943,1187,2976,1300,1771
6333790,455.94,303,465.46,306,1088,2942,1187,2978,1305,1772
6333792,456.1,302.925,465.46,305.85,1090,2941,1188,2976,1300,1772
6333794,455.78,303.525,465.14,305.4,1087,2947,1185,2971,1302,1772
6333796,455.78,302.925,465.78,306.15,1087,2940,1191,2979,1301,1772
6333798,455.78,303.825,465.46,305.925,1088,2950,1189,2976,1300,1775
6333800,456.1,302.775,465.14,305.55,1091,2939,1186,2973,1303,1770
6333802,456.18,303.225,465.78,305.625,1093,2943,1193,2973,1304,1768
6333804,454.82,302.475,465.46,305.55,1078,2934,1189,2972,1294,1765
6333806,455.06,303,464.82,304.875,1081,2941,1184,2964,1294,1768
6333808,455.38,304.125,465.22,305.175,1085,2953,1188,2968,1294,1766
6333810,455.06,303.3,465.46,305.4,1082,2943,1191,2970,1296,1768
6333812,455.3,302.325,465.06,305.625,1085,2932,1187,2972,1296,1767
6333814,455.7,302.625,464.98,305.325,1089,2936,1187,2969,1299,1763
6333816,455.46,302.775,464.9,304.65,1087,2937,1186,2961,1297,1766
6333818,454.82,302.85,464.58,304.65,1081,2938,1183,2961,1297,1766
6333820,454.58,302.325,464.58,304.725,1079,2932,1183,2962,1292,1762
6333822,454.9,303,464.98,304.95,1082,2939,1188,2964,1296,1763
6333824,454.58,302.25,464.1,305.325,1079,2931,1178,2968,1292,1766
6333826,454.34,303.15,464.5,305.025,1076,2940,1183,2964,1293,1767
6333828,454.98,302.85,464.82,305.1,1084,2938,1187,2966,1297,1763
6333830,454.58,302.925,464.18,305.325,1079,2937,1179,2967,1293,1766
6333832,454.18,303.525,464.02,305.325,1074,2944,1178,2967,1301,1767
6333834,454.98,303.375,464.5,305.475,1083,2943,1183,2969,1300,1766
6333836,454.98,302.85,464.58,305.1,1083,2937,1184,2965,1294,1762
6333838,454.5,303.975,464.42,305.4,1078,2949,1182,2968,1299,1763
6333840,454.5,303.45,464.42,305.325,1079,2943,1182,2967,1291,1761
6333842,454.74,302.475,464.26,305.25,1082,2933,1181,2966,1295,1763
6333844,454.34,302.475,463.94,305.25,1077,2932,1177,2966,1295,1764
6333846,454.42,303.3,464.18,305.025,1078,2942,1180,2963,1294,1763
6333848,454.34,303.9,464.34,305.1,1077,2948,1182,2965,1296,1758
6333850,454.5,303.975,464.1,305.325,1078,2948,1179,2967,1294,1765
6333852,454.82,303.6,464.42,305.4,1082,2944,1182,2968,1301,1761
6333854,453.94,303.075,463.54,305.625,1072,2939,1173,2970,1299,1767
6333856,453.7,303.675,463.86,305.7,1070,2945,1176,2971,1307,1765
6333858,454.74,304.2,463.86,305.475,1080,2952,1176,2969,1305,1766
6333860,454.34,304.425,463.54,305.1,1076,2954,1173,2965,1300,1763
6333862,454.34,303.975,463.46,305.475,1076,2949,1171,2969,1299,1768
6333864,454.82,303.675,463.78,306.225,1081,2946,1175,2977,1299,1767
6333866,454.18,304.35,463.7,305.775,1074,2953,1174,2972,1302,1766
6333868,454.58,304.8,463.78,305.7,1078,2958,1174,2971,1306,1762
6333870,454.74,304.425,463.46,305.925,1079,2954,1170,2974,1298,1766
6333872,454.18,303.975,463.14,305.55,1073,2949,1167,2970,1299,1766
6333874,453.94,304.725,463.38,306.075,1070,2958,1169,2975,1300,1767
6333876,453.78,305.25,463.62,305.625,1068,2963,1171,2971,1300,1767
6333878,454.5,304.35,463.3,306.3,1075,2954,1168,2978,1301,1766
6333880,453.22,304.2,463.06,305.925,1062,2952,1165,2974,1300,1765
6333882,454.02,305.1,463.22,306.45,1069,2963,1166,2981,1302,1765
6333884,454.1,305.475,463.3,305.775,1070,2967,1167,2973,1304,1768
6333886,454.1,305.175,462.82,305.7,1069,2964,1161,2973,1306,1765
6333888,454.26,304.725,462.98,305.25,1071,2959,1163,2968,1304,1764
6333890,454.1,304.35,462.9,305.775,1069,2955,1161,2973,1304,1764
6333892,454.5,305.025,463.3,305.325,1073,2963,1165,2969,1302,1767
6333894,453.54,304.875,463.78,304.5,1062,2961,1170,2961,1305,1765
6333896,454.98,304.2,463.54,304.725,1078,2954,1168,2962,1301,1765
6333898,453.94,303.75,463.7,304.125,1066,2949,1168,2957,1298,1765
6333900,454.82,302.4,463.22,303.15,1076,2934,1163,2946,1302,1765
6333902,453.7,301.125,463.06,302.25,1063,2920,1162,2936,1299,1762
6333904,453.86,301.875,462.42,301.875,1065,2929,1155,2931,1292,1763
6333906,454.1,299.925,462.5,301.65,1067,2907,1155,2929,1293,1761
6333908,453.7,300.6,462.26,301.125,1063,2914,1153,2923,1294,1763
6333910,454.1,300.15,462.66,301.05,1067,2910,1156,2923,1292,1760
6333912,454.18,299.325,462.34,300.525,1068,2901,1153,2917,1292,1764
6333914,453.62,298.35,462.02,301.125,1061,2890,1149,2924,1288,1765
6333916,452.98,298.875,461.7,300.6,1055,2895,1146,2917,1294,1764
6333918,454.1,300.6,462.18,300.525,1065,2915,1151,2917,1288,1761
6333920,453.7,299.625,461.78,300.6,1062,2904,1146,2917,1288,1764
6333922,454.26,299.325,461.94,300.75,1067,2901,1148,2919,1291,1763
6333924,454.42,300.9,462.1,300.675,1068,2918,1149,2918,1292,1764
6333926,454.98,300.15,462.18,301.125,1074,2909,1150,2922,1289,1762
6333928,454.1,300,462.02,301.35,1065,2907,1147,2926,1293,1763
6333930,453.3,300.45,462.34,301.125,1056,2912,1151,2922,1296,1763
6333932,455.14,300.075,461.94,301.125,1075,2908,1147,2923,1295,1764
6333934,454.1,300.825,462.5,301.2,1064,2916,1152,2923,1298,1762
6333936,454.82,300.75,462.26,301.05,1071,2915,1149,2921,1294,1764
6333938,454.26,300.45,462.34,301.575,1065,2912,1149,2927,1294,1764
6333940,454.74,300.9,462.34,301.05,1070,2917,1150,2921,1294,1763
6333942,454.26,300.3,462.34,301.05,1064,2910,1149,2921,1294,1764
6333944,453.94,300.525,462.26,301.05,1061,2912,1149,2921,1292,1765
6333946,454.26,300.975,462.74,301.725,1064,2917,1153,2928,1298,1764
6333948,454.58,300.075,462.5,300.9,1068,2907,1151,2919,1295,1765
6333950,454.1,299.7,462.5,301.2,1062,2903,1150,2922,1292,1766
6333952,454.26,299.775,462.74,300.9,1064,2904,1153,2919,1298,1766
6333954,454.34,300.45,463.3,301.275,1064,2910,1158,2923,1299,1768
6333956,453.94,300.825,462.42,301.5,1060,2915,1150,2925,1302,1765
6333958,454.1,300.9,462.9,301.65,1062,2916,1154,2926,1302,1767
6333960,453.94,300.75,462.9,301.35,1060,2914,1154,2924,1304,1766
6333962,454.74,300.825,462.9,301.35,1068,2915,1154,2923,1304,1766
6333964,454.66,300.975,463.54,301.2,1068,2917,1161,2922,1300,1766
6333966,455.14,300.45,463.14,301.425,1072,2911,1156,2924,1297,1768
6333968,454.34,301.125,462.82,300.825,1063,2918,1153,2918,1303,1769
6333970,454.66,299.775,463.22,300.9,1068,2903,1157,2918,1299,1768
6333972,454.18,300.15,463.3,301.5,1062,2907,1158,2925,1303,1768
6333974,454.5,300.3,463.78,301.65,1065,2909,1162,2926,1302,1768
6333976,454.34,300.9,463.22,300.975,1064,2915,1157,2919,1303,1768
6333978,454.58,300.375,463.54,301.575,1066,2910,1160,2926,1297,1767
6333980,454.74,299.475,463.46,301.425,1069,2900,1159,2924,1300,1771
6333982,455.14,300.6,462.74,301.125,1072,2912,1152,2921,1300,1767
6333984,454.66,298.65,462.98,301.2,1068,2891,1155,2922,1303,1767
6333986,454.82,299.625,463.06,301.2,1069,2901,1155,2922,1297,1766
6333988,455.22,300.3,463.14,300.975,1074,2909,1156,2919,1300,1768
6333990,454.74,299.625,463.06,301.2,1069,2902,1156,2922,1300,1769
6333992,455.14,299.775,463.14,301.275,1073,2903,1157,2923,1301,1770
6333994,454.98,301.725,463.06,300.9,1071,2925,1157,2919,1299,1768
6333996,455.38,300.075,462.82,300.9,1076,2907,1154,2919,1303,1768
6333998,454.18,300.9,462.9,301.575,1063,2915,1154,2926,1300,1767
6334000,454.42,301.125,463.06,301.125,1066,2919,1156,2921,1301,1769
6334002,454.58,300.75,463.38,301.05,1067,2914,1160,2920,1302,1771
6334004,455.22,301.125,462.82,301.725,1074,2919,1153,2928,1304,1768
6334006,453.94,301.575,463.14,301.2,1061,2923,1157,2922,1300,1767
6334008,455.14,301.725,462.82,301.275,1073,2926,1154,2923,1298,1767
6334010,454.9,300.6,462.98,301.275,1072,2913,1156,2924,1295,1767
6334012,454.02,300.825,462.98,301.65,1062,2915,1156,2928,1302,1768
6334014,454.18,300.975,463.06,301.125,1064,2918,1157,2923,1305,1767
6334016,454.66,300.675,462.98,301.425,1069,2914,1157,2925,1300,1767
6334018,453.86,301.35,462.9,301.65,1061,2921,1156,2928,1300,1766
6334020,454.02,301.95,462.98,301.5,1062,2929,1157,2927,1296,1769
6334022,454.82,301.575,462.9,301.65,1072,2925,1156,2928,1295,1768
6334024,454.02,301.5,463.06,301.8,1063,2924,1158,2930,1306,1767
6334026,454.34,302.175,462.98,301.8,1067,2932,1158,2931,1299,1768
6334028,454.1,300.6,463.38,301.95,1065,2914,1161,2932,1303,1770
6334030,453.3,300.9,463.14,302.1,1056,2918,1159,2934,1304,1767
6334032,454.98,302.25,463.22,301.65,1074,2933,1160,2930,1305,1768
6334034,453.62,302.25,462.9,302.625,1059,2932,1157,2940,1301,1776
6334036,454.58,301.575,463.14,302.025,1070,2926,1159,2934,1304,1769
6334038,455.3,301.875,463.22,301.575,1077,2930,1161,2929,1301,1772
6334040,454.02,300.6,462.66,301.725,1065,2915,1155,2931,1303,1769
6334042,453.38,302.025,463.3,301.8,1057,2931,1162,2932,1301,1769
6334044,455.54,300.9,463.3,301.8,1081,2920,1162,2932,1304,1774
6334046,454.34,300.825,463.14,302.025,1069,2918,1161,2935,1301,1770
6334048,454.26,301.725,463.22,301.95,1067,2928,1161,2934,1302,1769
6334050,455.14,301.95,462.82,302.4,1077,2932,1157,2940,1306,1772
6334052,454.5,301.05,463.22,302.475,1070,2922,1162,2941,1302,1772
6334054,454.42,301.575,462.9,302.175,1069,2928,1159,2938,1305,1773
6334056,454.9,301.275,462.82,302.775,1075,2925,1158,2944,1311,1770
6334058,454.18,302.85,462.74,302.625,1067,2942,1157,2943,1307,1772
6334060,454.82,302.1,462.34,302.775,1074,2934,1153,2944,1304,1771
6334062,454.34,303,462.82,302.175,1069,2944,1159,2938,1308,1771
6334064,453.78,302.025,462.82,302.7,1064,2933,1159,2944,1311,1772
6334066,455.3,301.575,462.26,302.85,1081,2929,1153,2946,1310,1773
6334068,454.34,302.55,462.98,301.95,1070,2939,1161,2936,1309,1773
6334070,454.5,301.8,462.5,302.475,1073,2932,1157,2942,1308,1771
6334072,454.58,302.25,462.66,302.55,1073,2937,1158,2943,1309,1772
6334074,454.02,302.625,462.74,302.925,1068,2941,1159,2947,1310,1774
6334076,454.9,301.95,462.66,302.025,1078,2934,1159,2937,1307,1773
6334078,454.66,302.25,462.34,302.4,1075,2937,1156,2942,1307,1771
6334080,454.26,303.225,462.74,302.025,1071,2948,1160,2938,1309,1773
6334082,454.82,302.925,462.9,302.25,1077,2945,1163,2941,1308,1773
6334084,454.9,302.1,462.66,301.95,1079,2936,1160,2937,1305,1776
6334086,453.54,302.025,462.82,302.7,1065,2935,1163,2945,1308,1773
6334088,454.9,301.05,462.74,302.475,1080,2924,1162,2943,1311,1773
6334090,455.14,301.95,463.06,302.4,1082,2935,1166,2942,1306,1775
6334092,453.94,301.275,462.82,301.65,1070,2927,1164,2934,1305,1773
6334094,454.1,300.9,462.9,302.1,1073,2923,1165,2939,1306,1775
6334096,455.22,301.275,462.66,301.95,1084,2927,1163,2938,1305,1777
6334098,454.5,301.2,462.66,302.175,1078,2926,1164,2940,1304,1771
6334100,454.9,301.2,462.9,301.95,1082,2927,1166,2938,1306,1775
6334102,455.14,300.675,463.22,301.5,1085,2921,1170,2933,1305,1773
6334104,454.26,300.45,463.22,301.5,1077,2918,1170,2933,1303,1773
6334106,455.22,300.6,462.9,301.5,1087,2921,1168,2933,1303,1772
6334108,453.94,301.65,462.74,301.95,1074,2932,1166,2938,1303,1774
6334110,454.58,300.9,462.34,301.95,1082,2923,1163,2937,1303,1773
6334112,455.38,300.9,463.14,301.65,1090,2924,1172,2934,1302,1773
6334114,454.34,301.05,462.98,301.5,1080,2925,1170,2933,1302,1773
6334116,455.54,301.575,462.66,302.25,1092,2931,1167,2942,1307,1775
6334118,454.9,301.725,462.66,302.325,1086,2932,1168,2942,1301,1772
6334120,455.3,301.35,462.74,302.025,1091,2929,1169,2939,1305,1773
6334122,454.98,301.725,462.9,302.25,1088,2933,1172,2941,1305,1776
6334124,454.5,301.05,462.66,302.25,1084,2925,1169,2941,1302,1774
6334126,454.26,300.9,462.82,301.95,1082,2923,1171,2938,1300,1772
6334128,454.58,300.675,462.98,302.025,1086,2921,1173,2939,1301,1772
6334130,455.38,300.675,462.74,302.4,1094,2921,1171,2942,1303,1777
6334132,454.74,300.15,462.82,303,1088,2915,1172,2949,1305,1779
6334134,454.98,300.825,462.82,302.4,1091,2923,1174,2943,1300,1775
6334136,454.82,301.275,463.06,302.25,1089,2928,1176,2941,1305,1775
6334138,454.58,301.425,462.98,302.55,1088,2929,1176,2944,1302,1777
6334140,455.14,301.05,462.98,301.725,1094,2925,1177,2935,1304,1774
6334142,454.58,301.125,463.06,301.95,1089,2926,1178,2937,1302,1772
6334144,454.98,301.8,463.06,301.425,1093,2933,1178,2932,1302,1773
6334146,455.22,301.575,463.22,301.425,1097,2931,1181,2931,1301,1773
6334148,454.5,300.825,463.06,301.35,1089,2922,1179,2931,1301,1773
6334150,454.58,301.125,462.98,300.975,1091,2925,1180,2927,1302,1773
6334152,454.34,300.6,463.22,301.05,1089,2920,1182,2928,1299,1773
6334154,455.46,300,463.22,301.5,1101,2913,1183,2933,1302,1773
6334156,454.98,300.45,463.62,301.35,1097,2918,1187,2931,1305,1774
6334158,453.94,300.525,463.46,301.125,1086,2919,1187,2929,1306,1772
6334160,454.66,300.225,463.54,301.35,1094,2915,1187,2930,1303,1772
6334162,455.3,299.85,464.1,300.825,1102,2912,1194,2925,1301,1773
6334164,454.5,300.075,463.54,300.825,1093,2913,1189,2925,1304,1775
6334166,455.06,300.675,463.46,301.2,1100,2920,1188,2929,1303,1771
6334168,454.98,301.275,463.7,301.05,1099,2926,1191,2927,1304,1773
6334170,454.9,300.825,463.54,301.05,1099,2922,1189,2927,1302,1773
6334172,455.3,301.05,463.78,301.125,1103,2924,1192,2928,1304,1771
6334174,453.94,300.825,464.02,301.95,1090,2921,1195,2937,1304,1772
6334176,453.86,301.05,463.7,301.05,1089,2924,1192,2927,1302,1772
6334178,454.1,301.275,463.94,301.575,1091,2927,1195,2933,1302,1768
6334180,454.66,300.6,464.18,301.575,1097,2919,1197,2933,1303,1771
6334182,454.02,301.425,464.18,302.4,1091,2928,1197,2943,1303,1766
6334184,454.1,301.8,464.42,301.575,1091,2932,1200,2934,1299,1769
6334186,454.5,301.425,464.26,302.625,1096,2928,1199,2945,1301,1773
6334188,453.62,301.125,464.02,302.775,1087,2925,1195,2946,1301,1771
6334190,453.7,301.05,463.94,303.3,1088,2925,1195,2952,1294,1766
6334192,452.9,301.2,464.34,303.6,1080,2926,1199,2956,1295,1768
6334194,452.9,301.425,465.06,303.075,1079,2928,1207,2951,1296,1768
6334196,453.54,301.2,464.26,304.125,1086,2927,1198,2963,1298,1769
6334198,453.22,302.175,464.58,303.975,1082,2937,1201,2961,1294,1767
6334200,453.3,301.425,464.26,303.3,1083,2929,1198,2954,1297,1764
6334202,453.14,302.175,464.5,303.825,1081,2938,1200,2960,1295,1765
6334204,452.74,301.275,464.82,303.75,1077,2928,1203,2959,1296,1766
6334206,452.9,302.1,464.66,302.85,1078,2938,1202,2949,1292,1765
6334208,452.34,301.125,464.66,303.225,1073,2926,1201,2953,1293,1761
6334210,453.7,302.85,465.46,303.15,1085,2946,1209,2954,1295,1764
6334212,453.38,301.65,465.06,303.075,1082,2933,1205,2952,1293,1763
6334214,453.22,301.725,464.9,303.9,1080,2934,1202,2962,1292,1765
6334216,453.38,301.575,465.14,303.9,1082,2933,1205,2962,1291,1768
6334218,454.34,301.2,464.82,303.525,1091,2930,1201,2959,1292,1764
6334220,454.34,301.575,464.58,303.525,1091,2934,1198,2959,1291,1760
6334222,453.3,302.25,464.9,303.6,1080,2941,1202,2960,1287,1761
6334224,454.1,301.2,464.26,304.05,1089,2929,1194,2964,1286,1761
6334226,454.58,302.7,464.18,303.75,1092,2946,1193,2962,1286,1755
6334228,455.78,302.925,463.62,303.75,1104,2949,1187,2961,1289,1755
6334230,456.42,303.075,464.18,303.45,1111,2952,1192,2958,1286,1757
6334232,458.1,302.55,463.46,303.675,1129,2946,1185,2961,1287,1756
6334234,458.74,303.225,463.22,304.2,1134,2955,1181,2966,1285,1753
6334236,459.78,302.4,462.58,303.825,1145,2946,1174,2962,1283,1755
6334238,461.54,303.375,462.5,303.3,1162,2957,1172,2956,1278,1749
6334240,463.54,303.675,460.9,304.5,1183,2961,1155,2969,1276,1748
6334242,466.02,303.525,460.82,305.175,1208,2960,1153,2977,1279,1747
6334244,467.86,302.625,459.62,305.175,1227,2951,1140,2976,1278,1749
6334246,470.02,302.1,459.54,304.35,1250,2946,1138,2967,1278,1745
6334248,471.7,302.325,458.18,306.525,1267,2949,1123,2990,1277,1732
6334250,472.82,304.725,457.7,308.4,1277,2975,1116,3011,1269,1720
6334252,475.38,309.675,457.22,307.95,1302,3031,1111,3006,1245,1711
6334254,478.58,320.475,458.82,314.1,1332,3151,1125,3074,1196,1680
6334256,480.9,332.325,457.06,328.725,1353,3283,1102,3235,1145,1619
6334258,480.74,356.775,453.62,348.525,1343,3554,1058,3452,1066,1531
6334260,481.78,387.45,450.5,374.775,1345,3899,1016,3745,965,1415
6334262,479.86,405.9,447.78,400.875,1318,4106,977,4037,888,1297
6334264,484.1,432.6,443.78,428.4,1356,4412,925,4349,799,1154
6334266,484.74,464.325,440.98,460.875,1353,4777,882,4719,688,1007
6334268,485.38,487.575,436.26,490.35,1352,5046,819,5059,612,858
6334270,492.18,516.9,429.86,522.3,1416,5391,737,5429,507,711
6334272,502.74,540.075,425.7,552.15,1525,5669,679,5779,418,569
6334274,508.02,558.75,NaN,NaN,1577,5892,NaN,NaN,338,0
6334276,NaN,NaN,406.74,604.35,NaN,NaN,446,6393,0,309
6334278,NaN,NaN,406.74,604.35,NaN,NaN,446,6393,0,309
6334280,NaN,NaN,NaN,NaN,NaN,NaN,NaN,NaN,0,0
6334282,NaN,NaN,NaN,NaN,NaN,NaN,NaN,NaN,0,0
6334284,NaN,NaN,NaN,NaN,NaN,NaN,NaN,NaN,0,0
6334286,NaN,NaN,NaN,NaN,NaN,NaN,NaN,NaN,0,0
6334288,NaN,NaN,NaN,NaN,NaN,NaN,NaN,NaN,0,0
6334290,NaN,NaN,NaN,NaN,NaN,NaN,NaN,NaN,0,0
6334292,NaN,NaN,NaN,NaN,NaN,NaN,NaN,NaN,0,0
6334294,NaN,NaN,NaN,NaN,NaN,NaN,NaN,NaN,0,0
6334296,NaN,NaN,NaN,NaN,NaN,NaN,NaN,NaN,0,0
6334298,NaN,NaN,NaN,NaN,NaN,NaN,NaN,NaN,0,0
6334300,NaN,NaN,NaN,NaN,NaN,NaN,NaN,NaN,0,0
6334302,NaN,NaN,NaN,NaN,NaN,NaN,NaN,NaN,0,0
6334304,NaN,NaN,NaN,NaN,NaN,NaN,NaN,NaN,0,0
6334306,NaN,NaN,NaN,NaN,NaN,NaN,NaN,NaN,0,0
6334308,NaN,NaN,NaN,NaN,NaN,NaN,NaN,NaN,0,0
6334310,NaN,NaN,NaN,NaN,NaN,NaN,NaN,NaN,0,0
6334312,NaN,NaN,NaN,NaN,NaN,NaN,NaN,NaN,0,0
6334314,NaN,NaN,NaN,NaN,NaN,NaN,NaN,NaN,0,0
6334316,NaN,NaN,NaN,NaN,NaN,NaN,NaN,NaN,0,0
6334318,NaN,NaN,NaN,NaN,NaN,NaN,NaN,NaN,0,0
6334320,NaN,NaN,NaN,NaN,NaN,NaN,NaN,NaN,0,0
6334322,NaN,NaN,NaN,NaN,NaN,NaN,NaN,NaN,0,0
6334324,NaN,NaN,NaN,NaN,NaN,NaN,NaN,NaN,0,0
6334326,NaN,NaN,NaN,NaN,NaN,NaN,NaN,NaN,0,0
6334328,NaN,NaN,NaN,NaN,NaN,NaN,NaN,NaN,0,0
6334330,NaN,NaN,NaN,NaN,NaN,NaN,NaN,NaN,0,0
6334332,NaN,NaN,NaN,NaN,NaN,NaN,NaN,NaN,0,0
6334334,NaN,NaN,NaN,NaN,NaN,NaN,NaN,NaN,0,0
6334336,NaN,NaN,NaN,NaN,NaN,NaN,NaN,NaN,0,0
6334338,NaN,NaN,NaN,NaN,NaN,NaN,NaN,NaN,0,0
6334340,NaN,NaN,NaN,NaN,NaN,NaN,NaN,NaN,0,0
6334342,NaN,NaN,NaN,NaN,NaN,NaN,NaN,NaN,0,0
6334344,NaN,NaN,NaN,NaN,NaN,NaN,NaN,NaN,0,0
6334346,NaN,NaN,NaN,NaN,NaN,NaN,NaN,NaN,0,0
6334348,NaN,NaN,NaN,NaN,NaN,NaN,NaN,NaN,0,0
6334350,NaN,NaN,NaN,NaN,NaN,NaN,NaN,NaN,0,0
6334352,NaN,NaN,NaN,NaN,NaN,NaN,NaN,NaN,0,0
6334354,NaN,NaN,NaN,NaN,NaN,NaN,NaN,NaN,0,0
6334356,NaN,NaN,NaN,NaN,NaN,NaN,NaN,NaN,0,0
6334358,548.58,567.3,NaN,NaN,2005,5999,NaN,NaN,176,0
6334360,548.58,567.3,NaN,NaN,2005,5999,NaN,NaN,176,0
6334362,503.86,547.95,445.46,613.2,1519,5749,855,6504,285,254
6334364,459.14,527.7,445.38,613.2,1037,5490,855,6504,394,254
6334366,459.94,508.05,445.38,613.2,1052,5261,855,6504,452,254
6334368,460.74,488.325,NaN,NaN,1068,5031,NaN,NaN,512,0
6334370,458.02,472.275,455.94,563.925,1044,4844,989,5918,578,487
6334372,454.9,458.325,457.7,546.825,1016,4681,1015,5716,621,567
6334374,451.78,444.375,459.46,529.575,987,4519,1040,5512,666,649
6334376,450.98,430.35,461.14,512.55,983,4359,1064,5314,718,731
6334378,450.18,420.9,462.02,492.975,978,4251,1080,5085,759,822
6334380,451.14,408.375,464.58,476.925,992,4110,1113,4900,813,895
6334382,451.62,390.45,466.02,459.975,1004,3908,1135,4705,869,968
6334384,450.66,385.95,468.98,442.575,996,3856,1173,4507,896,1050
6334386,452.34,368.7,471.62,431.25,1019,3664,1204,4378,946,1101
6334388,452.9,357.975,471.06,415.05,1029,3544,1204,4194,975,1170
6334390,454.82,348.75,472.74,399.45,1053,3442,1227,4018,1015,1242
6334392,453.3,339.075,473.86,385.2,1040,3334,1243,3858,1051,1308
6334394,454.34,326.25,476.5,374.85,1056,3193,1274,3742,1086,1355
6334396,455.94,318.825,478.18,362.1,1075,3112,1296,3600,1120,1406
6334398,457.14,313.875,477.94,348.6,1089,3057,1298,3449,1141,1465
6334400,457.62,307.575,479.3,337.05,1097,2989,1316,3322,1166,1518
6334402,457.14,299.625,480.42,327.225,1095,2901,1331,3214,1186,1558
6334404,457.14,296.325,480.74,316.575,1096,2866,1338,3096,1204,1606
6334406,456.34,294.9,480.42,308.55,1088,2849,1337,3008,1217,1652
6334408,456.66,289.65,479.94,301.875,1093,2792,1334,2934,1227,1677
6334410,455.3,288.45,479.54,296.1,1080,2778,1331,2871,1238,1704
6334412,455.3,288.075,478.82,293.1,1079,2775,1325,2839,1238,1720
6334414,455.38,287.4,478.34,292.35,1081,2768,1320,2830,1246,1726
6334416,455.86,286.125,478.1,291.9,1086,2754,1318,2825,1251,1727
6334418,455.54,287.925,477.86,291.75,1082,2774,1315,2824,1244,1728
6334420,455.3,287.25,476.9,292.125,1080,2766,1305,2828,1248,1736
6334422,455.78,287.775,476.82,291.975,1085,2773,1305,2826,1247,1733
6334424,456.18,288.975,476.58,292.5,1088,2785,1302,2831,1249,1736
6334426,456.34,288.6,476.58,293.775,1090,2782,1302,2846,1248,1742
6334428,455.46,288.075,476.5,294.075,1082,2776,1301,2849,1246,1742
6334430,455.22,289.35,476.66,294.45,1079,2790,1302,2853,1252,1741
6334432,454.42,291.675,476.66,294.3,1070,2814,1302,2852,1255,1743
6334434,455.54,290.55,476.42,294.225,1082,2803,1300,2851,1250,1744
